*************************************************
******************* ORCA 6.0.1 ******************
*************************************************
$Calculation_Status
   &GeometryIndex 1
   &ListStatus       OUT
   &VERSION [&Type "String"] "6.0.1"
   &PROGNAME [&Type "String"] "LeanSCF"
   &STATUS [&Type "String"] "NORMAL TERMINATION"
$End
$Geometry
   &GeometryIndex 1
   &ListStatus       OUT
   &NATOMS [&Type "Integer"] 24
   &NCORELESSECP [&Type "Integer"] 0
   &NGHOSTATOMS [&Type "Integer"] 0
   &CartesianCoordinates [&Type "Coordinates", &Dim(24,4), &Units "Bohr"] 
              C    100.563665942753   56.646430590423  114.952040726430
              H    101.720178336713   55.758259307480  116.435475741558
              H    101.230739268028   58.547495081148  114.477719466816
              C     97.995528126754   57.185002538591  116.087766132916
              C     96.718073260224   59.817391043143  115.592657885829
              O     98.057889089174   61.554049360217  114.679920163145
              O     94.439063542715   60.002584204268  116.144457916934
              O     96.922163682687   55.646765465579  117.397346343724
              C     96.151155420047   53.314843416320  111.990839874575
              H     94.667720404919   51.916446077219  112.313983043476
              C     98.509533635181   52.942567367938  112.797752933760
              H     99.057554214018   51.256931656480  113.842771485818
              C    100.535320050745   54.907882547216  112.485948121663
              C     99.923048783354   56.691784017638  110.352447316465
              H    101.548213258526   57.699008047018  109.577659601558
              C     97.560891115952   57.103744314832  109.573880149290
              H     97.143261640356   58.534266998211  108.141467739778
              C     95.331014277925   55.656214096249  110.598111713875
              H     94.272767642929   56.892094987833  111.924699459888
              O     93.741754599298   54.953235974430  108.566656119910
              H     91.933286689135   55.463462030589  108.937042442158
              C    103.207392804109   53.573735896667  112.024854944986
              O    103.556992138885   51.445904269872  113.005622808491
              O    104.790983304335   54.722689386092  110.686928842169
$End
$SCF_Energy
   &GeometryIndex 1
   &ListStatus       OUT
   &SCF_ENERGY [&Type "Double"]      -8.3611491050170685e+02
$End
$DFT_Energy
   &GeometryIndex 1
   &ListStatus       OUT
   &NALPHAEL [&Type "Integer"] 59
   &NBETAEL [&Type "Integer"] 59
   &NTOTALEL [&Type "Integer"] 118
   &EEXCHANGE [&Type "Double"]      -8.3128622124171272e+01
   &ECORR [&Type "Double"]      -4.8450266133940909e+00
   &ECNL [&Type "Double"]       0.0000000000000000e+00
   &EXC [&Type "Double"]      -8.7973648737565370e+01
   &EEMBED [&Type "Double"]       0.0000000000000000e+00
   &FINALEN [&Type "Double"]      -8.3611491050170685e+02  "No Van der Waals correction"
$End
$Mulliken_Population_Analysis
   &GeometryIndex 1
   &ListStatus       OUT
   &NATOMS [&Type "Integer"] 24
   &ATNO [&Type "ArrayOfIntegers", &Dim (24,1)] 
                                                         0

0                                                        6
1                                                        1
2                                                        1
3                                                        6
4                                                        6
5                                                        8
6                                                        8
7                                                        8
8                                                        6
9                                                        1
10                                                       6
11                                                       1
12                                                       6
13                                                       6
14                                                       1
15                                                       6
16                                                       1
17                                                       6
18                                                       1
19                                                       8
20                                                       1
21                                                       6
22                                                       8
23                                                       8
   &ATOMICCHARGES [&Type "ArrayOfDoubles", &Dim (24,1)] 
                                                         0

0                                      2.4780517620023179e-01
1                                     -4.8489395418453984e-02
2                                     -2.2620886432052512e-02
3                                     -8.6476639225402607e-02
4                                      6.8815774261837603e-02
5                                     -3.9470833592377019e-01
6                                     -4.0155828192374088e-01
7                                     -2.4125893882371408e-01
8                                     -6.3412275108469807e-02
9                                     -9.4704430592584377e-02
10                                     7.0297568594450688e-02
11                                    -5.3156838931184502e-02
12                                    -2.2718709666576764e-01
13                                     6.4076633334461341e-02
14                                    -4.3290204812731048e-02
15                                    -6.1345334885377412e-02
16                                    -8.3131547604592182e-02
17                                     2.8211365243752962e-01
18                                     1.5639354955966134e-02
19                                    -3.5991035038648533e-01
20                                     1.4609813586811637e-01
21                                     1.0025608204775871e-01
22                                    -4.0841744559097393e-01
23                                    -4.0543437537501426e-01
$End
$Loewdin_Population_Analysis
   &GeometryIndex 1
   &ListStatus       OUT
   &NATOMS [&Type "Integer"] 24
   &ATNO [&Type "ArrayOfIntegers", &Dim (24,1)] 
                                                         0

0                                                        6
1                                                        1
2                                                        1
3                                                        6
4                                                        6
5                                                        8
6                                                        8
7                                                        8
8                                                        6
9                                                        1
10                                                       6
11                                                       1
12                                                       6
13                                                       6
14                                                       1
15                                                       6
16                                                       1
17                                                       6
18                                                       1
19                                                       8
20                                                       1
21                                                       6
22                                                       8
23                                                       8
   &ATOMICCHARGES [&Type "ArrayOfDoubles", &Dim (24,1)] 
                                                         0

0                                     -3.7147817851311160e-02
1                                      1.1197703372308410e-02
2                                      1.8254443700141842e-02
3                                      3.2449131458332836e-02
4                                     -8.7064275744030972e-02
5                                     -3.6679224543964750e-01
6                                     -3.6340224472222715e-01
7                                     -1.7679887766838043e-01
8                                     -8.0247622663144114e-02
9                                     -9.2028529184913221e-03
10                                     4.7269779954275393e-03
11                                     8.6420486161800092e-03
12                                    -8.1268412719417427e-02
13                                     9.7597576691716981e-03
14                                     1.1454639114821141e-02
15                                    -7.7318477952815101e-02
16                                    -3.8219830094892160e-03
17                                     4.8122867021363369e-02
18                                     1.6399114308187190e-02
19                                    -1.7993508003957182e-01
20                                     7.8918345627453479e-02
21                                    -2.2704341431490249e-02
22                                    -3.7774587198485321e-01
23                                    -3.7647492473846533e-01
$End
$Mayer_Population_Analysis
   &GeometryIndex 1
   &ListStatus       OUT
   &NATOMS [&Type "Integer"] 24 "Total number of atoms"
   &BONDTHRESH [&Type "Double"]       1.0000000000000001e-01  "The threshold for printing"
   &NBONDORDERSPRINT [&Type "Integer"] 26 "The number of bond orders larger than threshold"
   &BONDORDERS [&Type "ArrayOfDoubles", &Dim (26,1)] "The bond orders"
                                                         0

0                                      8.8521502720347234e-01
1                                      8.8900752201254740e-01
2                                      9.7486596502444678e-01
3                                      9.9082259593654487e-01
4                                      7.8952113061518858e-01
5                                      2.0855863607338350e+00
6                                      1.8179224612383778e+00
7                                      1.8399688215774401e+00
8                                      1.3536504521210496e-01
9                                      9.5669568758240542e-01
10                                     1.8525701742504892e+00
11                                     9.7840778846752419e-01
12                                     9.5930282773939624e-01
13                                     9.9485613053706090e-01
14                                     9.8281242132902258e-01
15                                     7.6599827443080304e-01
16                                     9.5414102217660957e-01
17                                     1.8631684378766735e+00
18                                     9.5879554437213133e-01
19                                     9.7702096583071707e-01
20                                     8.6864398082483441e-01
21                                     9.7585885856008847e-01
22                                     9.7400575363664932e-01
23                                     1.8569525509106333e+00
24                                     1.8759235046573239e+00
25                                     1.1569037930532650e-01
   &COMPONENTS [&Type "ArrayOfIntegers", &Dim (26,4)] "The indices and atomic numbers of the bonding atoms"
                                                         0                           1                           2                           3

0                                                        0                           6                           1                           1
1                                                        0                           6                           2                           1
2                                                        0                           6                           3                           6
3                                                        0                           6                          12                           6
4                                                        3                           6                           4                           6
5                                                        3                           6                           7                           8
6                                                        4                           6                           5                           8
7                                                        4                           6                           6                           8
8                                                        5                           8                           6                           8
9                                                        8                           6                           9                           1
10                                                       8                           6                          10                           6
11                                                       8                           6                          17                           6
12                                                      10                           6                          11                           1
13                                                      10                           6                          12                           6
14                                                      12                           6                          13                           6
15                                                      12                           6                          21                           6
16                                                      13                           6                          14                           1
17                                                      13                           6                          15                           6
18                                                      15                           6                          16                           1
19                                                      15                           6                          17                           6
20                                                      17                           6                          18                           1
21                                                      17                           6                          19                           8
22                                                      19                           8                          20                           1
23                                                      21                           6                          22                           8
24                                                      21                           6                          23                           8
25                                                      22                           8                          23                           8
   &ATNO [&Type "ArrayOfIntegers", &Dim (24,1)] "Atomic number of the elements"
                                                         0

0                                                        6
1                                                        1
2                                                        1
3                                                        6
4                                                        6
5                                                        8
6                                                        8
7                                                        8
8                                                        6
9                                                        1
10                                                       6
11                                                       1
12                                                       6
13                                                       6
14                                                       1
15                                                       6
16                                                       1
17                                                       6
18                                                       1
19                                                       8
20                                                       1
21                                                       6
22                                                       8
23                                                       8
   &NA [&Type "ArrayOfDoubles", &Dim (24,1)] "Mulliken gross atomic population"
                                                         0

0                                      5.7521948237997638e+00
1                                      1.0484893954184547e+00
2                                      1.0226208864320523e+00
3                                      6.0864766392254008e+00
4                                      5.9311842257381580e+00
5                                      8.3947083359237720e+00
6                                      8.4015582819237355e+00
7                                      8.2412589388237159e+00
8                                      6.0634122751084698e+00
9                                      1.0947044305925846e+00
10                                     5.9297024314055493e+00
11                                     1.0531568389311843e+00
12                                     6.2271870966657659e+00
13                                     5.9359233666655431e+00
14                                     1.0432902048127310e+00
15                                     6.0613453348853774e+00
16                                     1.0831315476045920e+00
17                                     5.7178863475624695e+00
18                                     9.8436064504403409e-01
19                                     8.3599103503864836e+00
20                                     8.5390186413188363e-01
21                                     5.8997439179522440e+00
22                                     8.4084174455909722e+00
23                                     8.4054343753750143e+00
   &ZA [&Type "ArrayOfDoubles", &Dim (24,1)] "Total nuclear charge"
                                                         0

0                                      6.0000000000000000e+00
1                                      1.0000000000000000e+00
2                                      1.0000000000000000e+00
3                                      6.0000000000000000e+00
4                                      6.0000000000000000e+00
5                                      8.0000000000000000e+00
6                                      8.0000000000000000e+00
7                                      8.0000000000000000e+00
8                                      6.0000000000000000e+00
9                                      1.0000000000000000e+00
10                                     6.0000000000000000e+00
11                                     1.0000000000000000e+00
12                                     6.0000000000000000e+00
13                                     6.0000000000000000e+00
14                                     1.0000000000000000e+00
15                                     6.0000000000000000e+00
16                                     1.0000000000000000e+00
17                                     6.0000000000000000e+00
18                                     1.0000000000000000e+00
19                                     8.0000000000000000e+00
20                                     1.0000000000000000e+00
21                                     6.0000000000000000e+00
22                                     8.0000000000000000e+00
23                                     8.0000000000000000e+00
   &QA [&Type "ArrayOfDoubles", &Dim (24,1)] "Mulliken gross atomic charge"
                                                         0

0                                      2.4780517620023623e-01
1                                     -4.8489395418454651e-02
2                                     -2.2620886432052290e-02
3                                     -8.6476639225400831e-02
4                                      6.8815774261842044e-02
5                                     -3.9470833592377197e-01
6                                     -4.0155828192373555e-01
7                                     -2.4125893882371585e-01
8                                     -6.3412275108469807e-02
9                                     -9.4704430592584599e-02
10                                     7.0297568594450688e-02
11                                    -5.3156838931184280e-02
12                                    -2.2718709666576586e-01
13                                     6.4076633334456901e-02
14                                    -4.3290204812731048e-02
15                                    -6.1345334885377412e-02
16                                    -8.3131547604591960e-02
17                                     2.8211365243753050e-01
18                                     1.5639354955965912e-02
19                                    -3.5991035038648356e-01
20                                     1.4609813586811637e-01
21                                     1.0025608204775605e-01
22                                    -4.0841744559097215e-01
23                                    -4.0543437537501426e-01
   &VA [&Type "ArrayOfDoubles", &Dim (24,1)] "Mayer's total valence"
                                                         0

0                                      3.7247913543241693e+00
1                                      1.0101489885387509e+00
2                                      1.0631099424715125e+00
3                                      4.0031501593018017e+00
4                                      4.4588873009904564e+00
5                                      2.0871413508702084e+00
6                                      2.0726259186574669e+00
7                                      2.2055765271390411e+00
8                                      3.8903917861704604e+00
9                                      9.8438860993830468e-01
10                                     3.8846393809737267e+00
11                                     1.0425003329159126e+00
12                                     3.7363626082623700e+00
13                                     3.8878735381476082e+00
14                                     1.0421852776139742e+00
15                                     3.8834997670543854e+00
16                                     9.8655002434734651e-01
17                                     3.8006228768661563e+00
18                                     1.0281154740910938e+00
19                                     1.9958246176746526e+00
20                                     1.0182788511312502e+00
21                                     4.5130432029156360e+00
22                                     2.0758533901082319e+00
23                                     2.0856152761869109e+00
   &BVA [&Type "ArrayOfDoubles", &Dim (24,1)] "Mayer's bonded valence"
                                                         0

0                                      3.7247913543241760e+00
1                                      1.0101489885387402e+00
2                                      1.0631099424715114e+00
3                                      4.0031501593017556e+00
4                                      4.4588873009904697e+00
5                                      2.0871413508702901e+00
6                                      2.0726259186574687e+00
7                                      2.2055765271390282e+00
8                                      3.8903917861703965e+00
9                                      9.8438860993829214e-01
10                                     3.8846393809737818e+00
11                                     1.0425003329159124e+00
12                                     3.7363626082623536e+00
13                                     3.8878735381476002e+00
14                                     1.0421852776139851e+00
15                                     3.8834997670543645e+00
16                                     9.8655002434734251e-01
17                                     3.8006228768661359e+00
18                                     1.0281154740910829e+00
19                                     1.9958246176746162e+00
20                                     1.0182788511312491e+00
21                                     4.5130432029156493e+00
22                                     2.0758533901081968e+00
23                                     2.0856152761869406e+00
   &FA [&Type "ArrayOfDoubles", &Dim (24,1)] "Mayer's free valence"
                                                         0

0                                      0.0000000000000000e+00
1                                      0.0000000000000000e+00
2                                      0.0000000000000000e+00
3                                      0.0000000000000000e+00
4                                      0.0000000000000000e+00
5                                      0.0000000000000000e+00
6                                      0.0000000000000000e+00
7                                      0.0000000000000000e+00
8                                      0.0000000000000000e+00
9                                      0.0000000000000000e+00
10                                     0.0000000000000000e+00
11                                     0.0000000000000000e+00
12                                     0.0000000000000000e+00
13                                     0.0000000000000000e+00
14                                     0.0000000000000000e+00
15                                     0.0000000000000000e+00
16                                     0.0000000000000000e+00
17                                     0.0000000000000000e+00
18                                     0.0000000000000000e+00
19                                     0.0000000000000000e+00
20                                     0.0000000000000000e+00
21                                     0.0000000000000000e+00
22                                     0.0000000000000000e+00
23                                     0.0000000000000000e+00
$End
$VdW_Correction
   &GeometryIndex 1
   &ListStatus       OUT
   &VDW [&Type "Double"]      -5.3778402740618403e-02
$End
$Calculation_Info
   &GeometryIndex 1
   &ListStatus       OUT
   &MULT [&Type "Integer"] 1
   &CHARGE [&Type "Integer"] -2
   &NUMOFATOMS [&Type "Integer"] 24
   &NUMOFELECTRONS [&Type "Integer"] 118
   &NUMOFFCELECTRONS [&Type "Integer"] 1
   &NUMOFCORRELECTRONS [&Type "Integer"] 0
   &NUMOFBASISFUNCTS [&Type "Integer"] 264
   &NUMOFAUXCBASISFUNCTS [&Type "Integer"] 0
   &NUMOFAUXJBASISFUNCTS [&Type "Integer"] 872
   &NUMOFAUXJKBASISFUNCTS [&Type "Integer"] 0
   &NUMOFCABSBASISFUNCTS [&Type "Integer"] 0
   &TOTALENERGY [&Type "Double"]      -8.3616868890444744e+02  "Hartrees"
$End
$SCF_Dipole_Moment
   &GeometryIndex 1
   &ListStatus       OUT
   &METHOD [&Type "String"] "SCF"
   &LEVEL [&Type "String"] "Relaxed density"
   &MULT [&Type "Integer"] 1
   &STATE [&Type "Integer"] -1
   &IRREP [&Type "Integer"] 0
   &NATOMS [&Type "Integer"] 24
   &DODIPOLEATOM [&Type "Boolean"] false
   &DIPOLEELECCONTRIB [&Type "ArrayOfDoubles", &Dim (3,1)] "Electronic contribution"
                                                         0

0                                      1.5169755181863045e+00
1                                      5.3849804778523369e-01
2                                      3.0130419901419114e+00
   &DIPOLENUCCONTRIB [&Type "ArrayOfDoubles", &Dim (3,1)] "Nuclear contribution"
                                                         0

0                                     -3.5382753714752511e+00
1                                     -1.1077983146390622e+00
2                                     -3.9232912398031630e+00
   &DIPOLETOTAL [&Type "ArrayOfDoubles", &Dim (3,1)] "Total"
                                                         0

0                                     -2.0212998532889466e+00
1                                     -5.6930026685382851e-01
2                                     -9.1024924966125154e-01
   &DIPOLEMAGNITUDE [&Type "Double", &Units "a.u."]       2.2887353685506389e+00
$End
