*************************************************
******************* ORCA 6.0.1 ******************
*************************************************
$Calculation_Status
   &GeometryIndex 1
   &ListStatus       OUT
   &VERSION [&Type "String"] "6.0.1"
   &PROGNAME [&Type "String"] "LeanSCF"
   &STATUS [&Type "String"] "NORMAL TERMINATION"
$End
$Geometry
   &GeometryIndex 1
   &ListStatus       OUT
   &NATOMS [&Type "Integer"] 24
   &NCORELESSECP [&Type "Integer"] 0
   &NGHOSTATOMS [&Type "Integer"] 0
   &CartesianCoordinates [&Type "Coordinates", &Dim(24,4), &Units "Bohr"] 
              C     91.133932534486   49.677120608522  127.150222920891
              H     91.802895585894   48.180457510456  128.422008609020
              H     92.054229161706   51.462911805077  127.605646919166
              C     88.337137856283   49.970028159280  127.592418836229
              C     86.999211753467   52.558952962752  127.186127717436
              O     88.195408396239   54.554503760173  127.630213358907
              O     84.748547927966   52.424782407243  126.486929047885
              O     87.065352168154   48.171008879787  128.242484626298
              C     87.981869343106   46.593087557962  122.652674722159
              H     86.802680235539   44.911231298772  122.503386357579
              C     90.211746181133   46.519388238739  123.824304925190
              H     90.943070194960   44.792178552335  124.678461137722
              C     91.742424349609   48.856979466400  124.332641255215
              C     91.005431157380   50.977252188660  122.580865129070
              H     92.394379865812   52.494702274198  122.431576764490
              C     88.824687198835   51.015046711338  121.305299988673
              H     88.350365939220   52.606196116100  120.071308823222
              C     86.889607637699   48.936347964025  121.462147257788
              H     85.319245220411   49.629877455174  122.662123352828
              O     85.974980188881   48.382658206786  119.013062188227
              H     84.092812959496   48.036838324278  119.103769042655
              C     94.660161500383   48.280612995554  124.170124807698
              O     95.431169763023   46.188686165303  124.954361153275
              O     96.086904731494   49.985145968351  123.317858321299
$End
$SCF_Energy
   &GeometryIndex 1
   &ListStatus       OUT
   &SCF_ENERGY [&Type "Double"]      -8.3612105333720297e+02
$End
$DFT_Energy
   &GeometryIndex 1
   &ListStatus       OUT
   &NALPHAEL [&Type "Integer"] 59
   &NBETAEL [&Type "Integer"] 59
   &NTOTALEL [&Type "Integer"] 118
   &EEXCHANGE [&Type "Double"]      -8.3137182701548880e+01
   &ECORR [&Type "Double"]      -4.8459362105752311e+00
   &ECNL [&Type "Double"]       0.0000000000000000e+00
   &EXC [&Type "Double"]      -8.7983118912124112e+01
   &EEMBED [&Type "Double"]       0.0000000000000000e+00
   &FINALEN [&Type "Double"]      -8.3612105333720297e+02  "No Van der Waals correction"
$End
$Mulliken_Population_Analysis
   &GeometryIndex 1
   &ListStatus       OUT
   &NATOMS [&Type "Integer"] 24
   &ATNO [&Type "ArrayOfIntegers", &Dim (24,1)] 
                                                         0

0                                                        6
1                                                        1
2                                                        1
3                                                        6
4                                                        6
5                                                        8
6                                                        8
7                                                        8
8                                                        6
9                                                        1
10                                                       6
11                                                       1
12                                                       6
13                                                       6
14                                                       1
15                                                       6
16                                                       1
17                                                       6
18                                                       1
19                                                       8
20                                                       1
21                                                       6
22                                                       8
23                                                       8
   &ATOMICCHARGES [&Type "ArrayOfDoubles", &Dim (24,1)] 
                                                         0

0                                      2.3404166587059816e-01
1                                     -5.2255242481600295e-02
2                                     -2.6431494939918032e-02
3                                     -4.7104980433316790e-02
4                                      8.5701724875658414e-02
5                                     -4.0686423185106158e-01
6                                     -4.0292978496055021e-01
7                                     -2.6208109763167542e-01
8                                     -6.2317306843500120e-02
9                                     -1.0014327867076078e-01
10                                     5.6031325491010975e-02
11                                    -5.5698813554694304e-02
12                                    -2.1892080497716560e-01
13                                     7.0957077539905100e-02
14                                    -4.1784205504726168e-02
15                                    -6.5953067448823788e-02
16                                    -7.9838209539508931e-02
17                                     3.0211190316648384e-01
18                                     7.0540805914469651e-03
19                                    -3.5891362587593356e-01
20                                     1.4324496889066163e-01
21                                     9.8254900123098565e-02
22                                    -4.0818664548360495e-01
23                                    -4.0797485635197184e-01
$End
$Loewdin_Population_Analysis
   &GeometryIndex 1
   &ListStatus       OUT
   &NATOMS [&Type "Integer"] 24
   &ATNO [&Type "ArrayOfIntegers", &Dim (24,1)] 
                                                         0

0                                                        6
1                                                        1
2                                                        1
3                                                        6
4                                                        6
5                                                        8
6                                                        8
7                                                        8
8                                                        6
9                                                        1
10                                                       6
11                                                       1
12                                                       6
13                                                       6
14                                                       1
15                                                       6
16                                                       1
17                                                       6
18                                                       1
19                                                       8
20                                                       1
21                                                       6
22                                                       8
23                                                       8
   &ATOMICCHARGES [&Type "ArrayOfDoubles", &Dim (24,1)] 
                                                         0

0                                     -2.9821355968980612e-02
1                                      8.4829140810521730e-03
2                                      1.6424018097024873e-02
3                                      3.6557221414489582e-02
4                                     -7.9676294590713681e-02
5                                     -3.6875396957455031e-01
6                                     -3.6232172208439906e-01
7                                     -1.9014035380906336e-01
8                                     -7.5201942436544655e-02
9                                     -1.1402704675701036e-02
10                                     1.1461460149275737e-03
11                                     7.7472486163167043e-03
12                                    -7.8729414630614336e-02
13                                     9.0345039934032201e-03
14                                     1.3642560267188797e-02
15                                    -6.8366895360336244e-02
16                                    -1.7431342698346342e-03
17                                     4.4807227053445864e-02
18                                     1.2730680424785312e-02
19                                    -1.8074392125962113e-01
20                                     7.7201091299282099e-02
21                                    -2.3374766100483946e-02
22                                    -3.7685522040905184e-01
23                                    -3.8064191609202602e-01
$End
$Mayer_Population_Analysis
   &GeometryIndex 1
   &ListStatus       OUT
   &NATOMS [&Type "Integer"] 24 "Total number of atoms"
   &BONDTHRESH [&Type "Double"]       1.0000000000000001e-01  "The threshold for printing"
   &NBONDORDERSPRINT [&Type "Integer"] 26 "The number of bond orders larger than threshold"
   &BONDORDERS [&Type "ArrayOfDoubles", &Dim (26,1)] "The bond orders"
                                                         0

0                                      8.8995171651990024e-01
1                                      9.0432708677278317e-01
2                                      9.6982690193622167e-01
3                                      1.0027065478743789e+00
4                                      8.0867968405285495e-01
5                                      2.0707490254687495e+00
6                                      1.8407386469017575e+00
7                                      1.8068279280562995e+00
8                                      1.2969430691863973e-01
9                                      9.5111369655735578e-01
10                                     1.8698406809084371e+00
11                                     9.7176613814819490e-01
12                                     9.5944451784760110e-01
13                                     9.8209500218839407e-01
14                                     9.7923423235068097e-01
15                                     7.7393482827917193e-01
16                                     9.5650932586717363e-01
17                                     1.8636645394713334e+00
18                                     9.5891461643931608e-01
19                                     9.8151784697267030e-01
20                                     8.5388666931134050e-01
21                                     9.7171373430491426e-01
22                                     9.7546836581350405e-01
23                                     1.8589602169013775e+00
24                                     1.8780454560605415e+00
25                                     1.1310023884436621e-01
   &COMPONENTS [&Type "ArrayOfIntegers", &Dim (26,4)] "The indices and atomic numbers of the bonding atoms"
                                                         0                           1                           2                           3

0                                                        0                           6                           1                           1
1                                                        0                           6                           2                           1
2                                                        0                           6                           3                           6
3                                                        0                           6                          12                           6
4                                                        3                           6                           4                           6
5                                                        3                           6                           7                           8
6                                                        4                           6                           5                           8
7                                                        4                           6                           6                           8
8                                                        5                           8                           6                           8
9                                                        8                           6                           9                           1
10                                                       8                           6                          10                           6
11                                                       8                           6                          17                           6
12                                                      10                           6                          11                           1
13                                                      10                           6                          12                           6
14                                                      12                           6                          13                           6
15                                                      12                           6                          21                           6
16                                                      13                           6                          14                           1
17                                                      13                           6                          15                           6
18                                                      15                           6                          16                           1
19                                                      15                           6                          17                           6
20                                                      17                           6                          18                           1
21                                                      17                           6                          19                           8
22                                                      19                           8                          20                           1
23                                                      21                           6                          22                           8
24                                                      21                           6                          23                           8
25                                                      22                           8                          23                           8
   &ATNO [&Type "ArrayOfIntegers", &Dim (24,1)] "Atomic number of the elements"
                                                         0

0                                                        6
1                                                        1
2                                                        1
3                                                        6
4                                                        6
5                                                        8
6                                                        8
7                                                        8
8                                                        6
9                                                        1
10                                                       6
11                                                       1
12                                                       6
13                                                       6
14                                                       1
15                                                       6
16                                                       1
17                                                       6
18                                                       1
19                                                       8
20                                                       1
21                                                       6
22                                                       8
23                                                       8
   &NA [&Type "ArrayOfDoubles", &Dim (24,1)] "Mulliken gross atomic population"
                                                         0

0                                      5.7659583341294054e+00
1                                      1.0522552424816010e+00
2                                      1.0264314949399185e+00
3                                      6.0471049804333168e+00
4                                      5.9142982751243416e+00
5                                      8.4068642318510580e+00
6                                      8.4029297849605484e+00
7                                      8.2620810976316719e+00
8                                      6.0623173068435063e+00
9                                      1.1001432786707606e+00
10                                     5.9439686745089899e+00
11                                     1.0556988135546947e+00
12                                     6.2189208049771674e+00
13                                     5.9290429224600967e+00
14                                     1.0417842055047262e+00
15                                     6.0659530674488229e+00
16                                     1.0798382095395096e+00
17                                     5.6978880968335206e+00
18                                     9.9294591940855292e-01
19                                     8.3589136258759336e+00
20                                     8.5675503110933848e-01
21                                     5.9017450998769023e+00
22                                     8.4081866454836085e+00
23                                     8.4079748563519647e+00
   &ZA [&Type "ArrayOfDoubles", &Dim (24,1)] "Total nuclear charge"
                                                         0

0                                      6.0000000000000000e+00
1                                      1.0000000000000000e+00
2                                      1.0000000000000000e+00
3                                      6.0000000000000000e+00
4                                      6.0000000000000000e+00
5                                      8.0000000000000000e+00
6                                      8.0000000000000000e+00
7                                      8.0000000000000000e+00
8                                      6.0000000000000000e+00
9                                      1.0000000000000000e+00
10                                     6.0000000000000000e+00
11                                     1.0000000000000000e+00
12                                     6.0000000000000000e+00
13                                     6.0000000000000000e+00
14                                     1.0000000000000000e+00
15                                     6.0000000000000000e+00
16                                     1.0000000000000000e+00
17                                     6.0000000000000000e+00
18                                     1.0000000000000000e+00
19                                     8.0000000000000000e+00
20                                     1.0000000000000000e+00
21                                     6.0000000000000000e+00
22                                     8.0000000000000000e+00
23                                     8.0000000000000000e+00
   &QA [&Type "ArrayOfDoubles", &Dim (24,1)] "Mulliken gross atomic charge"
                                                         0

0                                      2.3404166587059461e-01
1                                     -5.2255242481600961e-02
2                                     -2.6431494939918476e-02
3                                     -4.7104980433316790e-02
4                                      8.5701724875658414e-02
5                                     -4.0686423185105802e-01
6                                     -4.0292978496054843e-01
7                                     -2.6208109763167187e-01
8                                     -6.2317306843506337e-02
9                                     -1.0014327867076056e-01
10                                     5.6031325491010087e-02
11                                    -5.5698813554694748e-02
12                                    -2.1892080497716737e-01
13                                     7.0957077539903324e-02
14                                    -4.1784205504726168e-02
15                                    -6.5953067448822900e-02
16                                    -7.9838209539509597e-02
17                                     3.0211190316647940e-01
18                                     7.0540805914470761e-03
19                                    -3.5891362587593356e-01
20                                     1.4324496889066152e-01
21                                     9.8254900123097677e-02
22                                    -4.0818664548360850e-01
23                                    -4.0797485635196473e-01
   &VA [&Type "ArrayOfDoubles", &Dim (24,1)] "Mayer's total valence"
                                                         0

0                                      3.7507268811035774e+00
1                                      1.0273585726422596e+00
2                                      1.0355533520707525e+00
3                                      3.9802128765452824e+00
4                                      4.4647980123016220e+00
5                                      2.0793149583281609e+00
6                                      2.0718142282407701e+00
7                                      2.1904568077193400e+00
8                                      3.9156125541887534e+00
9                                      9.8074415587062824e-01
10                                     3.9012292659552976e+00
11                                     1.0360542271930970e+00
12                                     3.7298842035558395e+00
13                                     3.8837303950105571e+00
14                                     1.0426958146126759e+00
15                                     3.9127484181302021e+00
16                                     9.8584547550491752e-01
17                                     3.7729346432423299e+00
18                                     1.0584427519999398e+00
19                                     1.9973518874781124e+00
20                                     1.0195800171483320e+00
21                                     4.5339084562708685e+00
22                                     2.0751089552258000e+00
23                                     2.0869635215614162e+00
   &BVA [&Type "ArrayOfDoubles", &Dim (24,1)] "Mayer's bonded valence"
                                                         0

0                                      3.7507268811035899e+00
1                                      1.0273585726422712e+00
2                                      1.0355533520707612e+00
3                                      3.9802128765452478e+00
4                                      4.4647980123016451e+00
5                                      2.0793149583282080e+00
6                                      2.0718142282407843e+00
7                                      2.1904568077193467e+00
8                                      3.9156125541887334e+00
9                                      9.8074415587063069e-01
10                                     3.9012292659552328e+00
11                                     1.0360542271930888e+00
12                                     3.7298842035558692e+00
13                                     3.8837303950105406e+00
14                                     1.0426958146126659e+00
15                                     3.9127484181301355e+00
16                                     9.8584547550489932e-01
17                                     3.7729346432422544e+00
18                                     1.0584427519999282e+00
19                                     1.9973518874781337e+00
20                                     1.0195800171483267e+00
21                                     4.5339084562708516e+00
22                                     2.0751089552258506e+00
23                                     2.0869635215614331e+00
   &FA [&Type "ArrayOfDoubles", &Dim (24,1)] "Mayer's free valence"
                                                         0

0                                      0.0000000000000000e+00
1                                      0.0000000000000000e+00
2                                      0.0000000000000000e+00
3                                      0.0000000000000000e+00
4                                      0.0000000000000000e+00
5                                      0.0000000000000000e+00
6                                      0.0000000000000000e+00
7                                      0.0000000000000000e+00
8                                      0.0000000000000000e+00
9                                      0.0000000000000000e+00
10                                     0.0000000000000000e+00
11                                     0.0000000000000000e+00
12                                     0.0000000000000000e+00
13                                     0.0000000000000000e+00
14                                     0.0000000000000000e+00
15                                     0.0000000000000000e+00
16                                     0.0000000000000000e+00
17                                     0.0000000000000000e+00
18                                     0.0000000000000000e+00
19                                     0.0000000000000000e+00
20                                     0.0000000000000000e+00
21                                     0.0000000000000000e+00
22                                     0.0000000000000000e+00
23                                     0.0000000000000000e+00
$End
$VdW_Correction
   &GeometryIndex 1
   &ListStatus       OUT
   &VDW [&Type "Double"]      -5.4307803963088763e-02
$End
$Calculation_Info
   &GeometryIndex 1
   &ListStatus       OUT
   &MULT [&Type "Integer"] 1
   &CHARGE [&Type "Integer"] -2
   &NUMOFATOMS [&Type "Integer"] 24
   &NUMOFELECTRONS [&Type "Integer"] 118
   &NUMOFFCELECTRONS [&Type "Integer"] 1
   &NUMOFCORRELECTRONS [&Type "Integer"] 0
   &NUMOFBASISFUNCTS [&Type "Integer"] 264
   &NUMOFAUXCBASISFUNCTS [&Type "Integer"] 0
   &NUMOFAUXJBASISFUNCTS [&Type "Integer"] 872
   &NUMOFAUXJKBASISFUNCTS [&Type "Integer"] 0
   &NUMOFCABSBASISFUNCTS [&Type "Integer"] 0
   &TOTALENERGY [&Type "Double"]      -8.3617536114116604e+02  "Hartrees"
$End
$SCF_Dipole_Moment
   &GeometryIndex 1
   &ListStatus       OUT
   &METHOD [&Type "String"] "SCF"
   &LEVEL [&Type "String"] "Relaxed density"
   &MULT [&Type "Integer"] 1
   &STATE [&Type "Integer"] -1
   &IRREP [&Type "Integer"] 0
   &NATOMS [&Type "Integer"] 24
   &DODIPOLEATOM [&Type "Boolean"] false
   &DIPOLEELECCONTRIB [&Type "ArrayOfDoubles", &Dim (3,1)] "Electronic contribution"
                                                         0

0                                      9.0454239947377124e-01
1                                      1.0946074886761916e+00
2                                      2.9521776547379952e+00
   &DIPOLENUCCONTRIB [&Type "ArrayOfDoubles", &Dim (3,1)] "Nuclear contribution"
                                                         0

0                                     -2.7686135412348847e+00
1                                     -2.2662162156081322e+00
2                                     -4.2239493922741786e+00
   &DIPOLETOTAL [&Type "ArrayOfDoubles", &Dim (3,1)] "Total"
                                                         0

0                                     -1.8640711417611135e+00
1                                     -1.1716087269319406e+00
2                                     -1.2717717375361834e+00
   &DIPOLEMAGNITUDE [&Type "Double", &Units "a.u."]       2.5426033082188555e+00
$End
