*************************************************
******************* ORCA 6.0.1 ******************
*************************************************
$Calculation_Status
   &GeometryIndex 1
   &ListStatus       OUT
   &VERSION [&Type "String"] "6.0.1"
   &PROGNAME [&Type "String"] "LeanSCF"
   &STATUS [&Type "String"] "NORMAL TERMINATION"
$End
$Geometry
   &GeometryIndex 1
   &ListStatus       OUT
   &NATOMS [&Type "Integer"] 24
   &NCORELESSECP [&Type "Integer"] 0
   &NGHOSTATOMS [&Type "Integer"] 0
   &CartesianCoordinates [&Type "Coordinates", &Dim(24,4), &Units "Bohr"] 
              C     84.973425337903   56.060615488908  126.794954407714
              H     86.313241166853   54.499701702289  126.668342756741
              H     85.563019891686   57.831288876392  127.664228429318
              C     82.594260135296   55.865973697114  125.961585182655
              C     80.719651810446   58.035379298856  126.199690675529
              O     81.579477201380   60.170769830187  126.791174955446
              O     78.433083188402   57.559168313107  125.789620104468
              O     81.681522412612   53.662553024962  124.886331012454
              C     82.085923805271   53.277048893642  122.159456201205
              H     81.246885401810   51.413778925595  121.792849331225
              C     84.877049305073   53.260041358437  121.704032202930
              H     85.976869915015   51.619759074193  122.299295935116
              C     86.075135673979   55.391652437500  120.997274628844
              C     84.610597920190   57.644205989134  120.311304042230
              H     85.706639077864   59.350628688065  119.957925255187
              C     82.078364900736   57.615860097125  120.179023212856
              H     81.033346348677   59.326062248324  119.676356061233
              C     80.579812076536   55.231025716116  120.594762962319
              H     78.896066091212   55.690229166659  121.721039738136
              O     79.903290120592   54.201124973129  118.219377211980
              H     78.007894808269   53.987585919996  118.102214191676
              C     88.930511862334   55.652434643981  121.165460254763
              O     90.257099608347   53.836407829283  121.881666459519
              O     89.771439991929   57.818060793455  120.621219128193
$End
$SCF_Energy
   &GeometryIndex 1
   &ListStatus       OUT
   &SCF_ENERGY [&Type "Double"]      -8.3608874136445479e+02
$End
$DFT_Energy
   &GeometryIndex 1
   &ListStatus       OUT
   &NALPHAEL [&Type "Integer"] 59
   &NBETAEL [&Type "Integer"] 59
   &NTOTALEL [&Type "Integer"] 118
   &EEXCHANGE [&Type "Double"]      -8.3132217010727558e+01
   &ECORR [&Type "Double"]      -4.8471905431061089e+00
   &ECNL [&Type "Double"]       0.0000000000000000e+00
   &EXC [&Type "Double"]      -8.7979407553833667e+01
   &EEMBED [&Type "Double"]       0.0000000000000000e+00
   &FINALEN [&Type "Double"]      -8.3608874136445479e+02  "No Van der Waals correction"
$End
$Mulliken_Population_Analysis
   &GeometryIndex 1
   &ListStatus       OUT
   &NATOMS [&Type "Integer"] 24
   &ATNO [&Type "ArrayOfIntegers", &Dim (24,1)] 
                                                         0

0                                                        6
1                                                        1
2                                                        1
3                                                        6
4                                                        6
5                                                        8
6                                                        8
7                                                        8
8                                                        6
9                                                        1
10                                                       6
11                                                       1
12                                                       6
13                                                       6
14                                                       1
15                                                       6
16                                                       1
17                                                       6
18                                                       1
19                                                       8
20                                                       1
21                                                       6
22                                                       8
23                                                       8
   &ATOMICCHARGES [&Type "ArrayOfDoubles", &Dim (24,1)] 
                                                         0

0                                      1.8025002472583651e-02
1                                     -2.7750002262222573e-02
2                                     -2.8683719030013988e-02
3                                      4.8474450082158782e-03
4                                      8.7566935526057321e-02
5                                     -4.1012403316731749e-01
6                                     -4.1920516551286013e-01
7                                     -3.7365033869404662e-01
8                                      2.6476457941009190e-01
9                                     -8.9869523877352142e-02
10                                    -9.0290885902505558e-02
11                                    -6.4667653176717632e-02
12                                    -3.2788255894529605e-02
13                                     4.8864317805757729e-02
14                                    -5.4583120661326756e-02
15                                    -1.3282485611458839e-02
16                                    -7.1077219211513443e-02
17                                     2.0258442075178351e-01
18                                    -1.2846208735282749e-02
19                                    -3.3829315110227576e-01
20                                     1.4565704306998151e-01
21                                     7.2146176889776648e-02
22                                    -4.0332273909289107e-01
23                                    -4.1402141900191580e-01
$End
$Loewdin_Population_Analysis
   &GeometryIndex 1
   &ListStatus       OUT
   &NATOMS [&Type "Integer"] 24
   &ATNO [&Type "ArrayOfIntegers", &Dim (24,1)] 
                                                         0

0                                                        6
1                                                        1
2                                                        1
3                                                        6
4                                                        6
5                                                        8
6                                                        8
7                                                        8
8                                                        6
9                                                        1
10                                                       6
11                                                       1
12                                                       6
13                                                       6
14                                                       1
15                                                       6
16                                                       1
17                                                       6
18                                                       1
19                                                       8
20                                                       1
21                                                       6
22                                                       8
23                                                       8
   &ATOMICCHARGES [&Type "ArrayOfDoubles", &Dim (24,1)] 
                                                         0

0                                     -9.3689663524223477e-02
1                                      4.4140134658184893e-03
2                                      1.1317274454610504e-02
3                                     -6.9876683857410526e-03
4                                     -6.0203357823086279e-02
5                                     -3.8087768111779496e-01
6                                     -3.8354715347015933e-01
7                                     -1.5878869366645709e-01
8                                      8.0496159087105390e-02
9                                     -6.7373713871654584e-03
10                                    -5.2068470934934830e-02
11                                     8.5957551276560906e-04
12                                    -5.6708005353097057e-02
13                                    -5.2200126663963786e-03
14                                     1.3155195683674958e-02
15                                    -5.4621565249342474e-02
16                                    -3.9001929016491133e-04
17                                     4.0298368197458245e-02
18                                     8.5534285391088982e-03
19                                    -1.7215894107579999e-01
20                                     7.8107218494519959e-02
21                                    -4.4993197805796470e-02
22                                    -3.7967272309571776e-01
23                                    -3.8053670858917954e-01
$End
$Mayer_Population_Analysis
   &GeometryIndex 1
   &ListStatus       OUT
   &NATOMS [&Type "Integer"] 24 "Total number of atoms"
   &BONDTHRESH [&Type "Double"]       1.0000000000000001e-01  "The threshold for printing"
   &NBONDORDERSPRINT [&Type "Integer"] 27 "The number of bond orders larger than threshold"
   &BONDORDERS [&Type "ArrayOfDoubles", &Dim (27,1)] "The bond orders"
                                                         0

0                                      9.1389554301566822e-01
1                                      9.0416441254310942e-01
2                                      1.9646082308088531e+00
3                                      8.3345501307254022e-01
4                                      1.0342020946329942e+00
5                                      1.8859728945666387e+00
6                                      1.7856981138740990e+00
7                                      1.2064506770228191e-01
8                                      1.0945535829424295e-01
9                                      9.5006399189643009e-01
10                                     8.8948078122531804e-01
11                                     9.8011573100834970e-01
12                                     9.6312882705905734e-01
13                                     9.3561294944792683e-01
14                                     1.7687133264825108e+00
15                                     1.1050790429555031e+00
16                                     8.3458189200156274e-01
17                                     9.5957525856134274e-01
18                                     1.7632990279887677e+00
19                                     9.5406044247660726e-01
20                                     9.6384747475502897e-01
21                                     8.8800029423429117e-01
22                                     1.0256218191753670e+00
23                                     9.7474439030630444e-01
24                                     1.8980570407651294e+00
25                                     1.8433970105096298e+00
26                                     1.2214685528126870e-01
   &COMPONENTS [&Type "ArrayOfIntegers", &Dim (27,4)] "The indices and atomic numbers of the bonding atoms"
                                                         0                           1                           2                           3

0                                                        0                           6                           1                           1
1                                                        0                           6                           2                           1
2                                                        0                           6                           3                           6
3                                                        3                           6                           4                           6
4                                                        3                           6                           7                           8
5                                                        4                           6                           5                           8
6                                                        4                           6                           6                           8
7                                                        5                           8                           6                           8
8                                                        6                           8                          18                           1
9                                                        7                           8                           8                           6
10                                                       8                           6                           9                           1
11                                                       8                           6                          10                           6
12                                                       8                           6                          17                           6
13                                                      10                           6                          11                           1
14                                                      10                           6                          12                           6
15                                                      12                           6                          13                           6
16                                                      12                           6                          21                           6
17                                                      13                           6                          14                           1
18                                                      13                           6                          15                           6
19                                                      15                           6                          16                           1
20                                                      15                           6                          17                           6
21                                                      17                           6                          18                           1
22                                                      17                           6                          19                           8
23                                                      19                           8                          20                           1
24                                                      21                           6                          22                           8
25                                                      21                           6                          23                           8
26                                                      22                           8                          23                           8
   &ATNO [&Type "ArrayOfIntegers", &Dim (24,1)] "Atomic number of the elements"
                                                         0

0                                                        6
1                                                        1
2                                                        1
3                                                        6
4                                                        6
5                                                        8
6                                                        8
7                                                        8
8                                                        6
9                                                        1
10                                                       6
11                                                       1
12                                                       6
13                                                       6
14                                                       1
15                                                       6
16                                                       1
17                                                       6
18                                                       1
19                                                       8
20                                                       1
21                                                       6
22                                                       8
23                                                       8
   &NA [&Type "ArrayOfDoubles", &Dim (24,1)] "Mulliken gross atomic population"
                                                         0

0                                      5.9819749975274181e+00
1                                      1.0277500022622226e+00
2                                      1.0286837190300140e+00
3                                      5.9951525549917859e+00
4                                      5.9124330644739409e+00
5                                      8.4101240331673210e+00
6                                      8.4192051655128566e+00
7                                      8.3736503386940448e+00
8                                      5.7352354205899143e+00
9                                      1.0898695238773526e+00
10                                     6.0902908859025047e+00
11                                     1.0646676531767181e+00
12                                     6.0327882558945278e+00
13                                     5.9511356821942387e+00
14                                     1.0545831206613268e+00
15                                     6.0132824856114588e+00
16                                     1.0710772192115130e+00
17                                     5.7974155792482156e+00
18                                     1.0128462087352825e+00
19                                     8.3382931511022740e+00
20                                     8.5434295693001827e-01
21                                     5.9278538231102207e+00
22                                     8.4033227390928911e+00
23                                     8.4140214190019140e+00
   &ZA [&Type "ArrayOfDoubles", &Dim (24,1)] "Total nuclear charge"
                                                         0

0                                      6.0000000000000000e+00
1                                      1.0000000000000000e+00
2                                      1.0000000000000000e+00
3                                      6.0000000000000000e+00
4                                      6.0000000000000000e+00
5                                      8.0000000000000000e+00
6                                      8.0000000000000000e+00
7                                      8.0000000000000000e+00
8                                      6.0000000000000000e+00
9                                      1.0000000000000000e+00
10                                     6.0000000000000000e+00
11                                     1.0000000000000000e+00
12                                     6.0000000000000000e+00
13                                     6.0000000000000000e+00
14                                     1.0000000000000000e+00
15                                     6.0000000000000000e+00
16                                     1.0000000000000000e+00
17                                     6.0000000000000000e+00
18                                     1.0000000000000000e+00
19                                     8.0000000000000000e+00
20                                     1.0000000000000000e+00
21                                     6.0000000000000000e+00
22                                     8.0000000000000000e+00
23                                     8.0000000000000000e+00
   &QA [&Type "ArrayOfDoubles", &Dim (24,1)] "Mulliken gross atomic charge"
                                                         0

0                                      1.8025002472581875e-02
1                                     -2.7750002262222573e-02
2                                     -2.8683719030013988e-02
3                                      4.8474450082141018e-03
4                                      8.7566935526059098e-02
5                                     -4.1012403316732104e-01
6                                     -4.1920516551285658e-01
7                                     -3.7365033869404485e-01
8                                      2.6476457941008569e-01
9                                     -8.9869523877352586e-02
10                                    -9.0290885902504670e-02
11                                    -6.4667653176718076e-02
12                                    -3.2788255894527829e-02
13                                     4.8864317805761281e-02
14                                    -5.4583120661326756e-02
15                                    -1.3282485611458839e-02
16                                    -7.1077219211512999e-02
17                                     2.0258442075178440e-01
18                                    -1.2846208735282527e-02
19                                    -3.3829315110227398e-01
20                                     1.4565704306998173e-01
21                                     7.2146176889779312e-02
22                                    -4.0332273909289107e-01
23                                    -4.1402141900191403e-01
   &VA [&Type "ArrayOfDoubles", &Dim (24,1)] "Mayer's total valence"
                                                         0

0                                      3.8835639247929277e+00
1                                      9.9681290182860238e-01
2                                      1.0223594813819734e+00
3                                      3.9390425573979613e+00
4                                      4.5073113308959600e+00
5                                      2.0912972968210912e+00
6                                      2.0539889624652061e+00
7                                      2.0876035544730751e+00
8                                      3.8446852303221992e+00
9                                      9.9381989227925360e-01
10                                     3.8677105922831765e+00
11                                     1.0291241182478996e+00
12                                     3.7225153992935684e+00
13                                     3.9167054210831105e+00
14                                     1.0430661957879352e+00
15                                     3.8022433285905519e+00
16                                     9.8019615850457575e-01
17                                     3.8781287790264911e+00
18                                     1.0766764676715475e+00
19                                     2.0190166663710842e+00
20                                     1.0179358629802802e+00
21                                     4.5615691593853445e+00
22                                     2.0937611773695890e+00
23                                     2.0817206412990958e+00
   &BVA [&Type "ArrayOfDoubles", &Dim (24,1)] "Mayer's bonded valence"
                                                         0

0                                      3.8835639247929397e+00
1                                      9.9681290182860427e-01
2                                      1.0223594813819683e+00
3                                      3.9390425573979746e+00
4                                      4.5073113308959742e+00
5                                      2.0912972968210681e+00
6                                      2.0539889624652297e+00
7                                      2.0876035544730467e+00
8                                      3.8446852303221677e+00
9                                      9.9381989227925449e-01
10                                     3.8677105922831654e+00
11                                     1.0291241182479076e+00
12                                     3.7225153992935978e+00
13                                     3.9167054210831163e+00
14                                     1.0430661957879390e+00
15                                     3.8022433285905768e+00
16                                     9.8019615850458219e-01
17                                     3.8781287790265067e+00
18                                     1.0766764676715479e+00
19                                     2.0190166663710833e+00
20                                     1.0179358629802868e+00
21                                     4.5615691593853205e+00
22                                     2.0937611773695792e+00
23                                     2.0817206412990306e+00
   &FA [&Type "ArrayOfDoubles", &Dim (24,1)] "Mayer's free valence"
                                                         0

0                                      0.0000000000000000e+00
1                                      0.0000000000000000e+00
2                                      0.0000000000000000e+00
3                                      0.0000000000000000e+00
4                                      0.0000000000000000e+00
5                                      0.0000000000000000e+00
6                                      0.0000000000000000e+00
7                                      0.0000000000000000e+00
8                                      0.0000000000000000e+00
9                                      0.0000000000000000e+00
10                                     0.0000000000000000e+00
11                                     0.0000000000000000e+00
12                                     0.0000000000000000e+00
13                                     0.0000000000000000e+00
14                                     0.0000000000000000e+00
15                                     0.0000000000000000e+00
16                                     0.0000000000000000e+00
17                                     0.0000000000000000e+00
18                                     0.0000000000000000e+00
19                                     0.0000000000000000e+00
20                                     0.0000000000000000e+00
21                                     0.0000000000000000e+00
22                                     0.0000000000000000e+00
23                                     0.0000000000000000e+00
$End
$VdW_Correction
   &GeometryIndex 1
   &ListStatus       OUT
   &VDW [&Type "Double"]      -5.3383879901621925e-02
$End
$Calculation_Info
   &GeometryIndex 1
   &ListStatus       OUT
   &MULT [&Type "Integer"] 1
   &CHARGE [&Type "Integer"] -2
   &NUMOFATOMS [&Type "Integer"] 24
   &NUMOFELECTRONS [&Type "Integer"] 118
   &NUMOFFCELECTRONS [&Type "Integer"] 1
   &NUMOFCORRELECTRONS [&Type "Integer"] 0
   &NUMOFBASISFUNCTS [&Type "Integer"] 264
   &NUMOFAUXCBASISFUNCTS [&Type "Integer"] 0
   &NUMOFAUXJBASISFUNCTS [&Type "Integer"] 872
   &NUMOFAUXJKBASISFUNCTS [&Type "Integer"] 0
   &NUMOFCABSBASISFUNCTS [&Type "Integer"] 0
   &TOTALENERGY [&Type "Double"]      -8.3614212524435641e+02  "Hartrees"
$End
$SCF_Dipole_Moment
   &GeometryIndex 1
   &ListStatus       OUT
   &METHOD [&Type "String"] "SCF"
   &LEVEL [&Type "String"] "Relaxed density"
   &MULT [&Type "Integer"] 1
   &STATE [&Type "Integer"] -1
   &IRREP [&Type "Integer"] 0
   &NATOMS [&Type "Integer"] 24
   &DODIPOLEATOM [&Type "Boolean"] false
   &DIPOLEELECCONTRIB [&Type "ArrayOfDoubles", &Dim (3,1)] "Electronic contribution"
                                                         0

0                                      8.5960887983053291e-01
1                                      9.6489459346059236e-02
2                                      5.5921077477219960e-01
   &DIPOLENUCCONTRIB [&Type "ArrayOfDoubles", &Dim (3,1)] "Nuclear contribution"
                                                         0

0                                     -3.2326907196331263e+00
1                                     -1.9729066234396981e+00
2                                     -2.1327750198023807e+00
   &DIPOLETOTAL [&Type "ArrayOfDoubles", &Dim (3,1)] "Total"
                                                         0

0                                     -2.3730818398025932e+00
1                                     -1.8764171640936389e+00
2                                     -1.5735642450301812e+00
   &DIPOLEMAGNITUDE [&Type "Double", &Units "a.u."]       3.4100679209281859e+00
$End
