*************************************************
******************* ORCA 6.0.1 ******************
*************************************************
$Calculation_Status
   &GeometryIndex 1
   &ListStatus       OUT
   &VERSION [&Type "String"] "6.0.1"
   &PROGNAME [&Type "String"] "LeanSCF"
   &STATUS [&Type "String"] "NORMAL TERMINATION"
$End
$Geometry
   &GeometryIndex 1
   &ListStatus       OUT
   &NATOMS [&Type "Integer"] 24
   &NCORELESSECP [&Type "Integer"] 0
   &NGHOSTATOMS [&Type "Integer"] 0
   &CartesianCoordinates [&Type "Coordinates", &Dim(24,4), &Units "Bohr"] 
              C     87.301567934894   45.357206666378  124.944912522605
              H     88.202967300774   43.505275055135  124.916566630596
              H     88.384381009631   46.997488950622  125.566632420665
              C     84.909174649350   45.712475179555  124.209809056510
              C     83.667624579363   48.308958887563  124.262721388260
              O     85.081139727537   50.194905569216  124.538621403812
              O     81.313025816498   48.401555468125  124.028395347654
              O     83.387945111543   43.750939452545  123.393447366656
              C     83.627940330551   42.991269546708  120.734602696229
              H     82.150174493825   41.549408506527  120.494607477221
              C     86.211195955621   41.895228389034  120.388782813721
              H     86.630715157352   40.064083765264  121.244828752388
              C     88.112260446346   43.250162027056  119.373999879805
              C     87.598254937920   45.780505320376  118.362996398158
              H     89.227198865360   46.912451274595  117.801747736383
              C     85.243656175054   46.732927291873  118.228825842649
              H     84.937520541359   48.650999317803  117.525847720830
              C     82.951418374607   45.181462135923  118.914796429263
              H     81.577587475247   46.371989600294  119.927689637044
              O     81.862936121469   44.183686737213  116.669801782164
              H     80.065806568110   44.760053208059  116.499726430111
              C     90.818348270121   42.252386628345  119.423132759287
              O     91.317235969477   40.462815979522  120.910347226683
              O     92.386820961276   43.327640798546  117.992610075909
$End
$SCF_Energy
   &GeometryIndex 1
   &ListStatus       OUT
   &SCF_ENERGY [&Type "Double"]      -8.3609375404291234e+02
$End
$DFT_Energy
   &GeometryIndex 1
   &ListStatus       OUT
   &NALPHAEL [&Type "Integer"] 59
   &NBETAEL [&Type "Integer"] 59
   &NTOTALEL [&Type "Integer"] 118
   &EEXCHANGE [&Type "Double"]      -8.3125089378512484e+01
   &ECORR [&Type "Double"]      -4.8458857257852976e+00
   &ECNL [&Type "Double"]       0.0000000000000000e+00
   &EXC [&Type "Double"]      -8.7970975104297779e+01
   &EEMBED [&Type "Double"]       0.0000000000000000e+00
   &FINALEN [&Type "Double"]      -8.3609375404291234e+02  "No Van der Waals correction"
$End
$Mulliken_Population_Analysis
   &GeometryIndex 1
   &ListStatus       OUT
   &NATOMS [&Type "Integer"] 24
   &ATNO [&Type "ArrayOfIntegers", &Dim (24,1)] 
                                                         0

0                                                        6
1                                                        1
2                                                        1
3                                                        6
4                                                        6
5                                                        8
6                                                        8
7                                                        8
8                                                        6
9                                                        1
10                                                       6
11                                                       1
12                                                       6
13                                                       6
14                                                       1
15                                                       6
16                                                       1
17                                                       6
18                                                       1
19                                                       8
20                                                       1
21                                                       6
22                                                       8
23                                                       8
   &ATOMICCHARGES [&Type "ArrayOfDoubles", &Dim (24,1)] 
                                                         0

0                                      2.0723206072066347e-03
1                                     -1.4167052252464174e-02
2                                     -3.3387571782560688e-02
3                                      6.4347735871583822e-03
4                                      7.7475553548053355e-02
5                                     -4.0849337307217048e-01
6                                     -4.1847303379279666e-01
7                                     -3.6784130360948275e-01
8                                      2.7357866417547605e-01
9                                     -8.2988900102769492e-02
10                                    -7.8450432280486204e-02
11                                    -5.9813368451486548e-02
12                                    -2.2948816507694758e-02
13                                     4.5755779415202369e-02
14                                    -6.0872950208392451e-02
15                                    -1.3585917670802417e-02
16                                    -6.9055275134257244e-02
17                                     1.8268525328706620e-01
18                                    -8.4299010108743744e-03
19                                    -3.3765695189708111e-01
20                                     1.4505819131391529e-01
21                                     7.4834675852656574e-02
22                                    -4.1531291323213360e-01
23                                    -4.1641745078120707e-01
$End
$Loewdin_Population_Analysis
   &GeometryIndex 1
   &ListStatus       OUT
   &NATOMS [&Type "Integer"] 24
   &ATNO [&Type "ArrayOfIntegers", &Dim (24,1)] 
                                                         0

0                                                        6
1                                                        1
2                                                        1
3                                                        6
4                                                        6
5                                                        8
6                                                        8
7                                                        8
8                                                        6
9                                                        1
10                                                       6
11                                                       1
12                                                       6
13                                                       6
14                                                       1
15                                                       6
16                                                       1
17                                                       6
18                                                       1
19                                                       8
20                                                       1
21                                                       6
22                                                       8
23                                                       8
   &ATOMICCHARGES [&Type "ArrayOfDoubles", &Dim (24,1)] 
                                                         0

0                                     -9.8488995328837703e-02
1                                      8.1847503779001185e-03
2                                      9.0714406636759337e-03
3                                     -9.0509446115394354e-03
4                                     -6.5329901981267646e-02
5                                     -3.8078734153013727e-01
6                                     -3.8336503697228608e-01
7                                     -1.5420999457288787e-01
8                                      7.9696849484833798e-02
9                                     -3.7073036569750251e-03
10                                    -4.5590042756105120e-02
11                                     3.4530652639884751e-03
12                                    -5.9801467452626156e-02
13                                    -5.6069352228478309e-03
14                                     1.1638693844523318e-02
15                                    -5.6718493662587299e-02
16                                    -2.7791648441999328e-04
17                                     4.4692919525779473e-02
18                                     1.1381184676959921e-02
19                                    -1.7034238335998175e-01
20                                     7.5179463660845047e-02
21                                    -4.1330499456941006e-02
22                                    -3.8537812911711278e-01
23                                    -3.8331298133182834e-01
$End
$Mayer_Population_Analysis
   &GeometryIndex 1
   &ListStatus       OUT
   &NATOMS [&Type "Integer"] 24 "Total number of atoms"
   &BONDTHRESH [&Type "Double"]       1.0000000000000001e-01  "The threshold for printing"
   &NBONDORDERSPRINT [&Type "Integer"] 27 "The number of bond orders larger than threshold"
   &BONDORDERS [&Type "ArrayOfDoubles", &Dim (27,1)] "The bond orders"
                                                         0

0                                      9.1034917908023638e-01
1                                      9.0421935828523137e-01
2                                      1.9688463742508926e+00
3                                      8.3534994640006888e-01
4                                      1.0371867738769316e+00
5                                      1.8843804118892542e+00
6                                      1.7885113954286029e+00
7                                      1.1817406082007285e-01
8                                      1.0695644749666761e-01
9                                      9.5299606059717346e-01
10                                     8.8883485332421963e-01
11                                     9.7938149582993683e-01
12                                     9.6170585808539744e-01
13                                     9.3579670972677420e-01
14                                     1.7830263820103582e+00
15                                     1.0894644105934921e+00
16                                     8.3475239432267045e-01
17                                     9.6552541374009504e-01
18                                     1.7764716280538253e+00
19                                     9.5554934622757681e-01
20                                     9.6663084017646095e-01
21                                     8.9451871238542680e-01
22                                     1.0250546400830123e+00
23                                     9.7735447263895603e-01
24                                     1.8564470907497992e+00
25                                     1.8596092382551086e+00
26                                     1.2290429678904807e-01
   &COMPONENTS [&Type "ArrayOfIntegers", &Dim (27,4)] "The indices and atomic numbers of the bonding atoms"
                                                         0                           1                           2                           3

0                                                        0                           6                           1                           1
1                                                        0                           6                           2                           1
2                                                        0                           6                           3                           6
3                                                        3                           6                           4                           6
4                                                        3                           6                           7                           8
5                                                        4                           6                           5                           8
6                                                        4                           6                           6                           8
7                                                        5                           8                           6                           8
8                                                        6                           8                          18                           1
9                                                        7                           8                           8                           6
10                                                       8                           6                           9                           1
11                                                       8                           6                          10                           6
12                                                       8                           6                          17                           6
13                                                      10                           6                          11                           1
14                                                      10                           6                          12                           6
15                                                      12                           6                          13                           6
16                                                      12                           6                          21                           6
17                                                      13                           6                          14                           1
18                                                      13                           6                          15                           6
19                                                      15                           6                          16                           1
20                                                      15                           6                          17                           6
21                                                      17                           6                          18                           1
22                                                      17                           6                          19                           8
23                                                      19                           8                          20                           1
24                                                      21                           6                          22                           8
25                                                      21                           6                          23                           8
26                                                      22                           8                          23                           8
   &ATNO [&Type "ArrayOfIntegers", &Dim (24,1)] "Atomic number of the elements"
                                                         0

0                                                        6
1                                                        1
2                                                        1
3                                                        6
4                                                        6
5                                                        8
6                                                        8
7                                                        8
8                                                        6
9                                                        1
10                                                       6
11                                                       1
12                                                       6
13                                                       6
14                                                       1
15                                                       6
16                                                       1
17                                                       6
18                                                       1
19                                                       8
20                                                       1
21                                                       6
22                                                       8
23                                                       8
   &NA [&Type "ArrayOfDoubles", &Dim (24,1)] "Mulliken gross atomic population"
                                                         0

0                                      5.9979276793927934e+00
1                                      1.0141670522524633e+00
2                                      1.0333875717825609e+00
3                                      5.9935652264128390e+00
4                                      5.9225244464519493e+00
5                                      8.4084933730721705e+00
6                                      8.4184730337927967e+00
7                                      8.3678413036094845e+00
8                                      5.7264213358245257e+00
9                                      1.0829889001027695e+00
10                                     6.0784504322804827e+00
11                                     1.0598133684514863e+00
12                                     6.0229488165077019e+00
13                                     5.9542442205847959e+00
14                                     1.0608729502083920e+00
15                                     6.0135859176708024e+00
16                                     1.0690552751342572e+00
17                                     5.8173147467129329e+00
18                                     1.0084299010108744e+00
19                                     8.3376569518970776e+00
20                                     8.5494180868608471e-01
21                                     5.9251653241473461e+00
22                                     8.4153129132321300e+00
23                                     8.4164174507812124e+00
   &ZA [&Type "ArrayOfDoubles", &Dim (24,1)] "Total nuclear charge"
                                                         0

0                                      6.0000000000000000e+00
1                                      1.0000000000000000e+00
2                                      1.0000000000000000e+00
3                                      6.0000000000000000e+00
4                                      6.0000000000000000e+00
5                                      8.0000000000000000e+00
6                                      8.0000000000000000e+00
7                                      8.0000000000000000e+00
8                                      6.0000000000000000e+00
9                                      1.0000000000000000e+00
10                                     6.0000000000000000e+00
11                                     1.0000000000000000e+00
12                                     6.0000000000000000e+00
13                                     6.0000000000000000e+00
14                                     1.0000000000000000e+00
15                                     6.0000000000000000e+00
16                                     1.0000000000000000e+00
17                                     6.0000000000000000e+00
18                                     1.0000000000000000e+00
19                                     8.0000000000000000e+00
20                                     1.0000000000000000e+00
21                                     6.0000000000000000e+00
22                                     8.0000000000000000e+00
23                                     8.0000000000000000e+00
   &QA [&Type "ArrayOfDoubles", &Dim (24,1)] "Mulliken gross atomic charge"
                                                         0

0                                      2.0723206072066347e-03
1                                     -1.4167052252463286e-02
2                                     -3.3387571782560910e-02
3                                      6.4347735871610467e-03
4                                      7.7475553548050691e-02
5                                     -4.0849337307217048e-01
6                                     -4.1847303379279666e-01
7                                     -3.6784130360948453e-01
8                                      2.7357866417547427e-01
9                                     -8.2988900102769492e-02
10                                    -7.8450432280482651e-02
11                                    -5.9813368451486326e-02
12                                    -2.2948816507701864e-02
13                                     4.5755779415204145e-02
14                                    -6.0872950208392007e-02
15                                    -1.3585917670802417e-02
16                                    -6.9055275134257244e-02
17                                     1.8268525328706708e-01
18                                    -8.4299010108743744e-03
19                                    -3.3765695189707756e-01
20                                     1.4505819131391529e-01
21                                     7.4834675852653909e-02
22                                    -4.1531291323213004e-01
23                                    -4.1641745078121239e-01
   &VA [&Type "ArrayOfDoubles", &Dim (24,1)] "Mayer's total valence"
                                                         0

0                                      3.8817381118109493e+00
1                                      1.0069529810403279e+00
2                                      1.0213951879564906e+00
3                                      3.9426482674095098e+00
4                                      4.5079385104748333e+00
5                                      2.0862266371018268e+00
6                                      2.0477505763188426e+00
7                                      2.0921962909930132e+00
8                                      3.8293480945449865e+00
9                                      9.9788972374902385e-01
10                                     3.8848970222162347e+00
11                                     1.0331514143497500e+00
12                                     3.7279378658514637e+00
13                                     3.9232640620676271e+00
14                                     1.0238313514801425e+00
15                                     3.8129149715261730e+00
16                                     9.7924329983191316e-01
17                                     3.8928508452507908e+00
18                                     1.0743279231673979e+00
19                                     2.0239228742983286e+00
20                                     1.0200032166206854e+00
21                                     4.5414622592686875e+00
22                                     2.0723886830750313e+00
23                                     2.0727133746760842e+00
   &BVA [&Type "ArrayOfDoubles", &Dim (24,1)] "Mayer's bonded valence"
                                                         0

0                                      3.8817381118109728e+00
1                                      1.0069529810403288e+00
2                                      1.0213951879564918e+00
3                                      3.9426482674095156e+00
4                                      4.5079385104748226e+00
5                                      2.0862266371018769e+00
6                                      2.0477505763188653e+00
7                                      2.0921962909929981e+00
8                                      3.8293480945449669e+00
9                                      9.9788972374900642e-01
10                                     3.8848970222162613e+00
11                                     1.0331514143497456e+00
12                                     3.7279378658514601e+00
13                                     3.9232640620676302e+00
14                                     1.0238313514801456e+00
15                                     3.8129149715261570e+00
16                                     9.7924329983190372e-01
17                                     3.8928508452507633e+00
18                                     1.0743279231673803e+00
19                                     2.0239228742983517e+00
20                                     1.0200032166206821e+00
21                                     4.5414622592686502e+00
22                                     2.0723886830749638e+00
23                                     2.0727133746760202e+00
   &FA [&Type "ArrayOfDoubles", &Dim (24,1)] "Mayer's free valence"
                                                         0

0                                      0.0000000000000000e+00
1                                      0.0000000000000000e+00
2                                      0.0000000000000000e+00
3                                      0.0000000000000000e+00
4                                      0.0000000000000000e+00
5                                      0.0000000000000000e+00
6                                      0.0000000000000000e+00
7                                      0.0000000000000000e+00
8                                      0.0000000000000000e+00
9                                      0.0000000000000000e+00
10                                     0.0000000000000000e+00
11                                     0.0000000000000000e+00
12                                     0.0000000000000000e+00
13                                     0.0000000000000000e+00
14                                     0.0000000000000000e+00
15                                     0.0000000000000000e+00
16                                     0.0000000000000000e+00
17                                     0.0000000000000000e+00
18                                     0.0000000000000000e+00
19                                     0.0000000000000000e+00
20                                     0.0000000000000000e+00
21                                     0.0000000000000000e+00
22                                     0.0000000000000000e+00
23                                     0.0000000000000000e+00
$End
$VdW_Correction
   &GeometryIndex 1
   &ListStatus       OUT
   &VDW [&Type "Double"]      -5.2749412389837796e-02
$End
$Calculation_Info
   &GeometryIndex 1
   &ListStatus       OUT
   &MULT [&Type "Integer"] 1
   &CHARGE [&Type "Integer"] -2
   &NUMOFATOMS [&Type "Integer"] 24
   &NUMOFELECTRONS [&Type "Integer"] 118
   &NUMOFFCELECTRONS [&Type "Integer"] 1
   &NUMOFCORRELECTRONS [&Type "Integer"] 0
   &NUMOFBASISFUNCTS [&Type "Integer"] 264
   &NUMOFAUXCBASISFUNCTS [&Type "Integer"] 0
   &NUMOFAUXJBASISFUNCTS [&Type "Integer"] 872
   &NUMOFAUXJKBASISFUNCTS [&Type "Integer"] 0
   &NUMOFCABSBASISFUNCTS [&Type "Integer"] 0
   &TOTALENERGY [&Type "Double"]      -8.3614650345530220e+02  "Hartrees"
$End
$SCF_Dipole_Moment
   &GeometryIndex 1
   &ListStatus       OUT
   &METHOD [&Type "String"] "SCF"
   &LEVEL [&Type "String"] "Relaxed density"
   &MULT [&Type "Integer"] 1
   &STATE [&Type "Integer"] -1
   &IRREP [&Type "Integer"] 0
   &NATOMS [&Type "Integer"] 24
   &DODIPOLEATOM [&Type "Boolean"] false
   &DIPOLEELECCONTRIB [&Type "ArrayOfDoubles", &Dim (3,1)] "Electronic contribution"
                                                         0

0                                      5.5141025973021307e-01
1                                     -6.4649169928698003e-01
2                                      6.8781288183693845e-01
   &DIPOLENUCCONTRIB [&Type "ArrayOfDoubles", &Dim (3,1)] "Nuclear contribution"
                                                         0

0                                     -3.1778332600854782e+00
1                                     -1.1179667960139739e-01
2                                     -2.1032221942890885e+00
   &DIPOLETOTAL [&Type "ArrayOfDoubles", &Dim (3,1)] "Total"
                                                         0

0                                     -2.6264230003552651e+00
1                                     -7.5828837888837741e-01
2                                     -1.4154093124521501e+00
   &DIPOLEMAGNITUDE [&Type "Double", &Units "a.u."]       3.0783896056426294e+00
$End
