*************************************************
******************* ORCA 6.0.1 ******************
*************************************************
$Calculation_Status
   &GeometryIndex 1
   &ListStatus       OUT
   &VERSION [&Type "String"] "6.0.1"
   &PROGNAME [&Type "String"] "LeanSCF"
   &STATUS [&Type "String"] "NORMAL TERMINATION"
$End
$Geometry
   &GeometryIndex 1
   &ListStatus       OUT
   &NATOMS [&Type "Integer"] 24
   &NCORELESSECP [&Type "Integer"] 0
   &NGHOSTATOMS [&Type "Integer"] 0
   &CartesianCoordinates [&Type "Coordinates", &Dim(24,4), &Units "Bohr"] 
              C     90.353475641177   49.847195960575  128.945462748117
              H     91.217080484379   47.987705444796  129.149553170580
              H     91.288890077468   51.449683722140  129.816626495854
              C     88.193518670105   50.143882963600  127.668007881586
              C     86.853702841155   52.672336530787  127.346754438819
              O     88.051789210061   54.679225685011  127.760604462148
              O     84.574693123646   52.575960497957  126.677791387411
              O     86.991652848931   48.072743120823  126.630548234063
              C     87.753212480901   47.239373895763  124.088866583939
              H     86.647722692557   45.508384757092  123.803517937717
              C     90.534889350033   46.689463590792  124.119102202082
              H     91.211411305977   44.994379248665  125.077193351980
              C     92.224304513759   48.405334920393  123.291402155424
              C     91.322905147878   50.741036421920  122.102764417188
              H     92.783663449400   52.133764582619  121.675686310922
              C     88.870040626049   51.128430279373  121.550964386083
              H     88.257769358658   52.874537227117  120.624998580461
              C     86.870710376360   49.165004826229  122.072528799045
              H     85.207751378509   50.109867893190  122.894559667301
              O     86.216865134023   47.953690374386  119.774621820197
              H     84.323359547834   47.702356798574  119.708481405510
              C     95.049445083971   48.093530108296  123.775172045708
              O     95.841240334084   46.120656024482  124.825859776168
              O     96.432724614001   49.932233636601  123.149672695380
$End
$SCF_Energy
   &GeometryIndex 1
   &ListStatus       OUT
   &SCF_ENERGY [&Type "Double"]      -8.3609108632488108e+02
$End
$DFT_Energy
   &GeometryIndex 1
   &ListStatus       OUT
   &NALPHAEL [&Type "Integer"] 59
   &NBETAEL [&Type "Integer"] 59
   &NTOTALEL [&Type "Integer"] 118
   &EEXCHANGE [&Type "Double"]      -8.3122625451645931e+01
   &ECORR [&Type "Double"]      -4.8453170799034613e+00
   &ECNL [&Type "Double"]       0.0000000000000000e+00
   &EXC [&Type "Double"]      -8.7967942531549397e+01
   &EEMBED [&Type "Double"]       0.0000000000000000e+00
   &FINALEN [&Type "Double"]      -8.3609108632488108e+02  "No Van der Waals correction"
$End
$Mulliken_Population_Analysis
   &GeometryIndex 1
   &ListStatus       OUT
   &NATOMS [&Type "Integer"] 24
   &ATNO [&Type "ArrayOfIntegers", &Dim (24,1)] 
                                                         0

0                                                        6
1                                                        1
2                                                        1
3                                                        6
4                                                        6
5                                                        8
6                                                        8
7                                                        8
8                                                        6
9                                                        1
10                                                       6
11                                                       1
12                                                       6
13                                                       6
14                                                       1
15                                                       6
16                                                       1
17                                                       6
18                                                       1
19                                                       8
20                                                       1
21                                                       6
22                                                       8
23                                                       8
   &ATOMICCHARGES [&Type "ArrayOfDoubles", &Dim (24,1)] 
                                                         0

0                                      9.1920246589971555e-03
1                                     -3.0244434157204347e-02
2                                     -3.4947567364398635e-02
3                                      2.3185639427363292e-02
4                                      8.2506859766014351e-02
5                                     -4.0526519963056629e-01
6                                     -4.2514183506455794e-01
7                                     -3.7220534919373804e-01
8                                      2.6935708643556389e-01
9                                     -9.2664874548457732e-02
10                                    -1.0029397845229138e-01
11                                    -6.1597362435824587e-02
12                                    -2.1221226690297357e-02
13                                     4.8450008630152475e-02
14                                    -5.5295382619237055e-02
15                                    -1.8908282274944455e-02
16                                    -6.7764686709702371e-02
17                                     2.0532028668546154e-01
18                                    -9.8200405858368534e-03
19                                    -3.3880366424190456e-01
20                                     1.4513980526914738e-01
21                                     7.2337155723715796e-02
22                                    -4.1017199744701394e-01
23                                    -4.1114298518034431e-01
$End
$Loewdin_Population_Analysis
   &GeometryIndex 1
   &ListStatus       OUT
   &NATOMS [&Type "Integer"] 24
   &ATNO [&Type "ArrayOfIntegers", &Dim (24,1)] 
                                                         0

0                                                        6
1                                                        1
2                                                        1
3                                                        6
4                                                        6
5                                                        8
6                                                        8
7                                                        8
8                                                        6
9                                                        1
10                                                       6
11                                                       1
12                                                       6
13                                                       6
14                                                       1
15                                                       6
16                                                       1
17                                                       6
18                                                       1
19                                                       8
20                                                       1
21                                                       6
22                                                       8
23                                                       8
   &ATOMICCHARGES [&Type "ArrayOfDoubles", &Dim (24,1)] 
                                                         0

0                                     -9.9320999706959512e-02
1                                      3.7800646833550111e-03
2                                      8.1398544083095548e-03
3                                     -2.2454749887286241e-03
4                                     -6.1737765515688103e-02
5                                     -3.7819908564275373e-01
6                                     -3.8677895413374941e-01
7                                     -1.5720239040030570e-01
8                                      7.7982019982769657e-02
9                                     -6.5857487607166032e-03
10                                    -4.6721950035361282e-02
11                                     1.7905522926013884e-03
12                                    -5.7379538960424803e-02
13                                    -4.1722337898359996e-03
14                                     1.3456263339249097e-02
15                                    -5.2726356904545746e-02
16                                     6.7884096465642418e-04
17                                     4.0557804782047846e-02
18                                     1.0384422876464461e-02
19                                    -1.7355813467464820e-01
20                                     7.7063213039892942e-02
21                                    -4.1719814084297369e-02
22                                    -3.8535961549639097e-01
23                                    -3.8012497327476424e-01
$End
$Mayer_Population_Analysis
   &GeometryIndex 1
   &ListStatus       OUT
   &NATOMS [&Type "Integer"] 24 "Total number of atoms"
   &BONDTHRESH [&Type "Double"]       1.0000000000000001e-01  "The threshold for printing"
   &NBONDORDERSPRINT [&Type "Integer"] 27 "The number of bond orders larger than threshold"
   &BONDORDERS [&Type "ArrayOfDoubles", &Dim (27,1)] "The bond orders"
                                                         0

0                                      9.1248990429457133e-01
1                                      9.1508911341884436e-01
2                                      1.9578625678985202e+00
3                                      8.3122289452474440e-01
4                                      1.0379276981309453e+00
5                                      1.9021362261248829e+00
6                                      1.7724279302244175e+00
7                                      1.2057208888906612e-01
8                                      1.0602691455349303e-01
9                                      9.5090327565922828e-01
10                                     8.8711992659212480e-01
11                                     9.7078281215172879e-01
12                                     9.5891334119060401e-01
13                                     9.3572098296039330e-01
14                                     1.7728127292907143e+00
15                                     1.1039033253377852e+00
16                                     8.3021467919332892e-01
17                                     9.5967369889513021e-01
18                                     1.7630843674092733e+00
19                                     9.5585733646141635e-01
20                                     9.6979385665520490e-01
21                                     8.8731437959326098e-01
22                                     1.0275696159090413e+00
23                                     9.7423533183276489e-01
24                                     1.8895613272531924e+00
25                                     1.8516903177965522e+00
26                                     1.2318323856595560e-01
   &COMPONENTS [&Type "ArrayOfIntegers", &Dim (27,4)] "The indices and atomic numbers of the bonding atoms"
                                                         0                           1                           2                           3

0                                                        0                           6                           1                           1
1                                                        0                           6                           2                           1
2                                                        0                           6                           3                           6
3                                                        3                           6                           4                           6
4                                                        3                           6                           7                           8
5                                                        4                           6                           5                           8
6                                                        4                           6                           6                           8
7                                                        5                           8                           6                           8
8                                                        6                           8                          18                           1
9                                                        7                           8                           8                           6
10                                                       8                           6                           9                           1
11                                                       8                           6                          10                           6
12                                                       8                           6                          17                           6
13                                                      10                           6                          11                           1
14                                                      10                           6                          12                           6
15                                                      12                           6                          13                           6
16                                                      12                           6                          21                           6
17                                                      13                           6                          14                           1
18                                                      13                           6                          15                           6
19                                                      15                           6                          16                           1
20                                                      15                           6                          17                           6
21                                                      17                           6                          18                           1
22                                                      17                           6                          19                           8
23                                                      19                           8                          20                           1
24                                                      21                           6                          22                           8
25                                                      21                           6                          23                           8
26                                                      22                           8                          23                           8
   &ATNO [&Type "ArrayOfIntegers", &Dim (24,1)] "Atomic number of the elements"
                                                         0

0                                                        6
1                                                        1
2                                                        1
3                                                        6
4                                                        6
5                                                        8
6                                                        8
7                                                        8
8                                                        6
9                                                        1
10                                                       6
11                                                       1
12                                                       6
13                                                       6
14                                                       1
15                                                       6
16                                                       1
17                                                       6
18                                                       1
19                                                       8
20                                                       1
21                                                       6
22                                                       8
23                                                       8
   &NA [&Type "ArrayOfDoubles", &Dim (24,1)] "Mulliken gross atomic population"
                                                         0

0                                      5.9908079753410002e+00
1                                      1.0302444341572039e+00
2                                      1.0349475673643989e+00
3                                      5.9768143605726376e+00
4                                      5.9174931402339848e+00
5                                      8.4052651996305610e+00
6                                      8.4251418350645597e+00
7                                      8.3722053491937398e+00
8                                      5.7306429135644379e+00
9                                      1.0926648745484577e+00
10                                     6.1002939784522949e+00
11                                     1.0615973624358248e+00
12                                     6.0212212266902947e+00
13                                     5.9515499913698413e+00
14                                     1.0552953826192373e+00
15                                     6.0189082822749436e+00
16                                     1.0677646867097021e+00
17                                     5.7946797133145349e+00
18                                     1.0098200405858366e+00
19                                     8.3388036642419046e+00
20                                     8.5486019473085240e-01
21                                     5.9276628442762824e+00
22                                     8.4101719974470175e+00
23                                     8.4111429851803425e+00
   &ZA [&Type "ArrayOfDoubles", &Dim (24,1)] "Total nuclear charge"
                                                         0

0                                      6.0000000000000000e+00
1                                      1.0000000000000000e+00
2                                      1.0000000000000000e+00
3                                      6.0000000000000000e+00
4                                      6.0000000000000000e+00
5                                      8.0000000000000000e+00
6                                      8.0000000000000000e+00
7                                      8.0000000000000000e+00
8                                      6.0000000000000000e+00
9                                      1.0000000000000000e+00
10                                     6.0000000000000000e+00
11                                     1.0000000000000000e+00
12                                     6.0000000000000000e+00
13                                     6.0000000000000000e+00
14                                     1.0000000000000000e+00
15                                     6.0000000000000000e+00
16                                     1.0000000000000000e+00
17                                     6.0000000000000000e+00
18                                     1.0000000000000000e+00
19                                     8.0000000000000000e+00
20                                     1.0000000000000000e+00
21                                     6.0000000000000000e+00
22                                     8.0000000000000000e+00
23                                     8.0000000000000000e+00
   &QA [&Type "ArrayOfDoubles", &Dim (24,1)] "Mulliken gross atomic charge"
                                                         0

0                                      9.1920246589998200e-03
1                                     -3.0244434157203903e-02
2                                     -3.4947567364398857e-02
3                                      2.3185639427362403e-02
4                                      8.2506859766015239e-02
5                                     -4.0526519963056096e-01
6                                     -4.2514183506455971e-01
7                                     -3.7220534919373982e-01
8                                      2.6935708643556211e-01
9                                     -9.2664874548457732e-02
10                                    -1.0029397845229493e-01
11                                    -6.1597362435824810e-02
12                                    -2.1221226690294692e-02
13                                     4.8450008630158692e-02
14                                    -5.5295382619237277e-02
15                                    -1.8908282274943566e-02
16                                    -6.7764686709702149e-02
17                                     2.0532028668546509e-01
18                                    -9.8200405858366313e-03
19                                    -3.3880366424190456e-01
20                                     1.4513980526914760e-01
21                                     7.2337155723717572e-02
22                                    -4.1017199744701749e-01
23                                    -4.1114298518034254e-01
   &VA [&Type "ArrayOfDoubles", &Dim (24,1)] "Mayer's total valence"
                                                         0

0                                      3.8886024546374429e+00
1                                      9.9350966883699110e-01
2                                      1.0103193388059069e+00
3                                      3.9302456369960148e+00
4                                      4.5079518074596781e+00
5                                      2.0923221847943942e+00
6                                      2.0404370641555638e+00
7                                      2.0907124185330415e+00
8                                      3.8262331803578356e+00
9                                      9.9391978400282921e-01
10                                     3.8771009587020715e+00
11                                     1.0323192284405054e+00
12                                     3.7088989711370002e+00
13                                     3.9093444890734736e+00
14                                     1.0399028613305406e+00
15                                     3.8123306715531395e+00
16                                     9.8051709975463874e-01
17                                     3.8783263692526080e+00
18                                     1.0764696758698571e+00
19                                     2.0226667043979423e+00
20                                     1.0180042251846526e+00
21                                     4.5581437484367910e+00
22                                     2.0865254499526675e+00
23                                     2.0839438376902479e+00
   &BVA [&Type "ArrayOfDoubles", &Dim (24,1)] "Mayer's bonded valence"
                                                         0

0                                      3.8886024546374545e+00
1                                      9.9350966883698366e-01
2                                      1.0103193388059040e+00
3                                      3.9302456369959944e+00
4                                      4.5079518074596248e+00
5                                      2.0923221847944085e+00
6                                      2.0404370641555154e+00
7                                      2.0907124185330392e+00
8                                      3.8262331803578369e+00
9                                      9.9391978400282521e-01
10                                     3.8771009587021172e+00
11                                     1.0323192284405214e+00
12                                     3.7088989711370099e+00
13                                     3.9093444890733937e+00
14                                     1.0399028613305210e+00
15                                     3.8123306715531289e+00
16                                     9.8051709975463464e-01
17                                     3.8783263692525969e+00
18                                     1.0764696758698620e+00
19                                     2.0226667043979045e+00
20                                     1.0180042251846513e+00
21                                     4.5581437484368230e+00
22                                     2.0865254499526511e+00
23                                     2.0839438376902475e+00
   &FA [&Type "ArrayOfDoubles", &Dim (24,1)] "Mayer's free valence"
                                                         0

0                                      0.0000000000000000e+00
1                                      0.0000000000000000e+00
2                                      0.0000000000000000e+00
3                                      0.0000000000000000e+00
4                                      0.0000000000000000e+00
5                                      0.0000000000000000e+00
6                                      0.0000000000000000e+00
7                                      0.0000000000000000e+00
8                                      0.0000000000000000e+00
9                                      0.0000000000000000e+00
10                                     0.0000000000000000e+00
11                                     0.0000000000000000e+00
12                                     0.0000000000000000e+00
13                                     0.0000000000000000e+00
14                                     0.0000000000000000e+00
15                                     0.0000000000000000e+00
16                                     0.0000000000000000e+00
17                                     0.0000000000000000e+00
18                                     0.0000000000000000e+00
19                                     0.0000000000000000e+00
20                                     0.0000000000000000e+00
21                                     0.0000000000000000e+00
22                                     0.0000000000000000e+00
23                                     0.0000000000000000e+00
$End
$VdW_Correction
   &GeometryIndex 1
   &ListStatus       OUT
   &VDW [&Type "Double"]      -5.2528694940188796e-02
$End
$Calculation_Info
   &GeometryIndex 1
   &ListStatus       OUT
   &MULT [&Type "Integer"] 1
   &CHARGE [&Type "Integer"] -2
   &NUMOFATOMS [&Type "Integer"] 24
   &NUMOFELECTRONS [&Type "Integer"] 118
   &NUMOFFCELECTRONS [&Type "Integer"] 1
   &NUMOFCORRELECTRONS [&Type "Integer"] 0
   &NUMOFBASISFUNCTS [&Type "Integer"] 264
   &NUMOFAUXCBASISFUNCTS [&Type "Integer"] 0
   &NUMOFAUXJBASISFUNCTS [&Type "Integer"] 872
   &NUMOFAUXJKBASISFUNCTS [&Type "Integer"] 0
   &NUMOFCABSBASISFUNCTS [&Type "Integer"] 0
   &TOTALENERGY [&Type "Double"]      -8.3614361501982125e+02  "Hartrees"
$End
$SCF_Dipole_Moment
   &GeometryIndex 1
   &ListStatus       OUT
   &METHOD [&Type "String"] "SCF"
   &LEVEL [&Type "String"] "Relaxed density"
   &MULT [&Type "Integer"] 1
   &STATE [&Type "Integer"] -1
   &IRREP [&Type "Integer"] 0
   &NATOMS [&Type "Integer"] 24
   &DODIPOLEATOM [&Type "Boolean"] false
   &DIPOLEELECCONTRIB [&Type "ArrayOfDoubles", &Dim (3,1)] "Electronic contribution"
                                                         0

0                                      8.6852006832432460e-01
1                                      3.1420452066112636e-01
2                                      4.9028129225791767e-01
   &DIPOLENUCCONTRIB [&Type "ArrayOfDoubles", &Dim (3,1)] "Nuclear contribution"
                                                         0

0                                     -3.3827760184316560e+00
1                                     -2.0126819157642259e+00
2                                     -2.0535894521968174e+00
   &DIPOLETOTAL [&Type "ArrayOfDoubles", &Dim (3,1)] "Total"
                                                         0

0                                     -2.5142559501073314e+00
1                                     -1.6984773951030996e+00
2                                     -1.5633081599388998e+00
   &DIPOLEMAGNITUDE [&Type "Double", &Units "a.u."]       3.4132449146315125e+00
$End
