*************************************************
******************* ORCA 6.0.1 ******************
*************************************************
$Calculation_Status
   &GeometryIndex 1
   &ListStatus       OUT
   &VERSION [&Type "String"] "6.0.1"
   &PROGNAME [&Type "String"] "LeanSCF"
   &STATUS [&Type "String"] "NORMAL TERMINATION"
$End
$Geometry
   &GeometryIndex 1
   &ListStatus       OUT
   &NATOMS [&Type "Integer"] 24
   &NCORELESSECP [&Type "Integer"] 0
   &NGHOSTATOMS [&Type "Integer"] 0
   &CartesianCoordinates [&Type "Coordinates", &Dim(24,4), &Units "Bohr"] 
              C     85.663175376784   56.242029197764  129.075853851357
              H     86.710083654977   54.467576358012  129.155222348982
              H     86.385050759942   57.880421755874  130.086857333005
              C     83.529674571587   56.451788798630  127.736038022407
              C     82.065136817798   58.934888938602  127.590529110095
              O     83.068581394910   60.839732881595  128.561848342931
              O     79.935415464869   58.891425237522  126.522833844430
              O     82.537568351279   54.391987312655  126.485039321751
              C     83.333143053659   53.849635912220  123.865878900136
              H     82.707643703331   51.895659089745  123.574861075512
              C     86.152614445470   54.099079761898  123.710921357155
              H     87.335583005305   52.609975568368  124.512165237937
              C     87.227868615671   56.276044268175  122.936133642247
              C     85.651837019981   58.260256708792  121.813636318698
              H     86.606148717611   60.017702013339  121.307189714807
              C     83.183854689080   57.901208743347  121.344984237485
              H     82.093482709807   59.373305401672  120.400121170525
              C     81.804354611317   55.508815457803  122.004498658224
              H     80.094152460118   56.056836036640  123.047627484148
              O     81.144840190579   54.180337985656  119.770842367929
              H     79.313695566809   53.679560560167  119.855880043955
              C     90.043560555214   56.814616216342  123.263056263415
              O     91.424950359110   55.151657218492  124.232485770117
              O     90.761656486104   58.993470448754  122.573306224534
$End
$SCF_Energy
   &GeometryIndex 1
   &ListStatus       OUT
   &SCF_ENERGY [&Type "Double"]      -8.3608920235052290e+02
$End
$DFT_Energy
   &GeometryIndex 1
   &ListStatus       OUT
   &NALPHAEL [&Type "Integer"] 59
   &NBETAEL [&Type "Integer"] 59
   &NTOTALEL [&Type "Integer"] 117
   &EEXCHANGE [&Type "Double"]      -8.3121406081805958e+01
   &ECORR [&Type "Double"]      -4.8454135877328541e+00
   &ECNL [&Type "Double"]       0.0000000000000000e+00
   &EXC [&Type "Double"]      -8.7966819669538808e+01
   &EEMBED [&Type "Double"]       0.0000000000000000e+00
   &FINALEN [&Type "Double"]      -8.3608920235052290e+02  "No Van der Waals correction"
$End
$Mulliken_Population_Analysis
   &GeometryIndex 1
   &ListStatus       OUT
   &NATOMS [&Type "Integer"] 24
   &ATNO [&Type "ArrayOfIntegers", &Dim (24,1)] 
                                                         0

0                                                        6
1                                                        1
2                                                        1
3                                                        6
4                                                        6
5                                                        8
6                                                        8
7                                                        8
8                                                        6
9                                                        1
10                                                       6
11                                                       1
12                                                       6
13                                                       6
14                                                       1
15                                                       6
16                                                       1
17                                                       6
18                                                       1
19                                                       8
20                                                       1
21                                                       6
22                                                       8
23                                                       8
   &ATOMICCHARGES [&Type "ArrayOfDoubles", &Dim (24,1)] 
                                                         0

0                                      1.4555681170110191e-02
1                                     -4.7373062027085355e-02
2                                     -2.7561157713836160e-02
3                                      1.9479650882401778e-02
4                                      9.0020922020313421e-02
5                                     -3.9635078480502450e-01
6                                     -4.2026546312977331e-01
7                                     -3.7975696098832579e-01
8                                      2.6603503077114521e-01
9                                     -9.5846115530074716e-02
10                                    -1.1051119100531537e-01
11                                    -6.3637820656432087e-02
12                                    -1.1878465352974210e-02
13                                     4.0260867093278030e-02
14                                    -5.5547184440163377e-02
15                                    -1.5689222792087953e-02
16                                    -7.9801636796446918e-02
17                                     2.2994993958055066e-01
18                                    -1.4516169177965610e-02
19                                    -3.3993477016970353e-01
20                                     1.4420169915138104e-01
21                                     8.0594561261609243e-02
22                                    -4.0817796783633220e-01
23                                    -4.1825037950917832e-01
$End
$Loewdin_Population_Analysis
   &GeometryIndex 1
   &ListStatus       OUT
   &NATOMS [&Type "Integer"] 24
   &ATNO [&Type "ArrayOfIntegers", &Dim (24,1)] 
                                                         0

0                                                        6
1                                                        1
2                                                        1
3                                                        6
4                                                        6
5                                                        8
6                                                        8
7                                                        8
8                                                        6
9                                                        1
10                                                       6
11                                                       1
12                                                       6
13                                                       6
14                                                       1
15                                                       6
16                                                       1
17                                                       6
18                                                       1
19                                                       8
20                                                       1
21                                                       6
22                                                       8
23                                                       8
   &ATOMICCHARGES [&Type "ArrayOfDoubles", &Dim (24,1)] 
                                                         0

0                                     -9.6708855414934014e-02
1                                     -3.0586363487550283e-03
2                                      1.1145439001368107e-02
3                                     -3.8038376124536200e-03
4                                     -5.6737441894762597e-02
5                                     -3.6920312850628179e-01
6                                     -3.8477109197916448e-01
7                                     -1.6456333012780888e-01
8                                      8.0712781749658014e-02
9                                     -8.8091779185324182e-03
10                                    -5.3842857968620983e-02
11                                     1.4213361873502972e-03
12                                    -5.0694716515487848e-02
13                                    -1.1026336649821999e-02
14                                     1.3871724457204415e-02
15                                    -4.7780945245605722e-02
16                                    -3.4726854143369845e-03
17                                     4.0176493642948508e-02
18                                     1.0218113821330643e-02
19                                    -1.7428047148445103e-01
20                                     7.4552680034733476e-02
21                                    -3.7152530587007959e-02
22                                    -3.8167379166255344e-01
23                                    -3.8451873356388688e-01
$End
$Mayer_Population_Analysis
   &GeometryIndex 1
   &ListStatus       OUT
   &NATOMS [&Type "Integer"] 24 "Total number of atoms"
   &BONDTHRESH [&Type "Double"]       1.0000000000000001e-01  "The threshold for printing"
   &NBONDORDERSPRINT [&Type "Integer"] 27 "The number of bond orders larger than threshold"
   &BONDORDERS [&Type "ArrayOfDoubles", &Dim (27,1)] "The bond orders"
                                                         0

0                                      9.1327990309661289e-01
1                                      9.0648637313162583e-01
2                                      1.9628389560198383e+00
3                                      8.3028670228956081e-01
4                                      1.0346001786990584e+00
5                                      1.8993982463443508e+00
6                                      1.7798459750079012e+00
7                                      1.2279315977798480e-01
8                                      1.0889436279027739e-01
9                                      9.4684590112807543e-01
10                                     8.8488123270293262e-01
11                                     9.8659878472232532e-01
12                                     9.5630281905305758e-01
13                                     9.3503427057256983e-01
14                                     1.7724289511441866e+00
15                                     1.0986010395791574e+00
16                                     8.3227497396393035e-01
17                                     9.6169989895131336e-01
18                                     1.7683392630056498e+00
19                                     9.5124449136478073e-01
20                                     9.6279999099569991e-01
21                                     8.7517454069168144e-01
22                                     1.0232904568655763e+00
23                                     9.7768395641624550e-01
24                                     1.8956607571340114e+00
25                                     1.8391291871288069e+00
26                                     1.2766421387999999e-01
   &COMPONENTS [&Type "ArrayOfIntegers", &Dim (27,4)] "The indices and atomic numbers of the bonding atoms"
                                                         0                           1                           2                           3

0                                                        0                           6                           1                           1
1                                                        0                           6                           2                           1
2                                                        0                           6                           3                           6
3                                                        3                           6                           4                           6
4                                                        3                           6                           7                           8
5                                                        4                           6                           5                           8
6                                                        4                           6                           6                           8
7                                                        5                           8                           6                           8
8                                                        6                           8                          18                           1
9                                                        7                           8                           8                           6
10                                                       8                           6                           9                           1
11                                                       8                           6                          10                           6
12                                                       8                           6                          17                           6
13                                                      10                           6                          11                           1
14                                                      10                           6                          12                           6
15                                                      12                           6                          13                           6
16                                                      12                           6                          21                           6
17                                                      13                           6                          14                           1
18                                                      13                           6                          15                           6
19                                                      15                           6                          16                           1
20                                                      15                           6                          17                           6
21                                                      17                           6                          18                           1
22                                                      17                           6                          19                           8
23                                                      19                           8                          20                           1
24                                                      21                           6                          22                           8
25                                                      21                           6                          23                           8
26                                                      22                           8                          23                           8
   &ATNO [&Type "ArrayOfIntegers", &Dim (24,1)] "Atomic number of the elements"
                                                         0

0                                                        6
1                                                        1
2                                                        1
3                                                        6
4                                                        6
5                                                        8
6                                                        8
7                                                        8
8                                                        6
9                                                        1
10                                                       6
11                                                       1
12                                                       6
13                                                       6
14                                                       1
15                                                       6
16                                                       1
17                                                       6
18                                                       1
19                                                       8
20                                                       1
21                                                       6
22                                                       8
23                                                       8
   &NA [&Type "ArrayOfDoubles", &Dim (24,1)] "Mulliken gross atomic population"
                                                         0

0                                      5.9854443188298863e+00
1                                      1.0473730620270845e+00
2                                      1.0275611577138366e+00
3                                      5.9805203491175964e+00
4                                      5.9099790779796839e+00
5                                      8.3963507848050298e+00
6                                      8.4202654631297715e+00
7                                      8.3797569609883240e+00
8                                      5.7339649692288583e+00
9                                      1.0958461155300754e+00
10                                     6.1105111910053163e+00
11                                     1.0636378206564308e+00
12                                     6.0118784653529751e+00
13                                     5.9597391329067202e+00
14                                     1.0555471844401632e+00
15                                     6.0156892227920844e+00
16                                     1.0798016367964467e+00
17                                     5.7700500604194485e+00
18                                     1.0145161691779654e+00
19                                     8.3399347701697000e+00
20                                     8.5579830084861919e-01
21                                     5.9194054387383899e+00
22                                     8.4081779678363322e+00
23                                     8.4182503795091765e+00
   &ZA [&Type "ArrayOfDoubles", &Dim (24,1)] "Total nuclear charge"
                                                         0

0                                      6.0000000000000000e+00
1                                      1.0000000000000000e+00
2                                      1.0000000000000000e+00
3                                      6.0000000000000000e+00
4                                      6.0000000000000000e+00
5                                      8.0000000000000000e+00
6                                      8.0000000000000000e+00
7                                      8.0000000000000000e+00
8                                      6.0000000000000000e+00
9                                      1.0000000000000000e+00
10                                     6.0000000000000000e+00
11                                     1.0000000000000000e+00
12                                     6.0000000000000000e+00
13                                     6.0000000000000000e+00
14                                     1.0000000000000000e+00
15                                     6.0000000000000000e+00
16                                     1.0000000000000000e+00
17                                     6.0000000000000000e+00
18                                     1.0000000000000000e+00
19                                     8.0000000000000000e+00
20                                     1.0000000000000000e+00
21                                     6.0000000000000000e+00
22                                     8.0000000000000000e+00
23                                     8.0000000000000000e+00
   &QA [&Type "ArrayOfDoubles", &Dim (24,1)] "Mulliken gross atomic charge"
                                                         0

0                                      1.4555681170113743e-02
1                                     -4.7373062027084467e-02
2                                     -2.7561157713836604e-02
3                                      1.9479650882403554e-02
4                                      9.0020922020316085e-02
5                                     -3.9635078480502983e-01
6                                     -4.2026546312977153e-01
7                                     -3.7975696098832401e-01
8                                      2.6603503077114166e-01
9                                     -9.5846115530075382e-02
10                                    -1.1051119100531626e-01
11                                    -6.3637820656430755e-02
12                                    -1.1878465352975098e-02
13                                     4.0260867093279806e-02
14                                    -5.5547184440163155e-02
15                                    -1.5689222792084401e-02
16                                    -7.9801636796446695e-02
17                                     2.2994993958055154e-01
18                                    -1.4516169177965388e-02
19                                    -3.3993477016969997e-01
20                                     1.4420169915138081e-01
21                                     8.0594561261610131e-02
22                                    -4.0817796783633220e-01
23                                    -4.1825037950917654e-01
   &VA [&Type "ArrayOfDoubles", &Dim (24,1)] "Mayer's total valence"
                                                         0

0                                      3.8840222136642852e+00
1                                      9.8612676911744024e-01
2                                      1.0221674558328477e+00
3                                      3.9365655438914917e+00
4                                      4.5122159491334646e+00
5                                      2.1076422517577189e+00
6                                      2.0642621312751999e+00
7                                      2.0803650534398774e+00
8                                      3.8434360200576720e+00
9                                      9.9489937531308215e-01
10                                     3.8916347099293747e+00
11                                     1.0290545067480390e+00
12                                     3.6994485920922804e+00
13                                     3.9116046061941181e+00
14                                     1.0399979018106147e+00
15                                     3.8363198616176946e+00
16                                     9.8059075199341383e-01
17                                     3.8359987091144330e+00
18                                     1.0810951493615004e+00
19                                     2.0218060473867161e+00
20                                     1.0189949862631851e+00
21                                     4.5547195559529454e+00
22                                     2.0905877859590043e+00
23                                     2.0793852442692708e+00
   &BVA [&Type "ArrayOfDoubles", &Dim (24,1)] "Mayer's bonded valence"
                                                         0

0                                      3.8840222136642280e+00
1                                      9.8612676911743047e-01
2                                      1.0221674558328349e+00
3                                      3.9365655438914127e+00
4                                      4.5122159491334708e+00
5                                      2.1076422517577331e+00
6                                      2.0642621312751928e+00
7                                      2.0803650534398681e+00
8                                      3.8434360200577231e+00
9                                      9.9489937531308670e-01
10                                     3.8916347099294359e+00
11                                     1.0290545067480492e+00
12                                     3.6994485920922937e+00
13                                     3.9116046061941239e+00
14                                     1.0399979018106238e+00
15                                     3.8363198616177105e+00
16                                     9.8059075199341206e-01
17                                     3.8359987091144205e+00
18                                     1.0810951493614929e+00
19                                     2.0218060473867023e+00
20                                     1.0189949862631802e+00
21                                     4.5547195559528921e+00
22                                     2.0905877859589381e+00
23                                     2.0793852442692593e+00
   &FA [&Type "ArrayOfDoubles", &Dim (24,1)] "Mayer's free valence"
                                                         0

0                                      0.0000000000000000e+00
1                                      0.0000000000000000e+00
2                                      0.0000000000000000e+00
3                                      0.0000000000000000e+00
4                                      0.0000000000000000e+00
5                                      0.0000000000000000e+00
6                                      0.0000000000000000e+00
7                                      0.0000000000000000e+00
8                                      0.0000000000000000e+00
9                                      0.0000000000000000e+00
10                                     0.0000000000000000e+00
11                                     0.0000000000000000e+00
12                                     0.0000000000000000e+00
13                                     0.0000000000000000e+00
14                                     0.0000000000000000e+00
15                                     0.0000000000000000e+00
16                                     0.0000000000000000e+00
17                                     0.0000000000000000e+00
18                                     0.0000000000000000e+00
19                                     0.0000000000000000e+00
20                                     0.0000000000000000e+00
21                                     0.0000000000000000e+00
22                                     0.0000000000000000e+00
23                                     0.0000000000000000e+00
$End
$VdW_Correction
   &GeometryIndex 1
   &ListStatus       OUT
   &VDW [&Type "Double"]      -5.2249477475217215e-02
$End
$Calculation_Info
   &GeometryIndex 1
   &ListStatus       OUT
   &MULT [&Type "Integer"] 1
   &CHARGE [&Type "Integer"] -2
   &NUMOFATOMS [&Type "Integer"] 24
   &NUMOFELECTRONS [&Type "Integer"] 118
   &NUMOFFCELECTRONS [&Type "Integer"] 1
   &NUMOFCORRELECTRONS [&Type "Integer"] 0
   &NUMOFBASISFUNCTS [&Type "Integer"] 264
   &NUMOFAUXCBASISFUNCTS [&Type "Integer"] 0
   &NUMOFAUXJBASISFUNCTS [&Type "Integer"] 872
   &NUMOFAUXJKBASISFUNCTS [&Type "Integer"] 0
   &NUMOFCABSBASISFUNCTS [&Type "Integer"] 0
   &TOTALENERGY [&Type "Double"]      -8.3614145182799814e+02  "Hartrees"
$End
$SCF_Dipole_Moment
   &GeometryIndex 1
   &ListStatus       OUT
   &METHOD [&Type "String"] "SCF"
   &LEVEL [&Type "String"] "Relaxed density"
   &MULT [&Type "Integer"] 1
   &STATE [&Type "Integer"] -1
   &IRREP [&Type "Integer"] 0
   &NATOMS [&Type "Integer"] 24
   &DODIPOLEATOM [&Type "Boolean"] false
   &DIPOLEELECCONTRIB [&Type "ArrayOfDoubles", &Dim (3,1)] "Electronic contribution"
                                                         0

0                                      1.0624111784203858e+00
1                                      1.2047305954709084e+00
2                                      4.1589537235830171e-01
   &DIPOLENUCCONTRIB [&Type "ArrayOfDoubles", &Dim (3,1)] "Nuclear contribution"
                                                         0

0                                     -3.5839387849935633e+00
1                                     -3.6990734907015792e+00
2                                     -1.9050202976491164e+00
   &DIPOLETOTAL [&Type "ArrayOfDoubles", &Dim (3,1)] "Total"
                                                         0

0                                     -2.5215276065731773e+00
1                                     -2.4943428952306705e+00
2                                     -1.4891249252908147e+00
   &DIPOLEMAGNITUDE [&Type "Double", &Units "a.u."]       3.8467312088084284e+00
$End
