*************************************************
******************* ORCA 6.0.1 ******************
*************************************************
$Calculation_Status
   &GeometryIndex 1
   &ListStatus       OUT
   &VERSION [&Type "String"] "6.0.1"
   &PROGNAME [&Type "String"] "LeanSCF"
   &STATUS [&Type "String"] "NORMAL TERMINATION"
$End
$Geometry
   &GeometryIndex 1
   &ListStatus       OUT
   &NATOMS [&Type "Integer"] 24
   &NCORELESSECP [&Type "Integer"] 0
   &NGHOSTATOMS [&Type "Integer"] 0
   &CartesianCoordinates [&Type "Coordinates", &Dim(24,4), &Units "Bohr"] 
              C     86.210525855549   56.349956009349  127.997634428932
              H     87.187470006862   54.543703595177  128.104965166948
              H     87.206507625872   57.986840867909  128.710932920671
              C     83.614046339565   56.381424161091  127.570402792674
              C     82.137679366802   58.906420669097  127.554388406599
              O     83.169349719051   60.804591237395  128.512256820368
              O     79.961369517827   58.869922763829  126.590472138564
              O     82.469451370949   54.377791209848  126.887849566578
              C     83.502219647240   53.435207064843  123.067660035665
              H     82.668188205085   51.561132952018  123.219498084667
              C     86.075653168586   53.796812831215  123.356470609866
              H     87.306920789670   52.249274097016  123.942356350887
              C     87.032594376255   56.272636041530  123.445752687156
              C     85.480030980739   58.297438672226  122.375467205424
              H     86.380338325339   60.138455866256  122.180025570375
              C     83.129371151801   57.858827817188  121.522130526144
              H     82.078065916276   59.336893256385  120.544034272933
              C     81.805162943800   55.375513744572  121.831612288506
              H     80.191953960490   55.721686037530  123.099676087998
              O     80.947985570256   54.450821679948  119.467339240249
              H     79.143848551896   53.847015926070  119.639226893128
              C     89.871255113895   56.808695516059  123.686845198316
              O     91.272637020784   55.126542883241  124.587977414913
              O     90.589885157489   58.945908050753  122.882827673594
$End
$SCF_Energy
   &GeometryIndex 1
   &ListStatus       OUT
   &SCF_ENERGY [&Type "Double"]      -8.3605884578041400e+02
$End
$DFT_Energy
   &GeometryIndex 1
   &ListStatus       OUT
   &NALPHAEL [&Type "Integer"] 59
   &NBETAEL [&Type "Integer"] 59
   &NTOTALEL [&Type "Integer"] 118
   &EEXCHANGE [&Type "Double"]      -8.3084255130839878e+01
   &ECORR [&Type "Double"]      -4.8432092613044588e+00
   &ECNL [&Type "Double"]       0.0000000000000000e+00
   &EXC [&Type "Double"]      -8.7927464392144344e+01
   &EEMBED [&Type "Double"]       0.0000000000000000e+00
   &FINALEN [&Type "Double"]      -8.3605884578041400e+02  "No Van der Waals correction"
$End
$Mulliken_Population_Analysis
   &GeometryIndex 1
   &ListStatus       OUT
   &NATOMS [&Type "Integer"] 24
   &ATNO [&Type "ArrayOfIntegers", &Dim (24,1)] 
                                                         0

0                                                        6
1                                                        1
2                                                        1
3                                                        6
4                                                        6
5                                                        8
6                                                        8
7                                                        8
8                                                        6
9                                                        1
10                                                       6
11                                                       1
12                                                       6
13                                                       6
14                                                       1
15                                                       6
16                                                       1
17                                                       6
18                                                       1
19                                                       8
20                                                       1
21                                                       6
22                                                       8
23                                                       8
   &ATOMICCHARGES [&Type "ArrayOfDoubles", &Dim (24,1)] 
                                                         0

0                                      8.0272901184456735e-02
1                                     -3.6604877212896847e-02
2                                     -1.7603822230485955e-02
3                                     -3.0276709788918055e-02
4                                      7.1663890918136630e-02
5                                     -4.0177973228136921e-01
6                                     -4.1710838534107886e-01
7                                     -3.3084102116163372e-01
8                                      4.7177501438135039e-02
9                                     -8.4784322671021872e-02
10                                     2.0244741599683813e-02
11                                    -6.6067668302882909e-02
12                                    -1.2641257626627755e-01
13                                     7.6030393447425126e-02
14                                    -4.4004359426198736e-02
15                                    -3.2268279925983023e-02
16                                    -7.6661963013978429e-02
17                                     2.9135019340286750e-01
18                                     2.8582536494574651e-03
19                                    -3.5200704216229362e-01
20                                     1.4216937362047743e-01
21                                     1.0717708882677091e-01
22                                    -4.1227828666042754e-01
23                                    -4.1024529164191570e-01
$End
$Loewdin_Population_Analysis
   &GeometryIndex 1
   &ListStatus       OUT
   &NATOMS [&Type "Integer"] 24
   &ATNO [&Type "ArrayOfIntegers", &Dim (24,1)] 
                                                         0

0                                                        6
1                                                        1
2                                                        1
3                                                        6
4                                                        6
5                                                        8
6                                                        8
7                                                        8
8                                                        6
9                                                        1
10                                                       6
11                                                       1
12                                                       6
13                                                       6
14                                                       1
15                                                       6
16                                                       1
17                                                       6
18                                                       1
19                                                       8
20                                                       1
21                                                       6
22                                                       8
23                                                       8
   &ATOMICCHARGES [&Type "ArrayOfDoubles", &Dim (24,1)] 
                                                         0

0                                     -4.5439591595721751e-02
1                                      2.1065261119582734e-03
2                                      1.0486282597071961e-02
3                                     -3.4965979194393704e-02
4                                     -6.7063923199589759e-02
5                                     -3.7234305804548917e-01
6                                     -3.8310649775098149e-01
7                                     -2.1846106984838798e-01
8                                      2.9745336146744350e-02
9                                     -6.1933616585474471e-03
10                                    -6.3401570465347667e-02
11                                     4.2861381069069227e-03
12                                     2.0535847232929783e-03
13                                    -1.0191113519526063e-02
14                                     1.7740951901665136e-02
15                                    -3.0691160086669278e-02
16                                    -3.2113584927251360e-04
17                                     4.2502872899484068e-02
18                                     1.6898072900485617e-02
19                                    -1.7900722361611443e-01
20                                     7.4952335851053653e-02
21                                    -3.3969535577811349e-02
22                                    -3.7867458870085713e-01
23                                    -3.7694229212988439e-01
$End
$Mayer_Population_Analysis
   &GeometryIndex 1
   &ListStatus       OUT
   &NATOMS [&Type "Integer"] 24 "Total number of atoms"
   &BONDTHRESH [&Type "Double"]       1.0000000000000001e-01  "The threshold for printing"
   &NBONDORDERSPRINT [&Type "Integer"] 28 "The number of bond orders larger than threshold"
   &BONDORDERS [&Type "ArrayOfDoubles", &Dim (28,1)] "The bond orders"
                                                         0

0                                      9.1376914298538781e-01
1                                      9.2913468198547244e-01
2                                      1.4176530873025148e+00
3                                      1.0530578145022422e-01
4                                      3.4944688801830459e-01
5                                      8.1077973993468988e-01
6                                      1.6214081539598575e+00
7                                      1.8784014978168002e+00
8                                      1.8035852913548385e+00
9                                      1.2336337474121227e-01
10                                     2.9406980365013663e-01
11                                     9.3660062941523414e-01
12                                     1.4965934975883779e+00
13                                     9.8616918954410793e-01
14                                     9.5456794586397709e-01
15                                     1.3193449582486350e+00
16                                     1.0878187629132299e+00
17                                     8.1847968054024500e-01
18                                     9.6775390385682525e-01
19                                     1.7474239490266414e+00
20                                     9.5374512711277615e-01
21                                     9.7818829984062039e-01
22                                     8.5245248068978707e-01
23                                     9.8643173440844978e-01
24                                     9.7496498449336111e-01
25                                     1.8615951443806484e+00
26                                     1.8503201711174722e+00
27                                     1.2571086015724534e-01
   &COMPONENTS [&Type "ArrayOfIntegers", &Dim (28,4)] "The indices and atomic numbers of the bonding atoms"
                                                         0                           1                           2                           3

0                                                        0                           6                           1                           1
1                                                        0                           6                           2                           1
2                                                        0                           6                           3                           6
3                                                        0                           6                           8                           6
4                                                        0                           6                          12                           6
5                                                        3                           6                           4                           6
6                                                        3                           6                           7                           8
7                                                        4                           6                           5                           8
8                                                        4                           6                           6                           8
9                                                        5                           8                           6                           8
10                                                       7                           8                           8                           6
11                                                       8                           6                           9                           1
12                                                       8                           6                          10                           6
13                                                       8                           6                          17                           6
14                                                      10                           6                          11                           1
15                                                      10                           6                          12                           6
16                                                      12                           6                          13                           6
17                                                      12                           6                          21                           6
18                                                      13                           6                          14                           1
19                                                      13                           6                          15                           6
20                                                      15                           6                          16                           1
21                                                      15                           6                          17                           6
22                                                      17                           6                          18                           1
23                                                      17                           6                          19                           8
24                                                      19                           8                          20                           1
25                                                      21                           6                          22                           8
26                                                      21                           6                          23                           8
27                                                      22                           8                          23                           8
   &ATNO [&Type "ArrayOfIntegers", &Dim (24,1)] "Atomic number of the elements"
                                                         0

0                                                        6
1                                                        1
2                                                        1
3                                                        6
4                                                        6
5                                                        8
6                                                        8
7                                                        8
8                                                        6
9                                                        1
10                                                       6
11                                                       1
12                                                       6
13                                                       6
14                                                       1
15                                                       6
16                                                       1
17                                                       6
18                                                       1
19                                                       8
20                                                       1
21                                                       6
22                                                       8
23                                                       8
   &NA [&Type "ArrayOfDoubles", &Dim (24,1)] "Mulliken gross atomic population"
                                                         0

0                                      5.9197270988155557e+00
1                                      1.0366048772128995e+00
2                                      1.0176038222304842e+00
3                                      6.0302767097889358e+00
4                                      5.9283361090818465e+00
5                                      8.4017797322813781e+00
6                                      8.4171083853410735e+00
7                                      8.3308410211616355e+00
8                                      5.9528224985618676e+00
9                                      1.0847843226710214e+00
10                                     5.9797552584003162e+00
11                                     1.0660676683028840e+00
12                                     6.1264125762662687e+00
13                                     5.9239696065525838e+00
14                                     1.0440043594262016e+00
15                                     6.0322682799260079e+00
16                                     1.0766619630139784e+00
17                                     5.7086498065971609e+00
18                                     9.9714174635054043e-01
19                                     8.3520070421622652e+00
20                                     8.5783062637952179e-01
21                                     5.8928229111732273e+00
22                                     8.4122782866604542e+00
23                                     8.4102452916419015e+00
   &ZA [&Type "ArrayOfDoubles", &Dim (24,1)] "Total nuclear charge"
                                                         0

0                                      6.0000000000000000e+00
1                                      1.0000000000000000e+00
2                                      1.0000000000000000e+00
3                                      6.0000000000000000e+00
4                                      6.0000000000000000e+00
5                                      8.0000000000000000e+00
6                                      8.0000000000000000e+00
7                                      8.0000000000000000e+00
8                                      6.0000000000000000e+00
9                                      1.0000000000000000e+00
10                                     6.0000000000000000e+00
11                                     1.0000000000000000e+00
12                                     6.0000000000000000e+00
13                                     6.0000000000000000e+00
14                                     1.0000000000000000e+00
15                                     6.0000000000000000e+00
16                                     1.0000000000000000e+00
17                                     6.0000000000000000e+00
18                                     1.0000000000000000e+00
19                                     8.0000000000000000e+00
20                                     1.0000000000000000e+00
21                                     6.0000000000000000e+00
22                                     8.0000000000000000e+00
23                                     8.0000000000000000e+00
   &QA [&Type "ArrayOfDoubles", &Dim (24,1)] "Mulliken gross atomic charge"
                                                         0

0                                      8.0272901184444301e-02
1                                     -3.6604877212899511e-02
2                                     -1.7603822230484178e-02
3                                     -3.0276709788935818e-02
4                                      7.1663890918153506e-02
5                                     -4.0177973228137809e-01
6                                     -4.1710838534107353e-01
7                                     -3.3084102116163550e-01
8                                      4.7177501438132374e-02
9                                     -8.4784322671021428e-02
10                                     2.0244741599683813e-02
11                                    -6.6067668302884019e-02
12                                    -1.2641257626626867e-01
13                                     7.6030393447416245e-02
14                                    -4.4004359426201622e-02
15                                    -3.2268279926007892e-02
16                                    -7.6661963013978429e-02
17                                     2.9135019340283907e-01
18                                     2.8582536494595745e-03
19                                    -3.5200704216226519e-01
20                                     1.4216937362047821e-01
21                                     1.0717708882677268e-01
22                                    -4.1227828666045419e-01
23                                    -4.1024529164190149e-01
   &VA [&Type "ArrayOfDoubles", &Dim (24,1)] "Mayer's total valence"
                                                         0

0                                      3.8336254148868605e+00
1                                      1.0133250389858737e+00
2                                      1.0198583612939383e+00
3                                      3.9895915805514370e+00
4                                      4.4948168676069349e+00
5                                      2.0924703973915859e+00
6                                      2.0711175219846143e+00
7                                      2.1273245206443638e+00
8                                      3.9405578170739841e+00
9                                      9.9008455059453437e-01
10                                     3.8936023879894517e+00
11                                     1.0214037849603983e+00
12                                     3.6888747317563357e+00
13                                     3.8793506603576309e+00
14                                     1.0424255769542090e+00
15                                     3.8862476942221704e+00
16                                     9.8642248919502595e-01
17                                     3.8112040017076927e+00
18                                     1.0789390821420370e+00
19                                     1.9998377569092924e+00
20                                     1.0226248579933750e+00
21                                     4.5252051344486253e+00
22                                     2.0763602458622943e+00
23                                     2.0934592448080900e+00
   &BVA [&Type "ArrayOfDoubles", &Dim (24,1)] "Mayer's bonded valence"
                                                         0

0                                      3.8336254148868663e+00
1                                      1.0133250389858588e+00
2                                      1.0198583612939340e+00
3                                      3.9895915805513997e+00
4                                      4.4948168676069864e+00
5                                      2.0924703973915393e+00
6                                      2.0711175219846112e+00
7                                      2.1273245206443860e+00
8                                      3.9405578170739792e+00
9                                      9.9008455059454259e-01
10                                     3.8936023879894686e+00
11                                     1.0214037849604138e+00
12                                     3.6888747317563384e+00
13                                     3.8793506603575514e+00
14                                     1.0424255769542015e+00
15                                     3.8862476942220607e+00
16                                     9.8642248919502518e-01
17                                     3.8112040017076185e+00
18                                     1.0789390821420333e+00
19                                     1.9998377569093835e+00
20                                     1.0226248579933790e+00
21                                     4.5252051344486182e+00
22                                     2.0763602458621557e+00
23                                     2.0934592448081530e+00
   &FA [&Type "ArrayOfDoubles", &Dim (24,1)] "Mayer's free valence"
                                                         0

0                                      0.0000000000000000e+00
1                                      0.0000000000000000e+00
2                                      0.0000000000000000e+00
3                                      0.0000000000000000e+00
4                                      0.0000000000000000e+00
5                                      0.0000000000000000e+00
6                                      0.0000000000000000e+00
7                                      0.0000000000000000e+00
8                                      0.0000000000000000e+00
9                                      0.0000000000000000e+00
10                                     0.0000000000000000e+00
11                                     0.0000000000000000e+00
12                                     0.0000000000000000e+00
13                                     0.0000000000000000e+00
14                                     0.0000000000000000e+00
15                                     0.0000000000000000e+00
16                                     0.0000000000000000e+00
17                                     0.0000000000000000e+00
18                                     0.0000000000000000e+00
19                                     0.0000000000000000e+00
20                                     0.0000000000000000e+00
21                                     0.0000000000000000e+00
22                                     0.0000000000000000e+00
23                                     0.0000000000000000e+00
$End
$VdW_Correction
   &GeometryIndex 1
   &ListStatus       OUT
   &VDW [&Type "Double"]      -5.6738715474984949e-02
$End
$Calculation_Info
   &GeometryIndex 1
   &ListStatus       OUT
   &MULT [&Type "Integer"] 1
   &CHARGE [&Type "Integer"] -2
   &NUMOFATOMS [&Type "Integer"] 24
   &NUMOFELECTRONS [&Type "Integer"] 118
   &NUMOFFCELECTRONS [&Type "Integer"] 1
   &NUMOFCORRELECTRONS [&Type "Integer"] 0
   &NUMOFBASISFUNCTS [&Type "Integer"] 264
   &NUMOFAUXCBASISFUNCTS [&Type "Integer"] 0
   &NUMOFAUXJBASISFUNCTS [&Type "Integer"] 872
   &NUMOFAUXJKBASISFUNCTS [&Type "Integer"] 0
   &NUMOFCABSBASISFUNCTS [&Type "Integer"] 0
   &TOTALENERGY [&Type "Double"]      -8.3611558449588904e+02  "Hartrees"
$End
$SCF_Dipole_Moment
   &GeometryIndex 1
   &ListStatus       OUT
   &METHOD [&Type "String"] "SCF"
   &LEVEL [&Type "String"] "Relaxed density"
   &MULT [&Type "Integer"] 1
   &STATE [&Type "Integer"] -1
   &IRREP [&Type "Integer"] 0
   &NATOMS [&Type "Integer"] 24
   &DODIPOLEATOM [&Type "Boolean"] false
   &DIPOLEELECCONTRIB [&Type "ArrayOfDoubles", &Dim (3,1)] "Electronic contribution"
                                                         0

0                                      1.0880441659174902e+00
1                                      1.5846255989872939e+00
2                                      1.4344038194134281e+00
   &DIPOLENUCCONTRIB [&Type "ArrayOfDoubles", &Dim (3,1)] "Nuclear contribution"
                                                         0

0                                     -3.0598310193065856e+00
1                                     -3.8354410341778902e+00
2                                     -3.1179603495363182e+00
   &DIPOLETOTAL [&Type "ArrayOfDoubles", &Dim (3,1)] "Total"
                                                         0

0                                     -1.9717868533890954e+00
1                                     -2.2508154351905962e+00
2                                     -1.6835565301228901e+00
   &DIPOLEMAGNITUDE [&Type "Double", &Units "a.u."]       3.4334350304920185e+00
$End
