*************************************************
******************* ORCA 6.0.1 ******************
*************************************************
$Calculation_Status
   &GeometryIndex 1
   &ListStatus       OUT
   &VERSION [&Type "String"] "6.0.1"
   &PROGNAME [&Type "String"] "LeanSCF"
   &STATUS [&Type "String"] "NORMAL TERMINATION"
$End
$Geometry
   &GeometryIndex 1
   &ListStatus       OUT
   &NATOMS [&Type "Integer"] 24
   &NCORELESSECP [&Type "Integer"] 0
   &NGHOSTATOMS [&Type "Integer"] 0
   &CartesianCoordinates [&Type "Coordinates", &Dim(24,4), &Units "Bohr"] 
              C    109.413253427907   62.440330917026  109.228060266782
              H    110.263630188171   60.614855471658  109.674035634388
              H    110.632126784286   64.063605666064  108.897358193346
              C    106.905586848193   62.733238467784  109.078771902202
              C    105.677264861144   65.280589296310  108.506184883624
              O    107.079441652514   67.051262683794  107.786199226600
              O    103.322666098278   65.444995469961  108.795312982114
              O    105.289871003690   60.752805479434  109.553093161817
              C    104.613349047747   59.008588257825  107.493291675843
              H    103.402034595903   57.602632014188  108.426816386000
              C    106.969837536746   57.806722436651  106.486067646463
              H    107.884464985564   56.317618243121  107.578329351869
              C    108.118791026170   58.719460159335  104.405479173015
              C    106.926373835666   60.769813014640  102.971177037369
              H    108.052650611483   61.576726073824  101.444278321161
              C    104.596341512541   61.627748679440  103.513528437804
              H    103.802656536294   63.211339179666  102.451502350541
              C    102.980625668039   60.389978061721  105.509079235225
              H    101.926158485311   61.856405541644  106.540869704346
              O    101.293100230447   58.679775910523  104.318551770855
              H     99.565890544043   58.847961536442  105.100898390298
              C    110.754958982991   57.850186137731  103.623132553572
              O    111.881235758808   56.276044268175  104.974286739326
              O    111.660137801139   58.874417702317  101.669155731097
$End
$SCF_Energy
   &GeometryIndex 1
   &ListStatus       OUT
   &SCF_ENERGY [&Type "Double"]      -8.3609453513768790e+02
$End
$DFT_Energy
   &GeometryIndex 1
   &ListStatus       OUT
   &NALPHAEL [&Type "Integer"] 59
   &NBETAEL [&Type "Integer"] 59
   &NTOTALEL [&Type "Integer"] 118
   &EEXCHANGE [&Type "Double"]      -8.3127931157904229e+01
   &ECORR [&Type "Double"]      -4.8459302314737638e+00
   &ECNL [&Type "Double"]       0.0000000000000000e+00
   &EXC [&Type "Double"]      -8.7973861389377987e+01
   &EEMBED [&Type "Double"]       0.0000000000000000e+00
   &FINALEN [&Type "Double"]      -8.3609453513768790e+02  "No Van der Waals correction"
$End
$Mulliken_Population_Analysis
   &GeometryIndex 1
   &ListStatus       OUT
   &NATOMS [&Type "Integer"] 24
   &ATNO [&Type "ArrayOfIntegers", &Dim (24,1)] 
                                                         0

0                                                        6
1                                                        1
2                                                        1
3                                                        6
4                                                        6
5                                                        8
6                                                        8
7                                                        8
8                                                        6
9                                                        1
10                                                       6
11                                                       1
12                                                       6
13                                                       6
14                                                       1
15                                                       6
16                                                       1
17                                                       6
18                                                       1
19                                                       8
20                                                       1
21                                                       6
22                                                       8
23                                                       8
   &ATOMICCHARGES [&Type "ArrayOfDoubles", &Dim (24,1)] 
                                                         0

0                                      1.6462642922832060e-03
1                                     -2.8051171575776745e-02
2                                     -3.2786471623522662e-02
3                                      1.6910352586434030e-02
4                                      8.5810461169202767e-02
5                                     -4.0561315722457003e-01
6                                     -4.2054692910092584e-01
7                                     -3.7165420060448717e-01
8                                      2.7293883322078205e-01
9                                     -9.2192335784030632e-02
10                                    -9.1886661095825772e-02
11                                    -6.4983895980602835e-02
12                                    -2.3153212337713391e-02
13                                     4.2055043688670857e-02
14                                    -5.5976537742559618e-02
15                                    -1.7539215802631070e-02
16                                    -6.4606043479915609e-02
17                                     2.0454125772883724e-01
18                                    -1.3221385008626463e-02
19                                    -3.3688673981132133e-01
20                                     1.4279724847952457e-01
21                                     6.9741462012732569e-02
22                                    -4.0316591663325063e-01
23                                    -4.1417704937281385e-01
$End
$Loewdin_Population_Analysis
   &GeometryIndex 1
   &ListStatus       OUT
   &NATOMS [&Type "Integer"] 24
   &ATNO [&Type "ArrayOfIntegers", &Dim (24,1)] 
                                                         0

0                                                        6
1                                                        1
2                                                        1
3                                                        6
4                                                        6
5                                                        8
6                                                        8
7                                                        8
8                                                        6
9                                                        1
10                                                       6
11                                                       1
12                                                       6
13                                                       6
14                                                       1
15                                                       6
16                                                       1
17                                                       6
18                                                       1
19                                                       8
20                                                       1
21                                                       6
22                                                       8
23                                                       8
   &ATOMICCHARGES [&Type "ArrayOfDoubles", &Dim (24,1)] 
                                                         0

0                                     -1.0196881152179493e-01
1                                      3.9692435573945861e-03
2                                      9.0198804391431464e-03
3                                     -5.9546593149155669e-03
4                                     -5.8901102317324927e-02
5                                     -3.7801280514985258e-01
6                                     -3.8483234075033224e-01
7                                     -1.5557667389998642e-01
8                                      7.9417191250310992e-02
9                                     -6.4844767206415632e-03
10                                    -4.8044306121457048e-02
11                                     1.3257804050772481e-03
12                                    -5.6849432154834290e-02
13                                    -5.7622405827721934e-03
14                                     1.2603153680831314e-02
15                                    -5.1684098650322419e-02
16                                     2.1889391636580324e-03
17                                     4.1525225299129609e-02
18                                     7.9382910782677119e-03
19                                    -1.7186492709016044e-01
20                                     7.4643575243436344e-02
21                                    -4.5315141038146045e-02
22                                    -3.7825055833820898e-01
23                                    -3.8312970646661704e-01
$End
$Mayer_Population_Analysis
   &GeometryIndex 1
   &ListStatus       OUT
   &NATOMS [&Type "Integer"] 24 "Total number of atoms"
   &BONDTHRESH [&Type "Double"]       1.0000000000000001e-01  "The threshold for printing"
   &NBONDORDERSPRINT [&Type "Integer"] 27 "The number of bond orders larger than threshold"
   &BONDORDERS [&Type "ArrayOfDoubles", &Dim (27,1)] "The bond orders"
                                                         0

0                                      9.1359960522745487e-01
1                                      9.0673599356336720e-01
2                                      1.9633651294528414e+00
3                                      8.3004015132457099e-01
4                                      1.0386618119270610e+00
5                                      1.8932102774495525e+00
6                                      1.7812869005478520e+00
7                                      1.2193130912973288e-01
8                                      1.1260104135930536e-01
9                                      9.4698909482848403e-01
10                                     8.8874709000967533e-01
11                                     9.6776353980801333e-01
12                                     9.6445129963443055e-01
13                                     9.3649563210845066e-01
14                                     1.7746286655280361e+00
15                                     1.1025767295788762e+00
16                                     8.2997761454816654e-01
17                                     9.5993786321977637e-01
18                                     1.7650979813974090e+00
19                                     9.5724232084260652e-01
20                                     9.6892455288468304e-01
21                                     8.8812338133793189e-01
22                                     1.0260106380049894e+00
23                                     9.7656683701064717e-01
24                                     1.8965727775899932e+00
25                                     1.8513166069977376e+00
26                                     1.2405033628293902e-01
   &COMPONENTS [&Type "ArrayOfIntegers", &Dim (27,4)] "The indices and atomic numbers of the bonding atoms"
                                                         0                           1                           2                           3

0                                                        0                           6                           1                           1
1                                                        0                           6                           2                           1
2                                                        0                           6                           3                           6
3                                                        3                           6                           4                           6
4                                                        3                           6                           7                           8
5                                                        4                           6                           5                           8
6                                                        4                           6                           6                           8
7                                                        5                           8                           6                           8
8                                                        6                           8                          18                           1
9                                                        7                           8                           8                           6
10                                                       8                           6                           9                           1
11                                                       8                           6                          10                           6
12                                                       8                           6                          17                           6
13                                                      10                           6                          11                           1
14                                                      10                           6                          12                           6
15                                                      12                           6                          13                           6
16                                                      12                           6                          21                           6
17                                                      13                           6                          14                           1
18                                                      13                           6                          15                           6
19                                                      15                           6                          16                           1
20                                                      15                           6                          17                           6
21                                                      17                           6                          18                           1
22                                                      17                           6                          19                           8
23                                                      19                           8                          20                           1
24                                                      21                           6                          22                           8
25                                                      21                           6                          23                           8
26                                                      22                           8                          23                           8
   &ATNO [&Type "ArrayOfIntegers", &Dim (24,1)] "Atomic number of the elements"
                                                         0

0                                                        6
1                                                        1
2                                                        1
3                                                        6
4                                                        6
5                                                        8
6                                                        8
7                                                        8
8                                                        6
9                                                        1
10                                                       6
11                                                       1
12                                                       6
13                                                       6
14                                                       1
15                                                       6
16                                                       1
17                                                       6
18                                                       1
19                                                       8
20                                                       1
21                                                       6
22                                                       8
23                                                       8
   &NA [&Type "ArrayOfDoubles", &Dim (24,1)] "Mulliken gross atomic population"
                                                         0

0                                      5.9983537357077203e+00
1                                      1.0280511715757767e+00
2                                      1.0327864716235224e+00
3                                      5.9830896474135642e+00
4                                      5.9141895388307963e+00
5                                      8.4056131572245683e+00
6                                      8.4205469291009205e+00
7                                      8.3716542006044836e+00
8                                      5.7270611667792215e+00
9                                      1.0921923357840309e+00
10                                     6.0918866610958267e+00
11                                     1.0649838959806031e+00
12                                     6.0231532123377134e+00
13                                     5.9579449563113327e+00
14                                     1.0559765377425601e+00
15                                     6.0175392158026302e+00
16                                     1.0646060434799158e+00
17                                     5.7954587422711601e+00
18                                     1.0132213850086265e+00
19                                     8.3368867398113196e+00
20                                     8.5720275152047531e-01
21                                     5.9302585379872683e+00
22                                     8.4031659166332506e+00
23                                     8.4141770493728139e+00
   &ZA [&Type "ArrayOfDoubles", &Dim (24,1)] "Total nuclear charge"
                                                         0

0                                      6.0000000000000000e+00
1                                      1.0000000000000000e+00
2                                      1.0000000000000000e+00
3                                      6.0000000000000000e+00
4                                      6.0000000000000000e+00
5                                      8.0000000000000000e+00
6                                      8.0000000000000000e+00
7                                      8.0000000000000000e+00
8                                      6.0000000000000000e+00
9                                      1.0000000000000000e+00
10                                     6.0000000000000000e+00
11                                     1.0000000000000000e+00
12                                     6.0000000000000000e+00
13                                     6.0000000000000000e+00
14                                     1.0000000000000000e+00
15                                     6.0000000000000000e+00
16                                     1.0000000000000000e+00
17                                     6.0000000000000000e+00
18                                     1.0000000000000000e+00
19                                     8.0000000000000000e+00
20                                     1.0000000000000000e+00
21                                     6.0000000000000000e+00
22                                     8.0000000000000000e+00
23                                     8.0000000000000000e+00
   &QA [&Type "ArrayOfDoubles", &Dim (24,1)] "Mulliken gross atomic charge"
                                                         0

0                                      1.6462642922796533e-03
1                                     -2.8051171575776745e-02
2                                     -3.2786471623522440e-02
3                                      1.6910352586435806e-02
4                                      8.5810461169203656e-02
5                                     -4.0561315722456825e-01
6                                     -4.2054692910092051e-01
7                                     -3.7165420060448362e-01
8                                      2.7293883322077850e-01
9                                     -9.2192335784030854e-02
10                                    -9.1886661095826661e-02
11                                    -6.4983895980603057e-02
12                                    -2.3153212337713391e-02
13                                     4.2055043688667304e-02
14                                    -5.5976537742560062e-02
15                                    -1.7539215802630181e-02
16                                    -6.4606043479915831e-02
17                                     2.0454125772883991e-01
18                                    -1.3221385008626463e-02
19                                    -3.3688673981131956e-01
20                                     1.4279724847952469e-01
21                                     6.9741462012731681e-02
22                                    -4.0316591663325063e-01
23                                    -4.1417704937281385e-01
   &VA [&Type "ArrayOfDoubles", &Dim (24,1)] "Mayer's total valence"
                                                         0

0                                      3.8869767600388765e+00
1                                      9.9277970270780291e-01
2                                      1.0193307443531145e+00
3                                      3.9389787690812939e+00
4                                      4.5081988590627740e+00
5                                      2.0958987967446636e+00
6                                      2.0550011088815201e+00
7                                      2.0887937677950910e+00
8                                      3.8281050872784896e+00
9                                      9.9276300304950993e-01
10                                     3.8690742691381343e+00
11                                     1.0304900042158307e+00
12                                     3.7122565439566233e+00
13                                     3.9134864678024268e+00
14                                     1.0383996816845773e+00
15                                     3.8156757459695800e+00
16                                     9.8117815032046385e-01
17                                     3.8833219951270204e+00
18                                     1.0794713343014211e+00
19                                     2.0213357556236828e+00
20                                     1.0196819176576886e+00
21                                     4.5641558915578706e+00
22                                     2.0935570918739979e+00
23                                     2.0811227431071702e+00
   &BVA [&Type "ArrayOfDoubles", &Dim (24,1)] "Mayer's bonded valence"
                                                         0

0                                      3.8869767600388609e+00
1                                      9.9277970270780924e-01
2                                      1.0193307443531123e+00
3                                      3.9389787690813036e+00
4                                      4.5081988590627731e+00
5                                      2.0958987967446525e+00
6                                      2.0550011088814966e+00
7                                      2.0887937677951331e+00
8                                      3.8281050872784919e+00
9                                      9.9276300304951393e-01
10                                     3.8690742691381281e+00
11                                     1.0304900042158376e+00
12                                     3.7122565439567143e+00
13                                     3.9134864678024064e+00
14                                     1.0383996816845644e+00
15                                     3.8156757459696120e+00
16                                     9.8117815032046463e-01
17                                     3.8833219951270510e+00
18                                     1.0794713343014219e+00
19                                     2.0213357556236620e+00
20                                     1.0196819176576823e+00
21                                     4.5641558915579390e+00
22                                     2.0935570918739757e+00
23                                     2.0811227431071782e+00
   &FA [&Type "ArrayOfDoubles", &Dim (24,1)] "Mayer's free valence"
                                                         0

0                                      0.0000000000000000e+00
1                                      0.0000000000000000e+00
2                                      0.0000000000000000e+00
3                                      0.0000000000000000e+00
4                                      0.0000000000000000e+00
5                                      0.0000000000000000e+00
6                                      0.0000000000000000e+00
7                                      0.0000000000000000e+00
8                                      0.0000000000000000e+00
9                                      0.0000000000000000e+00
10                                     0.0000000000000000e+00
11                                     0.0000000000000000e+00
12                                     0.0000000000000000e+00
13                                     0.0000000000000000e+00
14                                     0.0000000000000000e+00
15                                     0.0000000000000000e+00
16                                     0.0000000000000000e+00
17                                     0.0000000000000000e+00
18                                     0.0000000000000000e+00
19                                     0.0000000000000000e+00
20                                     0.0000000000000000e+00
21                                     0.0000000000000000e+00
22                                     0.0000000000000000e+00
23                                     0.0000000000000000e+00
$End
$VdW_Correction
   &GeometryIndex 1
   &ListStatus       OUT
   &VDW [&Type "Double"]      -5.2417995144854096e-02
$End
$Calculation_Info
   &GeometryIndex 1
   &ListStatus       OUT
   &MULT [&Type "Integer"] 1
   &CHARGE [&Type "Integer"] -2
   &NUMOFATOMS [&Type "Integer"] 24
   &NUMOFELECTRONS [&Type "Integer"] 118
   &NUMOFFCELECTRONS [&Type "Integer"] 1
   &NUMOFCORRELECTRONS [&Type "Integer"] 0
   &NUMOFBASISFUNCTS [&Type "Integer"] 264
   &NUMOFAUXCBASISFUNCTS [&Type "Integer"] 0
   &NUMOFAUXJBASISFUNCTS [&Type "Integer"] 872
   &NUMOFAUXJKBASISFUNCTS [&Type "Integer"] 0
   &NUMOFCABSBASISFUNCTS [&Type "Integer"] 0
   &TOTALENERGY [&Type "Double"]      -8.3614695313283278e+02  "Hartrees"
$End
$SCF_Dipole_Moment
   &GeometryIndex 1
   &ListStatus       OUT
   &METHOD [&Type "String"] "SCF"
   &LEVEL [&Type "String"] "Relaxed density"
   &MULT [&Type "Integer"] 1
   &STATE [&Type "Integer"] -1
   &IRREP [&Type "Integer"] 0
   &NATOMS [&Type "Integer"] 24
   &DODIPOLEATOM [&Type "Boolean"] false
   &DIPOLEELECCONTRIB [&Type "ArrayOfDoubles", &Dim (3,1)] "Electronic contribution"
                                                         0

0                                      9.3287484350126593e-01
1                                      4.6783360089348705e-02
2                                     -5.0656463410855196e-02
   &DIPOLENUCCONTRIB [&Type "ArrayOfDoubles", &Dim (3,1)] "Nuclear contribution"
                                                         0

0                                     -3.9424866855127192e+00
1                                     -1.4447230098798087e+00
2                                      5.2998661232039979e-01
   &DIPOLETOTAL [&Type "ArrayOfDoubles", &Dim (3,1)] "Total"
                                                         0

0                                     -3.0096118420114530e+00
1                                     -1.3979396497904599e+00
2                                      4.7933014890954462e-01
   &DIPOLEMAGNITUDE [&Type "Double", &Units "a.u."]       3.3528728123335503e+00
$End
