*************************************************
******************* ORCA 6.0.1 ******************
*************************************************
$Calculation_Status
   &GeometryIndex 1
   &ListStatus       OUT
   &VERSION [&Type "String"] "6.0.1"
   &PROGNAME [&Type "String"] "LeanSCF"
   &STATUS [&Type "String"] "NORMAL TERMINATION"
$End
$Geometry
   &GeometryIndex 1
   &ListStatus       OUT
   &NATOMS [&Type "Integer"] 24
   &NCORELESSECP [&Type "Integer"] 0
   &NGHOSTATOMS [&Type "Integer"] 0
   &CartesianCoordinates [&Type "Coordinates", &Dim(24,4), &Units "Bohr"] 
              C     99.658487124605   57.661213524339  117.665687454741
              H    100.539099503012   56.735247718718  119.307859465118
              H    100.909485825261   59.157876622405  116.949481249985
              C     97.130033557418   58.685445088924  118.563307368353
              C     95.931947188512   61.308384962807  117.833873080660
              O     97.301998635605   63.105514516166  117.117666875903
              O     93.590576508584   61.438776066048  118.092765561007
              O     95.831791703415   57.341849807706  119.893674566634
              C     94.682838213990   54.357972242245  115.250617455589
              H     93.089799083095   53.161775599473  115.794858582159
              C     96.993973275776   53.915776326907  116.159575726005
              H     97.337903432150   52.368090623226  117.476714841349
              C     99.231409018339   55.567396967954  115.532186649544
              C     98.753308306457   57.062170339886  113.153021446937
              H    100.412487852040   57.920106004686  112.279967973065
              C     96.436504066269   57.521373790429  112.259180985592
              H     96.166273229119   58.721349885469  110.592442535473
              C     94.068677220466   56.463127155433  113.432700914757
              H     93.093578535363   58.012702585249  114.462601657744
              O     92.483196994106   55.559838063419  111.474944640015
              H     90.648272918069   55.871642875516  111.864228223602
              C    101.616243399347   53.764598236194  115.252507181723
              O    102.052770136283   52.192346092771  116.981606594261
              O    102.871021552271   53.940342766648  113.249397479767
$End
$SCF_Energy
   &GeometryIndex 1
   &ListStatus       OUT
   &SCF_ENERGY [&Type "Double"]      -8.3611261632740411e+02
$End
$DFT_Energy
   &GeometryIndex 1
   &ListStatus       OUT
   &NALPHAEL [&Type "Integer"] 59
   &NBETAEL [&Type "Integer"] 59
   &NTOTALEL [&Type "Integer"] 118
   &EEXCHANGE [&Type "Double"]      -8.3116064552478448e+01
   &ECORR [&Type "Double"]      -4.8436335084828279e+00
   &ECNL [&Type "Double"]       0.0000000000000000e+00
   &EXC [&Type "Double"]      -8.7959698060961273e+01
   &EEMBED [&Type "Double"]       0.0000000000000000e+00
   &FINALEN [&Type "Double"]      -8.3611261632740411e+02  "No Van der Waals correction"
$End
$Mulliken_Population_Analysis
   &GeometryIndex 1
   &ListStatus       OUT
   &NATOMS [&Type "Integer"] 24
   &ATNO [&Type "ArrayOfIntegers", &Dim (24,1)] 
                                                         0

0                                                        6
1                                                        1
2                                                        1
3                                                        6
4                                                        6
5                                                        8
6                                                        8
7                                                        8
8                                                        6
9                                                        1
10                                                       6
11                                                       1
12                                                       6
13                                                       6
14                                                       1
15                                                       6
16                                                       1
17                                                       6
18                                                       1
19                                                       8
20                                                       1
21                                                       6
22                                                       8
23                                                       8
   &ATOMICCHARGES [&Type "ArrayOfDoubles", &Dim (24,1)] 
                                                         0

0                                      2.6045082281909870e-01
1                                     -4.4658870654908256e-02
2                                     -3.8198089017689618e-02
3                                     -6.5580139871093124e-02
4                                      6.3260144507967020e-02
5                                     -4.0391760071649152e-01
6                                     -4.0383443303237065e-01
7                                     -2.4417312446183281e-01
8                                     -6.3171581895344886e-02
9                                     -9.6976395809627691e-02
10                                     6.5324451690238483e-02
11                                    -5.1935999274382638e-02
12                                    -2.2792001858065802e-01
13                                     9.1472866381185902e-02
14                                    -5.2427425235962000e-02
15                                    -8.4980088442347501e-02
16                                    -7.9867182944366899e-02
17                                     3.0288631263616850e-01
18                                     1.1963224894030233e-02
19                                    -3.6058585942439336e-01
20                                     1.4173326982504841e-01
21                                     9.7458713249515938e-02
22                                    -4.1863210040654408e-01
23                                    -3.9769089623531961e-01
$End
$Loewdin_Population_Analysis
   &GeometryIndex 1
   &ListStatus       OUT
   &NATOMS [&Type "Integer"] 24
   &ATNO [&Type "ArrayOfIntegers", &Dim (24,1)] 
                                                         0

0                                                        6
1                                                        1
2                                                        1
3                                                        6
4                                                        6
5                                                        8
6                                                        8
7                                                        8
8                                                        6
9                                                        1
10                                                       6
11                                                       1
12                                                       6
13                                                       6
14                                                       1
15                                                       6
16                                                       1
17                                                       6
18                                                       1
19                                                       8
20                                                       1
21                                                       6
22                                                       8
23                                                       8
   &ATOMICCHARGES [&Type "ArrayOfDoubles", &Dim (24,1)] 
                                                         0

0                                     -3.2736939375920926e-02
1                                      1.3284769631763282e-02
2                                      1.1297234085221652e-02
3                                      3.1733035402072396e-02
4                                     -8.6183462210602357e-02
5                                     -3.7665409047905563e-01
6                                     -3.6588778256990651e-01
7                                     -1.7045858196022223e-01
8                                     -7.5076015987204592e-02
9                                     -9.6491736247001914e-03
10                                     4.5138735767222826e-03
11                                     9.6892590559787273e-03
12                                    -7.8821986675595923e-02
13                                     1.2399455877223353e-02
14                                     1.0966219176804626e-02
15                                    -7.5324785340225908e-02
16                                    -2.5977972127804172e-03
17                                     4.9103193341278661e-02
18                                     1.5255355413819838e-02
19                                    -1.7921415990624823e-01
20                                     7.3661859544744024e-02
21                                    -2.2658674422789460e-02
22                                    -3.8401861511937874e-01
23                                    -3.7262219022109910e-01
$End
$Mayer_Population_Analysis
   &GeometryIndex 1
   &ListStatus       OUT
   &NATOMS [&Type "Integer"] 24 "Total number of atoms"
   &BONDTHRESH [&Type "Double"]       1.0000000000000001e-01  "The threshold for printing"
   &NBONDORDERSPRINT [&Type "Integer"] 26 "The number of bond orders larger than threshold"
   &BONDORDERS [&Type "ArrayOfDoubles", &Dim (26,1)] "The bond orders"
                                                         0

0                                      8.7559662252410297e-01
1                                      9.1384888944651776e-01
2                                      9.7535938912407549e-01
3                                      9.9085697840115494e-01
4                                      7.8290374430707377e-01
5                                      2.0522129949907768e+00
6                                      1.8678158413879387e+00
7                                      1.8150072764859548e+00
8                                      1.2860251046270305e-01
9                                      9.5200093624058379e-01
10                                     1.8696290832392159e+00
11                                     9.8004942422122487e-01
12                                     9.5830120583594591e-01
13                                     9.9330135677922937e-01
14                                     9.6526631370366511e-01
15                                     7.6786663033090718e-01
16                                     9.5673307504436278e-01
17                                     1.8769655314805587e+00
18                                     9.5656531372316933e-01
19                                     9.7444824786794404e-01
20                                     8.5927355528698401e-01
21                                     9.6939487453059137e-01
22                                     9.7392432120253147e-01
23                                     1.8319410020779896e+00
24                                     1.9013770858094980e+00
25                                     1.1429972867089930e-01
   &COMPONENTS [&Type "ArrayOfIntegers", &Dim (26,4)] "The indices and atomic numbers of the bonding atoms"
                                                         0                           1                           2                           3

0                                                        0                           6                           1                           1
1                                                        0                           6                           2                           1
2                                                        0                           6                           3                           6
3                                                        0                           6                          12                           6
4                                                        3                           6                           4                           6
5                                                        3                           6                           7                           8
6                                                        4                           6                           5                           8
7                                                        4                           6                           6                           8
8                                                        5                           8                           6                           8
9                                                        8                           6                           9                           1
10                                                       8                           6                          10                           6
11                                                       8                           6                          17                           6
12                                                      10                           6                          11                           1
13                                                      10                           6                          12                           6
14                                                      12                           6                          13                           6
15                                                      12                           6                          21                           6
16                                                      13                           6                          14                           1
17                                                      13                           6                          15                           6
18                                                      15                           6                          16                           1
19                                                      15                           6                          17                           6
20                                                      17                           6                          18                           1
21                                                      17                           6                          19                           8
22                                                      19                           8                          20                           1
23                                                      21                           6                          22                           8
24                                                      21                           6                          23                           8
25                                                      22                           8                          23                           8
   &ATNO [&Type "ArrayOfIntegers", &Dim (24,1)] "Atomic number of the elements"
                                                         0

0                                                        6
1                                                        1
2                                                        1
3                                                        6
4                                                        6
5                                                        8
6                                                        8
7                                                        8
8                                                        6
9                                                        1
10                                                       6
11                                                       1
12                                                       6
13                                                       6
14                                                       1
15                                                       6
16                                                       1
17                                                       6
18                                                       1
19                                                       8
20                                                       1
21                                                       6
22                                                       8
23                                                       8
   &NA [&Type "ArrayOfDoubles", &Dim (24,1)] "Mulliken gross atomic population"
                                                         0

0                                      5.7395491771809022e+00
1                                      1.0446588706549083e+00
2                                      1.0381980890176905e+00
3                                      6.0655801398710896e+00
4                                      5.9367398554920356e+00
5                                      8.4039176007164915e+00
6                                      8.4038344330323689e+00
7                                      8.2441731244618328e+00
8                                      6.0631715818953458e+00
9                                      1.0969763958096275e+00
10                                     5.9346755483097606e+00
11                                     1.0519359992743833e+00
12                                     6.2279200185806598e+00
13                                     5.9085271336188132e+00
14                                     1.0524274252359627e+00
15                                     6.0849800884423475e+00
16                                     1.0798671829443662e+00
17                                     5.6971136873638324e+00
18                                     9.8803677510596932e-01
19                                     8.3605858594243898e+00
20                                     8.5826673017495159e-01
21                                     5.9025412867504850e+00
22                                     8.4186321004065441e+00
23                                     8.3976908962353214e+00
   &ZA [&Type "ArrayOfDoubles", &Dim (24,1)] "Total nuclear charge"
                                                         0

0                                      6.0000000000000000e+00
1                                      1.0000000000000000e+00
2                                      1.0000000000000000e+00
3                                      6.0000000000000000e+00
4                                      6.0000000000000000e+00
5                                      8.0000000000000000e+00
6                                      8.0000000000000000e+00
7                                      8.0000000000000000e+00
8                                      6.0000000000000000e+00
9                                      1.0000000000000000e+00
10                                     6.0000000000000000e+00
11                                     1.0000000000000000e+00
12                                     6.0000000000000000e+00
13                                     6.0000000000000000e+00
14                                     1.0000000000000000e+00
15                                     6.0000000000000000e+00
16                                     1.0000000000000000e+00
17                                     6.0000000000000000e+00
18                                     1.0000000000000000e+00
19                                     8.0000000000000000e+00
20                                     1.0000000000000000e+00
21                                     6.0000000000000000e+00
22                                     8.0000000000000000e+00
23                                     8.0000000000000000e+00
   &QA [&Type "ArrayOfDoubles", &Dim (24,1)] "Mulliken gross atomic charge"
                                                         0

0                                      2.6045082281909782e-01
1                                     -4.4658870654908256e-02
2                                     -3.8198089017690506e-02
3                                     -6.5580139871089571e-02
4                                      6.3260144507964355e-02
5                                     -4.0391760071649152e-01
6                                     -4.0383443303236888e-01
7                                     -2.4417312446183281e-01
8                                     -6.3171581895345774e-02
9                                     -9.6976395809627469e-02
10                                     6.5324451690239371e-02
11                                    -5.1935999274383304e-02
12                                    -2.2792001858065980e-01
13                                     9.1472866381186790e-02
14                                    -5.2427425235962666e-02
15                                    -8.4980088442347501e-02
16                                    -7.9867182944366233e-02
17                                     3.0288631263616761e-01
18                                     1.1963224894030677e-02
19                                    -3.6058585942438981e-01
20                                     1.4173326982504841e-01
21                                     9.7458713249515050e-02
22                                    -4.1863210040654408e-01
23                                    -3.9769089623532139e-01
   &VA [&Type "ArrayOfDoubles", &Dim (24,1)] "Mayer's total valence"
                                                         0

0                                      3.7563082627510065e+00
1                                      1.0296527061964598e+00
2                                      1.0162780185783979e+00
3                                      3.9520107177704591e+00
4                                      4.4795063630722849e+00
5                                      2.0763310284141792e+00
6                                      2.0575457634827212e+00
7                                      2.1958145580199333e+00
8                                      3.9379590025613136e+00
9                                      9.8159754008017785e-01
10                                     3.9272833133987692e+00
11                                     1.0350163228852107e+00
12                                     3.7043386117759107e+00
13                                     3.9064205047853071e+00
14                                     1.0216412923589979e+00
15                                     3.9100092875278594e+00
16                                     9.8498267019896735e-01
17                                     3.7795701549314096e+00
18                                     1.0462717634547265e+00
19                                     1.9965745151084366e+00
20                                     1.0205721597759296e+00
21                                     4.5226183762082384e+00
22                                     2.0574658405002868e+00
23                                     2.0986101045534751e+00
   &BVA [&Type "ArrayOfDoubles", &Dim (24,1)] "Mayer's bonded valence"
                                                         0

0                                      3.7563082627510433e+00
1                                      1.0296527061964578e+00
2                                      1.0162780185784039e+00
3                                      3.9520107177704880e+00
4                                      4.4795063630722840e+00
5                                      2.0763310284141632e+00
6                                      2.0575457634827821e+00
7                                      2.1958145580199240e+00
8                                      3.9379590025613287e+00
9                                      9.8159754008018929e-01
10                                     3.9272833133987755e+00
11                                     1.0350163228852252e+00
12                                     3.7043386117758708e+00
13                                     3.9064205047853102e+00
14                                     1.0216412923589930e+00
15                                     3.9100092875278918e+00
16                                     9.8498267019896846e-01
17                                     3.7795701549314384e+00
18                                     1.0462717634547321e+00
19                                     1.9965745151084402e+00
20                                     1.0205721597759294e+00
21                                     4.5226183762082171e+00
22                                     2.0574658405003312e+00
23                                     2.0986101045534316e+00
   &FA [&Type "ArrayOfDoubles", &Dim (24,1)] "Mayer's free valence"
                                                         0

0                                      0.0000000000000000e+00
1                                      0.0000000000000000e+00
2                                      0.0000000000000000e+00
3                                      0.0000000000000000e+00
4                                      0.0000000000000000e+00
5                                      0.0000000000000000e+00
6                                      0.0000000000000000e+00
7                                      0.0000000000000000e+00
8                                      0.0000000000000000e+00
9                                      0.0000000000000000e+00
10                                     0.0000000000000000e+00
11                                     0.0000000000000000e+00
12                                     0.0000000000000000e+00
13                                     0.0000000000000000e+00
14                                     0.0000000000000000e+00
15                                     0.0000000000000000e+00
16                                     0.0000000000000000e+00
17                                     0.0000000000000000e+00
18                                     0.0000000000000000e+00
19                                     0.0000000000000000e+00
20                                     0.0000000000000000e+00
21                                     0.0000000000000000e+00
22                                     0.0000000000000000e+00
23                                     0.0000000000000000e+00
$End
$VdW_Correction
   &GeometryIndex 1
   &ListStatus       OUT
   &VDW [&Type "Double"]      -5.3501615698808229e-02
$End
$Calculation_Info
   &GeometryIndex 1
   &ListStatus       OUT
   &MULT [&Type "Integer"] 1
   &CHARGE [&Type "Integer"] -2
   &NUMOFATOMS [&Type "Integer"] 24
   &NUMOFELECTRONS [&Type "Integer"] 118
   &NUMOFFCELECTRONS [&Type "Integer"] 1
   &NUMOFCORRELECTRONS [&Type "Integer"] 0
   &NUMOFBASISFUNCTS [&Type "Integer"] 264
   &NUMOFAUXCBASISFUNCTS [&Type "Integer"] 0
   &NUMOFAUXJBASISFUNCTS [&Type "Integer"] 872
   &NUMOFAUXJKBASISFUNCTS [&Type "Integer"] 0
   &NUMOFCABSBASISFUNCTS [&Type "Integer"] 0
   &TOTALENERGY [&Type "Double"]      -8.3616611794310290e+02  "Hartrees"
$End
$SCF_Dipole_Moment
   &GeometryIndex 1
   &ListStatus       OUT
   &METHOD [&Type "String"] "SCF"
   &LEVEL [&Type "String"] "Relaxed density"
   &MULT [&Type "Integer"] 1
   &STATE [&Type "Integer"] -1
   &IRREP [&Type "Integer"] 0
   &NATOMS [&Type "Integer"] 24
   &DODIPOLEATOM [&Type "Boolean"] false
   &DIPOLEELECCONTRIB [&Type "ArrayOfDoubles", &Dim (3,1)] "Electronic contribution"
                                                         0

0                                      1.5110347583963437e+00
1                                      9.7416054739096536e-01
2                                      2.7984817154076178e+00
   &DIPOLENUCCONTRIB [&Type "ArrayOfDoubles", &Dim (3,1)] "Nuclear contribution"
                                                         0

0                                     -3.3836699308491660e+00
1                                     -1.5834098631536904e+00
2                                     -3.6070656919105630e+00
   &DIPOLETOTAL [&Type "ArrayOfDoubles", &Dim (3,1)] "Total"
                                                         0

0                                     -1.8726351724528223e+00
1                                     -6.0924931576272501e-01
2                                     -8.0858397650294522e-01
   &DIPOLEMAGNITUDE [&Type "Double", &Units "a.u."]       2.1287919731439411e+00
$End
