*************************************************
******************* ORCA 6.0.1 ******************
*************************************************
$Calculation_Status
   &GeometryIndex 1
   &ListStatus       OUT
   &VERSION [&Type "String"] "6.0.1"
   &PROGNAME [&Type "String"] "LeanSCF"
   &STATUS [&Type "String"] "NORMAL TERMINATION"
$End
$Geometry
   &GeometryIndex 1
   &ListStatus       OUT
   &NATOMS [&Type "Integer"] 24
   &NCORELESSECP [&Type "Integer"] 0
   &NGHOSTATOMS [&Type "Integer"] 0
   &CartesianCoordinates [&Type "Coordinates", &Dim(24,4), &Units "Bohr"] 
              C    109.379718603127   61.832061228405  108.377387971326
              H    110.268941463031   60.178722855994  109.222200670738
              H    110.562793125235   63.354142832490  107.656747065311
              C    106.903665985664   62.471412462750  109.092211938932
              C    105.756545174865   65.095965507827  108.439328447496
              O    107.199881243181   66.822291956223  107.686095794124
              O    103.415417111054   65.342229473438  108.773132640582
              O    105.457475894571   60.872635734766  110.102535740826
              C    104.234282753227   58.123045583015  107.064171333897
              H    103.121762226251   56.938353963312  108.335586166285
              C    106.687160026376   57.491013631064  106.511854809510
              H    107.628096903720   55.912741317619  107.439276758040
              C    108.158404837215   59.077671334592  104.959275774809
              C    106.864048527780   60.959363363262  103.403451315351
              H    108.013826229591   61.894541763787  101.971643589262
              C    104.392822846919   61.445705184645  103.691217508439
              H    103.488947876919   62.899584142852  102.540256914249
              C    102.757725500258   60.032995084268  105.539914440560
              H    101.889740578850   61.415498399317  106.833885905562
              O    100.871701584827   58.696850937454  104.178294893322
              H     99.160555202418   58.946160865922  105.014466943615
              C    110.713115630816   58.059956726613  104.033676399924
              O    111.723862074829   56.349782234811  105.296694873767
              O    111.562807213076   58.943992083844  101.988389347028
$End
$SCF_Energy
   &GeometryIndex 1
   &ListStatus       OUT
   &SCF_ENERGY [&Type "Double"]      -8.3606181117750077e+02
$End
$DFT_Energy
   &GeometryIndex 1
   &ListStatus       OUT
   &NALPHAEL [&Type "Integer"] 59
   &NBETAEL [&Type "Integer"] 59
   &NTOTALEL [&Type "Integer"] 118
   &EEXCHANGE [&Type "Double"]      -8.3083363330244538e+01
   &ECORR [&Type "Double"]      -4.8417815654395602e+00
   &ECNL [&Type "Double"]       0.0000000000000000e+00
   &EXC [&Type "Double"]      -8.7925144895684099e+01
   &EEMBED [&Type "Double"]       0.0000000000000000e+00
   &FINALEN [&Type "Double"]      -8.3606181117750077e+02  "No Van der Waals correction"
$End
$Mulliken_Population_Analysis
   &GeometryIndex 1
   &ListStatus       OUT
   &NATOMS [&Type "Integer"] 24
   &ATNO [&Type "ArrayOfIntegers", &Dim (24,1)] 
                                                         0

0                                                        6
1                                                        1
2                                                        1
3                                                        6
4                                                        6
5                                                        8
6                                                        8
7                                                        8
8                                                        6
9                                                        1
10                                                       6
11                                                       1
12                                                       6
13                                                       6
14                                                       1
15                                                       6
16                                                       1
17                                                       6
18                                                       1
19                                                       8
20                                                       1
21                                                       6
22                                                       8
23                                                       8
   &ATOMICCHARGES [&Type "ArrayOfDoubles", &Dim (24,1)] 
                                                         0

0                                      7.7758730595292924e-02
1                                     -3.1327904772415760e-02
2                                     -1.9132959122114102e-02
3                                     -4.8421249084912077e-02
4                                      7.4826064491473332e-02
5                                     -4.0660517592614553e-01
6                                     -4.1559873393557645e-01
7                                     -3.0627271686172364e-01
8                                      5.4595580681127132e-02
9                                     -8.0643292669017708e-02
10                                     2.4142544642396402e-02
11                                    -6.2842645222850324e-02
12                                    -1.2435305219100190e-01
13                                     6.1902347352325471e-02
14                                    -5.0115665434398160e-02
15                                    -2.7735661280162027e-02
16                                    -6.9785823360643207e-02
17                                     2.7932880236967694e-01
18                                     2.8902173364819816e-03
19                                    -3.5450045300785149e-01
20                                     1.3978258411350653e-01
21                                     9.2640253312981535e-02
22                                    -4.0245401043334006e-01
23                                    -4.0807778159301478e-01
$End
$Loewdin_Population_Analysis
   &GeometryIndex 1
   &ListStatus       OUT
   &NATOMS [&Type "Integer"] 24
   &ATNO [&Type "ArrayOfIntegers", &Dim (24,1)] 
                                                         0

0                                                        6
1                                                        1
2                                                        1
3                                                        6
4                                                        6
5                                                        8
6                                                        8
7                                                        8
8                                                        6
9                                                        1
10                                                       6
11                                                       1
12                                                       6
13                                                       6
14                                                       1
15                                                       6
16                                                       1
17                                                       6
18                                                       1
19                                                       8
20                                                       1
21                                                       6
22                                                       8
23                                                       8
   &ATOMICCHARGES [&Type "ArrayOfDoubles", &Dim (24,1)] 
                                                         0

0                                     -5.9323555329974020e-02
1                                      5.5385816040799396e-03
2                                      8.9180357194005300e-03
3                                     -2.8063726972619385e-02
4                                     -6.8377610588109761e-02
5                                     -3.7661862340563879e-01
6                                     -3.8099413610274091e-01
7                                     -2.0279820439768059e-01
8                                      2.1851162645838862e-02
9                                     -3.8916351148698958e-03
10                                    -4.7380014727294473e-02
11                                     6.7335437069483417e-03
12                                    -4.4958500998468764e-03
13                                    -8.6275322445352742e-03
14                                     1.4485047525180650e-02
15                                    -4.6789312664666127e-02
16                                     2.4015657733569284e-03
17                                     4.5509908791330211e-02
18                                     1.4952432739320454e-02
19                                    -1.7925718023682080e-01
20                                     7.5128054826070767e-02
21                                    -4.1543917677297593e-02
22                                    -3.6975449838146801e-01
23                                    -3.7760253538782429e-01
$End
$Mayer_Population_Analysis
   &GeometryIndex 1
   &ListStatus       OUT
   &NATOMS [&Type "Integer"] 24 "Total number of atoms"
   &BONDTHRESH [&Type "Double"]       1.0000000000000001e-01  "The threshold for printing"
   &NBONDORDERSPRINT [&Type "Integer"] 29 "The number of bond orders larger than threshold"
   &BONDORDERS [&Type "ArrayOfDoubles", &Dim (29,1)] "The bond orders"
                                                         0

0                                      9.0728879937391738e-01
1                                      9.1927613817120768e-01
2                                      1.3657008522026548e+00
3                                      1.1516776130571831e-01
4                                      4.1415206537653965e-01
5                                      8.0387508799071927e-01
6                                      1.7212987366281294e+00
7                                      1.8610497886130952e+00
8                                      1.8054173792915857e+00
9                                      1.2656930069353264e-01
10                                     1.0634580764603561e-01
11                                     2.1270596463860911e-01
12                                     9.4589969463270485e-01
13                                     1.5464019799151782e+00
14                                     9.8374413302309416e-01
15                                     9.6005291143601745e-01
16                                     1.2747668819151485e+00
17                                     1.0632705248831256e+00
18                                     8.2588367740006541e-01
19                                     9.6881362401717863e-01
20                                     1.7701788050117806e+00
21                                     9.5851290754451057e-01
22                                     9.8178594569398780e-01
23                                     8.5861933757881270e-01
24                                     9.7786846160340812e-01
25                                     9.7195457087688597e-01
26                                     1.8546830044637517e+00
27                                     1.8649394405684974e+00
28                                     1.2317955410149727e-01
   &COMPONENTS [&Type "ArrayOfIntegers", &Dim (29,4)] "The indices and atomic numbers of the bonding atoms"
                                                         0                           1                           2                           3

0                                                        0                           6                           1                           1
1                                                        0                           6                           2                           1
2                                                        0                           6                           3                           6
3                                                        0                           6                           8                           6
4                                                        0                           6                          12                           6
5                                                        3                           6                           4                           6
6                                                        3                           6                           7                           8
7                                                        4                           6                           5                           8
8                                                        4                           6                           6                           8
9                                                        5                           8                           6                           8
10                                                       6                           8                          18                           1
11                                                       7                           8                           8                           6
12                                                       8                           6                           9                           1
13                                                       8                           6                          10                           6
14                                                       8                           6                          17                           6
15                                                      10                           6                          11                           1
16                                                      10                           6                          12                           6
17                                                      12                           6                          13                           6
18                                                      12                           6                          21                           6
19                                                      13                           6                          14                           1
20                                                      13                           6                          15                           6
21                                                      15                           6                          16                           1
22                                                      15                           6                          17                           6
23                                                      17                           6                          18                           1
24                                                      17                           6                          19                           8
25                                                      19                           8                          20                           1
26                                                      21                           6                          22                           8
27                                                      21                           6                          23                           8
28                                                      22                           8                          23                           8
   &ATNO [&Type "ArrayOfIntegers", &Dim (24,1)] "Atomic number of the elements"
                                                         0

0                                                        6
1                                                        1
2                                                        1
3                                                        6
4                                                        6
5                                                        8
6                                                        8
7                                                        8
8                                                        6
9                                                        1
10                                                       6
11                                                       1
12                                                       6
13                                                       6
14                                                       1
15                                                       6
16                                                       1
17                                                       6
18                                                       1
19                                                       8
20                                                       1
21                                                       6
22                                                       8
23                                                       8
   &NA [&Type "ArrayOfDoubles", &Dim (24,1)] "Mulliken gross atomic population"
                                                         0

0                                      5.9222412694047106e+00
1                                      1.0313279047724142e+00
2                                      1.0191329591221134e+00
3                                      6.0484212490849183e+00
4                                      5.9251739355085418e+00
5                                      8.4066051759261633e+00
6                                      8.4155987339355924e+00
7                                      8.3062727168616757e+00
8                                      5.9454044193188631e+00
9                                      1.0806432926690204e+00
10                                     5.9758574553576036e+00
11                                     1.0628426452228532e+00
12                                     6.1243530521909930e+00
13                                     5.9380976526476754e+00
14                                     1.0501156654343990e+00
15                                     6.0277356612801798e+00
16                                     1.0697858233606410e+00
17                                     5.7206711976303106e+00
18                                     9.9710978266351979e-01
19                                     8.3545004530078888e+00
20                                     8.6021741588649336e-01
21                                     5.9073597466870131e+00
22                                     8.4024540104333578e+00
23                                     8.4080777815930059e+00
   &ZA [&Type "ArrayOfDoubles", &Dim (24,1)] "Total nuclear charge"
                                                         0

0                                      6.0000000000000000e+00
1                                      1.0000000000000000e+00
2                                      1.0000000000000000e+00
3                                      6.0000000000000000e+00
4                                      6.0000000000000000e+00
5                                      8.0000000000000000e+00
6                                      8.0000000000000000e+00
7                                      8.0000000000000000e+00
8                                      6.0000000000000000e+00
9                                      1.0000000000000000e+00
10                                     6.0000000000000000e+00
11                                     1.0000000000000000e+00
12                                     6.0000000000000000e+00
13                                     6.0000000000000000e+00
14                                     1.0000000000000000e+00
15                                     6.0000000000000000e+00
16                                     1.0000000000000000e+00
17                                     6.0000000000000000e+00
18                                     1.0000000000000000e+00
19                                     8.0000000000000000e+00
20                                     1.0000000000000000e+00
21                                     6.0000000000000000e+00
22                                     8.0000000000000000e+00
23                                     8.0000000000000000e+00
   &QA [&Type "ArrayOfDoubles", &Dim (24,1)] "Mulliken gross atomic charge"
                                                         0

0                                      7.7758730595289371e-02
1                                     -3.1327904772414206e-02
2                                     -1.9132959122113435e-02
3                                     -4.8421249084918294e-02
4                                      7.4826064491458233e-02
5                                     -4.0660517592616330e-01
6                                     -4.1559873393559243e-01
7                                     -3.0627271686167568e-01
8                                      5.4595580681136902e-02
9                                     -8.0643292669020372e-02
10                                     2.4142544642396402e-02
11                                    -6.2842645222853211e-02
12                                    -1.2435305219099302e-01
13                                     6.1902347352324583e-02
14                                    -5.0115665434399048e-02
15                                    -2.7735661280179791e-02
16                                    -6.9785823360640986e-02
17                                     2.7932880236968938e-01
18                                     2.8902173364802053e-03
19                                    -3.5450045300788879e-01
20                                     1.3978258411350664e-01
21                                     9.2640253312986864e-02
22                                    -4.0245401043335782e-01
23                                    -4.0807778159300589e-01
   &VA [&Type "ArrayOfDoubles", &Dim (24,1)] "Mayer's total valence"
                                                         0

0                                      3.8084668177189775e+00
1                                      1.0116042138932118e+00
2                                      1.0247904406744728e+00
3                                      4.0404463139793227e+00
4                                      4.4661759437397768e+00
5                                      2.0878410673913135e+00
6                                      2.0689168739740578e+00
7                                      2.1419991497608128e+00
8                                      3.9022145250242888e+00
9                                      9.8741534116855056e-01
10                                     3.9154252864503762e+00
11                                     1.0338967341264913e+00
12                                     3.6635084356569418e+00
13                                     3.8978842471983897e+00
14                                     1.0357980622805942e+00
15                                     3.8735101002474059e+00
16                                     9.8582104849714947e-01
17                                     3.8187124821385865e+00
18                                     1.0767299032552606e+00
19                                     1.9953584622832179e+00
20                                     1.0240151522863690e+00
21                                     4.5444701257843434e+00
22                                     2.0822346275452053e+00
23                                     2.0956917065030862e+00
   &BVA [&Type "ArrayOfDoubles", &Dim (24,1)] "Mayer's bonded valence"
                                                         0

0                                      3.8084668177189549e+00
1                                      1.0116042138932086e+00
2                                      1.0247904406744752e+00
3                                      4.0404463139792961e+00
4                                      4.4661759437397635e+00
5                                      2.0878410673913139e+00
6                                      2.0689168739739925e+00
7                                      2.1419991497609274e+00
8                                      3.9022145250242786e+00
9                                      9.8741534116853191e-01
10                                     3.9154252864503820e+00
11                                     1.0338967341264798e+00
12                                     3.6635084356570085e+00
13                                     3.8978842471984034e+00
14                                     1.0357980622806067e+00
15                                     3.8735101002473149e+00
16                                     9.8582104849714780e-01
17                                     3.8187124821385758e+00
18                                     1.0767299032552360e+00
19                                     1.9953584622831386e+00
20                                     1.0240151522863608e+00
21                                     4.5444701257843523e+00
22                                     2.0822346275451382e+00
23                                     2.0956917065030738e+00
   &FA [&Type "ArrayOfDoubles", &Dim (24,1)] "Mayer's free valence"
                                                         0

0                                      0.0000000000000000e+00
1                                      0.0000000000000000e+00
2                                      0.0000000000000000e+00
3                                      0.0000000000000000e+00
4                                      0.0000000000000000e+00
5                                      0.0000000000000000e+00
6                                      0.0000000000000000e+00
7                                      0.0000000000000000e+00
8                                      0.0000000000000000e+00
9                                      0.0000000000000000e+00
10                                     0.0000000000000000e+00
11                                     0.0000000000000000e+00
12                                     0.0000000000000000e+00
13                                     0.0000000000000000e+00
14                                     0.0000000000000000e+00
15                                     0.0000000000000000e+00
16                                     0.0000000000000000e+00
17                                     0.0000000000000000e+00
18                                     0.0000000000000000e+00
19                                     0.0000000000000000e+00
20                                     0.0000000000000000e+00
21                                     0.0000000000000000e+00
22                                     0.0000000000000000e+00
23                                     0.0000000000000000e+00
$End
$VdW_Correction
   &GeometryIndex 1
   &ListStatus       OUT
   &VDW [&Type "Double"]      -5.6058969756549615e-02
$End
$Calculation_Info
   &GeometryIndex 1
   &ListStatus       OUT
   &MULT [&Type "Integer"] 1
   &CHARGE [&Type "Integer"] -2
   &NUMOFATOMS [&Type "Integer"] 24
   &NUMOFELECTRONS [&Type "Integer"] 118
   &NUMOFFCELECTRONS [&Type "Integer"] 1
   &NUMOFCORRELECTRONS [&Type "Integer"] 0
   &NUMOFBASISFUNCTS [&Type "Integer"] 264
   &NUMOFAUXCBASISFUNCTS [&Type "Integer"] 0
   &NUMOFAUXJBASISFUNCTS [&Type "Integer"] 872
   &NUMOFAUXJKBASISFUNCTS [&Type "Integer"] 0
   &NUMOFCABSBASISFUNCTS [&Type "Integer"] 0
   &TOTALENERGY [&Type "Double"]      -8.3611787014725735e+02  "Hartrees"
$End
$SCF_Dipole_Moment
   &GeometryIndex 1
   &ListStatus       OUT
   &METHOD [&Type "String"] "SCF"
   &LEVEL [&Type "String"] "Relaxed density"
   &MULT [&Type "Integer"] 1
   &STATE [&Type "Integer"] -1
   &IRREP [&Type "Integer"] 0
   &NATOMS [&Type "Integer"] 24
   &DODIPOLEATOM [&Type "Boolean"] false
   &DIPOLEELECCONTRIB [&Type "ArrayOfDoubles", &Dim (3,1)] "Electronic contribution"
                                                         0

0                                      1.7103368218000510e+00
1                                      8.0808226337273659e-01
2                                      5.1181319153006655e-01
   &DIPOLENUCCONTRIB [&Type "ArrayOfDoubles", &Dim (3,1)] "Nuclear contribution"
                                                         0

0                                     -4.2886635586789481e+00
1                                     -2.2122076498260554e+00
2                                     -3.1941178495226552e-01
   &DIPOLETOTAL [&Type "ArrayOfDoubles", &Dim (3,1)] "Total"
                                                         0

0                                     -2.5783267368788971e+00
1                                     -1.4041253864533187e+00
2                                      1.9240140657780103e-01
   &DIPOLEMAGNITUDE [&Type "Double", &Units "a.u."]       2.9421684459324178e+00
$End
