*************************************************
******************* ORCA 6.0.1 ******************
*************************************************
$Calculation_Status
   &GeometryIndex 1
   &ListStatus       OUT
   &VERSION [&Type "String"] "6.0.1"
   &PROGNAME [&Type "String"] "LeanSCF"
   &STATUS [&Type "String"] "NORMAL TERMINATION"
$End
$Geometry
   &GeometryIndex 1
   &ListStatus       OUT
   &NATOMS [&Type "Integer"] 24
   &NCORELESSECP [&Type "Integer"] 0
   &NGHOSTATOMS [&Type "Integer"] 0
   &CartesianCoordinates [&Type "Coordinates", &Dim(24,4), &Units "Bohr"] 
              C     99.240857649008   58.991580722620  118.786295052156
              H    100.100683039943   57.188781990859  119.288962203779
              H    100.433274839513   60.665878077274  118.691808745460
              C     96.776654770375   59.191891692815  118.260951186926
              C     95.499199903844   61.709006903198  117.724268964892
              O     96.863582172536   63.587394680316  117.146012767912
              O     93.140821688711   61.765698687216  117.888675138543
              O     95.149600569069   57.141538837511  118.334650506149
              C     95.092908785051   55.435116138580  116.165244904407
              H     93.450736774674   54.214353056067  116.522403143718
              C     97.458845904721   53.879871530363  116.176583261211
              H     97.634590435175   52.373759801627  117.574980600312
              C     99.399594644258   54.405215395593  114.617559200726
              C     99.125584354839   56.463127155433  112.773186494019
              H    100.832007053770   57.033824447877  111.765962464639
              C     96.912715052017   57.636647084598  112.344218661618
              H     96.776654770375   59.146538265601  110.932593239579
              C     94.516542314205   56.852410739021  113.668916681497
              H     93.409162799727   58.536156724345  114.211268081933
              O     93.101137439898   55.321732570545  111.979501517772
              H     91.239757197986   55.605191490633  112.198709749306
              C    101.848679713820   52.887765310054  114.689368793815
              O    102.219066036068   51.392991938122  116.516733965317
              O    103.322666098278   53.197680396017  112.850665265509
$End
$SCF_Energy
   &GeometryIndex 1
   &ListStatus       OUT
   &SCF_ENERGY [&Type "Double"]      -8.3609614518271826e+02
$End
$DFT_Energy
   &GeometryIndex 1
   &ListStatus       OUT
   &NALPHAEL [&Type "Integer"] 59
   &NBETAEL [&Type "Integer"] 59
   &NTOTALEL [&Type "Integer"] 117
   &EEXCHANGE [&Type "Double"]      -8.3120150875394842e+01
   &ECORR [&Type "Double"]      -4.8442566187000589e+00
   &ECNL [&Type "Double"]       0.0000000000000000e+00
   &EXC [&Type "Double"]      -8.7964407494094900e+01
   &EEMBED [&Type "Double"]       0.0000000000000000e+00
   &FINALEN [&Type "Double"]      -8.3609614518271826e+02  "No Van der Waals correction"
$End
$Mulliken_Population_Analysis
   &GeometryIndex 1
   &ListStatus       OUT
   &NATOMS [&Type "Integer"] 24
   &ATNO [&Type "ArrayOfIntegers", &Dim (24,1)] 
                                                         0

0                                                        6
1                                                        1
2                                                        1
3                                                        6
4                                                        6
5                                                        8
6                                                        8
7                                                        8
8                                                        6
9                                                        1
10                                                       6
11                                                       1
12                                                       6
13                                                       6
14                                                       1
15                                                       6
16                                                       1
17                                                       6
18                                                       1
19                                                       8
20                                                       1
21                                                       6
22                                                       8
23                                                       8
   &ATOMICCHARGES [&Type "ArrayOfDoubles", &Dim (24,1)] 
                                                         0

0                                     -1.5242331021164013e-02
1                                     -8.3485497048498836e-03
2                                     -3.6048112817643307e-02
3                                      2.7484795632322090e-02
4                                      7.4533889802423481e-02
5                                     -4.2245173101338374e-01
6                                     -4.1682704723912956e-01
7                                     -3.6404689443366500e-01
8                                      2.8117684864929871e-01
9                                     -8.7014440566802076e-02
10                                    -7.6639124511951984e-02
11                                    -6.1693376737652850e-02
12                                    -2.6590180158671650e-02
13                                     5.3305617226828694e-02
14                                    -5.9057600440956426e-02
15                                    -2.0549390655870248e-02
16                                    -6.5887979244418027e-02
17                                     1.8480971941839730e-01
18                                    -8.1115681397785355e-03
19                                    -3.3738333669440124e-01
20                                     1.4478754423531881e-01
21                                     7.1334743013584223e-02
22                                    -4.2051917962682239e-01
23                                    -4.1102231497081654e-01
$End
$Loewdin_Population_Analysis
   &GeometryIndex 1
   &ListStatus       OUT
   &NATOMS [&Type "Integer"] 24
   &ATNO [&Type "ArrayOfIntegers", &Dim (24,1)] 
                                                         0

0                                                        6
1                                                        1
2                                                        1
3                                                        6
4                                                        6
5                                                        8
6                                                        8
7                                                        8
8                                                        6
9                                                        1
10                                                       6
11                                                       1
12                                                       6
13                                                       6
14                                                       1
15                                                       6
16                                                       1
17                                                       6
18                                                       1
19                                                       8
20                                                       1
21                                                       6
22                                                       8
23                                                       8
   &ATOMICCHARGES [&Type "ArrayOfDoubles", &Dim (24,1)] 
                                                         0

0                                     -1.0545787543901586e-01
1                                      9.4548590006178213e-03
2                                      7.5641623534017377e-03
3                                     -2.2488212262317120e-04
4                                     -6.5126554549194360e-02
5                                     -3.9559177651827326e-01
6                                     -3.7795414178794040e-01
7                                     -1.5030113745810070e-01
8                                      7.4994105643495068e-02
9                                     -3.5102392839445606e-03
10                                    -4.0712332811439822e-02
11                                     3.9708333822996433e-03
12                                    -6.2251720601980587e-02
13                                    -2.3946309697544521e-03
14                                     1.2101103805063795e-02
15                                    -5.8656205018700724e-02
16                                     7.5374737116851165e-04
17                                     4.6879449295241571e-02
18                                     1.4648330217325367e-02
19                                    -1.6907750874104899e-01
20                                     7.3944771575403467e-02
21                                    -4.1574356312911398e-02
22                                    -3.9264414733474418e-01
23                                    -3.7883385369408273e-01
$End
$Mayer_Population_Analysis
   &GeometryIndex 1
   &ListStatus       OUT
   &NATOMS [&Type "Integer"] 24 "Total number of atoms"
   &BONDTHRESH [&Type "Double"]       1.0000000000000001e-01  "The threshold for printing"
   &NBONDORDERSPRINT [&Type "Integer"] 26 "The number of bond orders larger than threshold"
   &BONDORDERS [&Type "ArrayOfDoubles", &Dim (26,1)] "The bond orders"
                                                         0

0                                      9.1274404216101723e-01
1                                      9.0754008503570971e-01
2                                      1.9685584821891693e+00
3                                      8.3949167014589554e-01
4                                      1.0324843813582005e+00
5                                      1.8739826283747316e+00
6                                      1.8050969106333512e+00
7                                      1.2035365657715985e-01
8                                      9.5595372508348964e-01
9                                      8.8506292151402166e-01
10                                     9.6241197301642867e-01
11                                     9.5301201977837835e-01
12                                     9.4371423743905958e-01
13                                     1.7829886438243225e+00
14                                     1.0810710313786585e+00
15                                     8.3383647091051805e-01
16                                     9.6519050619904190e-01
17                                     1.7789850319941638e+00
18                                     9.5825145081808494e-01
19                                     9.7171964257364662e-01
20                                     9.0417353824249513e-01
21                                     1.0314419654307208e+00
22                                     9.7203868220851508e-01
23                                     1.8769653553264407e+00
24                                     1.8603556402698627e+00
25                                     1.2462194648538993e-01
   &COMPONENTS [&Type "ArrayOfIntegers", &Dim (26,4)] "The indices and atomic numbers of the bonding atoms"
                                                         0                           1                           2                           3

0                                                        0                           6                           1                           1
1                                                        0                           6                           2                           1
2                                                        0                           6                           3                           6
3                                                        3                           6                           4                           6
4                                                        3                           6                           7                           8
5                                                        4                           6                           5                           8
6                                                        4                           6                           6                           8
7                                                        5                           8                           6                           8
8                                                        7                           8                           8                           6
9                                                        8                           6                           9                           1
10                                                       8                           6                          10                           6
11                                                       8                           6                          17                           6
12                                                      10                           6                          11                           1
13                                                      10                           6                          12                           6
14                                                      12                           6                          13                           6
15                                                      12                           6                          21                           6
16                                                      13                           6                          14                           1
17                                                      13                           6                          15                           6
18                                                      15                           6                          16                           1
19                                                      15                           6                          17                           6
20                                                      17                           6                          18                           1
21                                                      17                           6                          19                           8
22                                                      19                           8                          20                           1
23                                                      21                           6                          22                           8
24                                                      21                           6                          23                           8
25                                                      22                           8                          23                           8
   &ATNO [&Type "ArrayOfIntegers", &Dim (24,1)] "Atomic number of the elements"
                                                         0

0                                                        6
1                                                        1
2                                                        1
3                                                        6
4                                                        6
5                                                        8
6                                                        8
7                                                        8
8                                                        6
9                                                        1
10                                                       6
11                                                       1
12                                                       6
13                                                       6
14                                                       1
15                                                       6
16                                                       1
17                                                       6
18                                                       1
19                                                       8
20                                                       1
21                                                       6
22                                                       8
23                                                       8
   &NA [&Type "ArrayOfDoubles", &Dim (24,1)] "Mulliken gross atomic population"
                                                         0

0                                      6.0152423310211605e+00
1                                      1.0083485497048505e+00
2                                      1.0360481128176433e+00
3                                      5.9725152043676815e+00
4                                      5.9254661101975712e+00
5                                      8.4224517310133820e+00
6                                      8.4168270472391278e+00
7                                      8.3640468944336614e+00
8                                      5.7188231513507022e+00
9                                      1.0870144405668032e+00
10                                     6.0766391245119529e+00
11                                     1.0616933767376531e+00
12                                     6.0265901801586708e+00
13                                     5.9466943827731695e+00
14                                     1.0590576004409566e+00
15                                     6.0205493906558649e+00
16                                     1.0658879792444178e+00
17                                     5.8151902805816018e+00
18                                     1.0081115681397785e+00
19                                     8.3373833366943977e+00
20                                     8.5521245576468086e-01
21                                     5.9286652569864158e+00
22                                     8.4205191796268206e+00
23                                     8.4110223149708183e+00
   &ZA [&Type "ArrayOfDoubles", &Dim (24,1)] "Total nuclear charge"
                                                         0

0                                      6.0000000000000000e+00
1                                      1.0000000000000000e+00
2                                      1.0000000000000000e+00
3                                      6.0000000000000000e+00
4                                      6.0000000000000000e+00
5                                      8.0000000000000000e+00
6                                      8.0000000000000000e+00
7                                      8.0000000000000000e+00
8                                      6.0000000000000000e+00
9                                      1.0000000000000000e+00
10                                     6.0000000000000000e+00
11                                     1.0000000000000000e+00
12                                     6.0000000000000000e+00
13                                     6.0000000000000000e+00
14                                     1.0000000000000000e+00
15                                     6.0000000000000000e+00
16                                     1.0000000000000000e+00
17                                     6.0000000000000000e+00
18                                     1.0000000000000000e+00
19                                     8.0000000000000000e+00
20                                     1.0000000000000000e+00
21                                     6.0000000000000000e+00
22                                     8.0000000000000000e+00
23                                     8.0000000000000000e+00
   &QA [&Type "ArrayOfDoubles", &Dim (24,1)] "Mulliken gross atomic charge"
                                                         0

0                                     -1.5242331021160460e-02
1                                     -8.3485497048505497e-03
2                                     -3.6048112817643307e-02
3                                      2.7484795632318537e-02
4                                      7.4533889802428810e-02
5                                     -4.2245173101338196e-01
6                                     -4.1682704723912778e-01
7                                     -3.6404689443366145e-01
8                                      2.8117684864929782e-01
9                                     -8.7014440566803186e-02
10                                    -7.6639124511952872e-02
11                                    -6.1693376737653072e-02
12                                    -2.6590180158670762e-02
13                                     5.3305617226830471e-02
14                                    -5.9057600440956648e-02
15                                    -2.0549390655864919e-02
16                                    -6.5887979244417805e-02
17                                     1.8480971941839819e-01
18                                    -8.1115681397785355e-03
19                                    -3.3738333669439768e-01
20                                     1.4478754423531914e-01
21                                     7.1334743013584223e-02
22                                    -4.2051917962682062e-01
23                                    -4.1102231497081831e-01
   &VA [&Type "ArrayOfDoubles", &Dim (24,1)] "Mayer's total valence"
                                                         0

0                                      3.8925916355629315e+00
1                                      9.9187702334425043e-01
2                                      1.0174089516400822e+00
3                                      3.9439653368690890e+00
4                                      4.5123098719873749e+00
5                                      2.0672977036620086e+00
6                                      2.0465661916310895e+00
7                                      2.0927570270878193e+00
8                                      3.8131371325899281e+00
9                                      9.9484904708208288e-01
10                                     3.8761935506703100e+00
11                                     1.0305979220590265e+00
12                                     3.7014413657520517e+00
13                                     3.9127001916253508e+00
14                                     1.0263011139121450e+00
15                                     3.8151462076381066e+00
16                                     9.7892190916131494e-01
17                                     3.9090036725353436e+00
18                                     1.0571581517778226e+00
19                                     2.0291001123338055e+00
20                                     1.0192217456580241e+00
21                                     4.5566829820641086e+00
22                                     2.0739874868332686e+00
23                                     2.0795852656458034e+00
   &BVA [&Type "ArrayOfDoubles", &Dim (24,1)] "Mayer's bonded valence"
                                                         0

0                                      3.8925916355629377e+00
1                                      9.9187702334425287e-01
2                                      1.0174089516400784e+00
3                                      3.9439653368690593e+00
4                                      4.5123098719873624e+00
5                                      2.0672977036619908e+00
6                                      2.0465661916310847e+00
7                                      2.0927570270878046e+00
8                                      3.8131371325898789e+00
9                                      9.9484904708207578e-01
10                                     3.8761935506702536e+00
11                                     1.0305979220590182e+00
12                                     3.7014413657520455e+00
13                                     3.9127001916253268e+00
14                                     1.0263011139121394e+00
15                                     3.8151462076380933e+00
16                                     9.7892190916130772e-01
17                                     3.9090036725352659e+00
18                                     1.0571581517778028e+00
19                                     2.0291001123338095e+00
20                                     1.0192217456580308e+00
21                                     4.5566829820641068e+00
22                                     2.0739874868332624e+00
23                                     2.0795852656457452e+00
   &FA [&Type "ArrayOfDoubles", &Dim (24,1)] "Mayer's free valence"
                                                         0

0                                      0.0000000000000000e+00
1                                      0.0000000000000000e+00
2                                      0.0000000000000000e+00
3                                      0.0000000000000000e+00
4                                      0.0000000000000000e+00
5                                      0.0000000000000000e+00
6                                      0.0000000000000000e+00
7                                      0.0000000000000000e+00
8                                      0.0000000000000000e+00
9                                      0.0000000000000000e+00
10                                     0.0000000000000000e+00
11                                     0.0000000000000000e+00
12                                     0.0000000000000000e+00
13                                     0.0000000000000000e+00
14                                     0.0000000000000000e+00
15                                     0.0000000000000000e+00
16                                     0.0000000000000000e+00
17                                     0.0000000000000000e+00
18                                     0.0000000000000000e+00
19                                     0.0000000000000000e+00
20                                     0.0000000000000000e+00
21                                     0.0000000000000000e+00
22                                     0.0000000000000000e+00
23                                     0.0000000000000000e+00
$End
$VdW_Correction
   &GeometryIndex 1
   &ListStatus       OUT
   &VDW [&Type "Double"]      -5.1585728384703933e-02
$End
$Calculation_Info
   &GeometryIndex 1
   &ListStatus       OUT
   &MULT [&Type "Integer"] 1
   &CHARGE [&Type "Integer"] -2
   &NUMOFATOMS [&Type "Integer"] 24
   &NUMOFELECTRONS [&Type "Integer"] 118
   &NUMOFFCELECTRONS [&Type "Integer"] 1
   &NUMOFCORRELECTRONS [&Type "Integer"] 0
   &NUMOFBASISFUNCTS [&Type "Integer"] 264
   &NUMOFAUXCBASISFUNCTS [&Type "Integer"] 0
   &NUMOFAUXJBASISFUNCTS [&Type "Integer"] 872
   &NUMOFAUXJKBASISFUNCTS [&Type "Integer"] 0
   &NUMOFCABSBASISFUNCTS [&Type "Integer"] 0
   &TOTALENERGY [&Type "Double"]      -8.3614773091110294e+02  "Hartrees"
$End
$SCF_Dipole_Moment
   &GeometryIndex 1
   &ListStatus       OUT
   &METHOD [&Type "String"] "SCF"
   &LEVEL [&Type "String"] "Relaxed density"
   &MULT [&Type "Integer"] 1
   &STATE [&Type "Integer"] -1
   &IRREP [&Type "Integer"] 0
   &NATOMS [&Type "Integer"] 24
   &DODIPOLEATOM [&Type "Boolean"] false
   &DIPOLEELECCONTRIB [&Type "ArrayOfDoubles", &Dim (3,1)] "Electronic contribution"
                                                         0

0                                      3.1581516785997621e-01
1                                     -6.4932617405239756e-01
2                                      1.0210129183873786e+00
   &DIPOLENUCCONTRIB [&Type "ArrayOfDoubles", &Dim (3,1)] "Nuclear contribution"
                                                         0

0                                     -2.7812661280112678e+00
1                                     -1.5611740362112414e-01
2                                     -1.8691561334915292e+00
   &DIPOLETOTAL [&Type "ArrayOfDoubles", &Dim (3,1)] "Total"
                                                         0

0                                     -2.4654509601512915e+00
1                                     -8.0544357767352170e-01
2                                     -8.4814321510415058e-01
   &DIPOLEMAGNITUDE [&Type "Double", &Units "a.u."]       2.7288339464052505e+00
$End
