*************************************************
******************* ORCA 6.0.1 ******************
*************************************************
$Calculation_Status
   &GeometryIndex 1
   &ListStatus       OUT
   &VERSION [&Type "String"] "6.0.1"
   &PROGNAME [&Type "String"] "LeanSCF"
   &STATUS [&Type "String"] "NORMAL TERMINATION"
$End
$Geometry
   &GeometryIndex 1
   &ListStatus       OUT
   &NATOMS [&Type "Integer"] 24
   &NCORELESSECP [&Type "Integer"] 0
   &NGHOSTATOMS [&Type "Integer"] 0
   &CartesianCoordinates [&Type "Coordinates", &Dim(24,4), &Units "Bohr"] 
              C     86.432293913290   56.340294956728  127.061405792597
              H     87.311016565564   54.637651710065  127.862649673380
              H     87.269442590617   57.999474502311  127.957135980076
              C     83.639278687355   56.291162077246  127.624544180506
              C     82.125608054084   58.812056739897  127.541396230613
              O     83.198972498151   60.726349313559  128.412559978351
              O     79.924077108065   58.711901254799  126.677791387411
              O     82.564024517153   54.323957171834  128.140439415066
              C     83.911399250639   53.286497524311  122.253942507901
              H     83.278340995776   51.389212485855  121.789069878957
              C     86.190408968148   53.749480427122  123.230930919139
              H     87.526445344831   52.226361163182  123.629663133396
              C     86.951968600119   56.353523039666  124.120991928216
              C     85.430739062312   58.354743015488  122.764168564060
              H     86.247100752166   60.244469149410  122.732043219784
              C     83.244325925365   57.853965589999  121.605766443966
              H     82.252219705056   59.324172522190  120.549409535104
              C     81.989547772441   55.300945583072  121.673796584788
              H     80.566583993599   55.350078462553  123.206364479398
              O     80.789571677401   54.762373634904  119.347543713931
              H     79.015118837649   54.133094832308  119.619664277215
              C     89.850808489554   56.852410739021  123.809187116119
              O     91.309677064941   55.149767492358  124.570746748089
              O     90.521661267096   58.957565652209  122.902118571836
$End
$SCF_Energy
   &GeometryIndex 1
   &ListStatus       OUT
   &SCF_ENERGY [&Type "Double"]      -8.3612049618982223e+02
$End
$DFT_Energy
   &GeometryIndex 1
   &ListStatus       OUT
   &NALPHAEL [&Type "Integer"] 59
   &NBETAEL [&Type "Integer"] 59
   &NTOTALEL [&Type "Integer"] 118
   &EEXCHANGE [&Type "Double"]      -8.3136322743804499e+01
   &ECORR [&Type "Double"]      -4.8465144461804606e+00
   &ECNL [&Type "Double"]       0.0000000000000000e+00
   &EXC [&Type "Double"]      -8.7982837189984963e+01
   &EEMBED [&Type "Double"]       0.0000000000000000e+00
   &FINALEN [&Type "Double"]      -8.3612049618982223e+02  "No Van der Waals correction"
$End
$Mulliken_Population_Analysis
   &GeometryIndex 1
   &ListStatus       OUT
   &NATOMS [&Type "Integer"] 24
   &ATNO [&Type "ArrayOfIntegers", &Dim (24,1)] 
                                                         0

0                                                        6
1                                                        1
2                                                        1
3                                                        6
4                                                        6
5                                                        8
6                                                        8
7                                                        8
8                                                        6
9                                                        1
10                                                       6
11                                                       1
12                                                       6
13                                                       6
14                                                       1
15                                                       6
16                                                       1
17                                                       6
18                                                       1
19                                                       8
20                                                       1
21                                                       6
22                                                       8
23                                                       8
   &ATOMICCHARGES [&Type "ArrayOfDoubles", &Dim (24,1)] 
                                                         0

0                                      2.3368693122334872e-01
1                                     -5.8059967428781833e-02
2                                     -2.2207548230680274e-02
3                                     -3.5000860177301085e-02
4                                      9.4056976182516294e-02
5                                     -4.0461040671643467e-01
6                                     -4.0506710970540105e-01
7                                     -2.7604728423597535e-01
8                                     -8.2241137008336906e-02
9                                     -1.0120749637198445e-01
10                                     6.2812555711136753e-02
11                                    -5.7909757023827391e-02
12                                    -2.1673867519080314e-01
13                                     7.9091829498495692e-02
14                                    -3.7558704458442005e-02
15                                    -6.7711145102935966e-02
16                                    -8.2248106152493339e-02
17                                     3.0475540305432425e-01
18                                     1.1091740140871109e-02
19                                    -3.5859136345546716e-01
20                                     1.4568345133242078e-01
21                                     1.0236574261135090e-01
22                                    -4.2153878089112062e-01
23                                    -4.0680628760449089e-01
$End
$Loewdin_Population_Analysis
   &GeometryIndex 1
   &ListStatus       OUT
   &NATOMS [&Type "Integer"] 24
   &ATNO [&Type "ArrayOfIntegers", &Dim (24,1)] 
                                                         0

0                                                        6
1                                                        1
2                                                        1
3                                                        6
4                                                        6
5                                                        8
6                                                        8
7                                                        8
8                                                        6
9                                                        1
10                                                       6
11                                                       1
12                                                       6
13                                                       6
14                                                       1
15                                                       6
16                                                       1
17                                                       6
18                                                       1
19                                                       8
20                                                       1
21                                                       6
22                                                       8
23                                                       8
   &ATOMICCHARGES [&Type "ArrayOfDoubles", &Dim (24,1)] 
                                                         0

0                                     -2.8385467375295903e-02
1                                      5.9503808235896738e-03
2                                      2.0267476857232403e-02
3                                      3.9683176182641944e-02
4                                     -7.5113269848007036e-02
5                                     -3.6056593790076619e-01
6                                     -3.6624847791871140e-01
7                                     -2.0420654257866033e-01
8                                     -7.6507226100427594e-02
9                                     -1.3436284397380538e-02
10                                    -1.5155277609366635e-03
11                                     6.8286225150454571e-03
12                                    -7.7637862817086400e-02
13                                     5.4460918047363194e-03
14                                     1.6137117935512757e-02
15                                    -6.4271030341771507e-02
16                                    -2.8598162165160979e-03
17                                     4.6779626977468958e-02
18                                     1.4987810750813679e-02
19                                    -1.7917769807862527e-01
20                                     7.6469609505851688e-02
21                                    -2.0569494085939333e-02
22                                    -3.8260024429211548e-01
23                                    -3.7945503364059618e-01
$End
$Mayer_Population_Analysis
   &GeometryIndex 1
   &ListStatus       OUT
   &NATOMS [&Type "Integer"] 24 "Total number of atoms"
   &BONDTHRESH [&Type "Double"]       1.0000000000000001e-01  "The threshold for printing"
   &NBONDORDERSPRINT [&Type "Integer"] 26 "The number of bond orders larger than threshold"
   &BONDORDERS [&Type "ArrayOfDoubles", &Dim (26,1)] "The bond orders"
                                                         0

0                                      8.9345534800817961e-01
1                                      9.0195819851542369e-01
2                                      9.6751877136642594e-01
3                                      9.9733095286536511e-01
4                                      8.1010367091511959e-01
5                                      2.0638656653160785e+00
6                                      1.8274044379846264e+00
7                                      1.8283097212739845e+00
8                                      1.2436653270500553e-01
9                                      9.5118446438872084e-01
10                                     1.8691243693739066e+00
11                                     9.6404050007120756e-01
12                                     9.6000447615360884e-01
13                                     9.7376467027878499e-01
14                                     9.9053918638851501e-01
15                                     7.8136269851194129e-01
16                                     9.5519368463464738e-01
17                                     1.8539345588127867e+00
18                                     9.5618692406377048e-01
19                                     9.8709991775929828e-01
20                                     8.5688568834601231e-01
21                                     9.8237041329602448e-01
22                                     9.7501001627323614e-01
23                                     1.8422568965834398e+00
24                                     1.8808811429029020e+00
25                                     1.1750192009436072e-01
   &COMPONENTS [&Type "ArrayOfIntegers", &Dim (26,4)] "The indices and atomic numbers of the bonding atoms"
                                                         0                           1                           2                           3

0                                                        0                           6                           1                           1
1                                                        0                           6                           2                           1
2                                                        0                           6                           3                           6
3                                                        0                           6                          12                           6
4                                                        3                           6                           4                           6
5                                                        3                           6                           7                           8
6                                                        4                           6                           5                           8
7                                                        4                           6                           6                           8
8                                                        5                           8                           6                           8
9                                                        8                           6                           9                           1
10                                                       8                           6                          10                           6
11                                                       8                           6                          17                           6
12                                                      10                           6                          11                           1
13                                                      10                           6                          12                           6
14                                                      12                           6                          13                           6
15                                                      12                           6                          21                           6
16                                                      13                           6                          14                           1
17                                                      13                           6                          15                           6
18                                                      15                           6                          16                           1
19                                                      15                           6                          17                           6
20                                                      17                           6                          18                           1
21                                                      17                           6                          19                           8
22                                                      19                           8                          20                           1
23                                                      21                           6                          22                           8
24                                                      21                           6                          23                           8
25                                                      22                           8                          23                           8
   &ATNO [&Type "ArrayOfIntegers", &Dim (24,1)] "Atomic number of the elements"
                                                         0

0                                                        6
1                                                        1
2                                                        1
3                                                        6
4                                                        6
5                                                        8
6                                                        8
7                                                        8
8                                                        6
9                                                        1
10                                                       6
11                                                       1
12                                                       6
13                                                       6
14                                                       1
15                                                       6
16                                                       1
17                                                       6
18                                                       1
19                                                       8
20                                                       1
21                                                       6
22                                                       8
23                                                       8
   &NA [&Type "ArrayOfDoubles", &Dim (24,1)] "Mulliken gross atomic population"
                                                         0

0                                      5.7663130687766486e+00
1                                      1.0580599674287821e+00
2                                      1.0222075482306807e+00
3                                      6.0350008601773020e+00
4                                      5.9059430238174802e+00
5                                      8.4046104067164347e+00
6                                      8.4050671097054028e+00
7                                      8.2760472842359736e+00
8                                      6.0822411370083378e+00
9                                      1.1012074963719851e+00
10                                     5.9371874442888624e+00
11                                     1.0579097570238269e+00
12                                     6.2167386751908040e+00
13                                     5.9209081705015070e+00
14                                     1.0375587044584420e+00
15                                     6.0677111451029351e+00
16                                     1.0822481061524927e+00
17                                     5.6952445969456740e+00
18                                     9.8890825985912889e-01
19                                     8.3585913634554689e+00
20                                     8.5431654866757911e-01
21                                     5.8976342573886509e+00
22                                     8.4215387808911206e+00
23                                     8.4068062876044944e+00
   &ZA [&Type "ArrayOfDoubles", &Dim (24,1)] "Total nuclear charge"
                                                         0

0                                      6.0000000000000000e+00
1                                      1.0000000000000000e+00
2                                      1.0000000000000000e+00
3                                      6.0000000000000000e+00
4                                      6.0000000000000000e+00
5                                      8.0000000000000000e+00
6                                      8.0000000000000000e+00
7                                      8.0000000000000000e+00
8                                      6.0000000000000000e+00
9                                      1.0000000000000000e+00
10                                     6.0000000000000000e+00
11                                     1.0000000000000000e+00
12                                     6.0000000000000000e+00
13                                     6.0000000000000000e+00
14                                     1.0000000000000000e+00
15                                     6.0000000000000000e+00
16                                     1.0000000000000000e+00
17                                     6.0000000000000000e+00
18                                     1.0000000000000000e+00
19                                     8.0000000000000000e+00
20                                     1.0000000000000000e+00
21                                     6.0000000000000000e+00
22                                     8.0000000000000000e+00
23                                     8.0000000000000000e+00
   &QA [&Type "ArrayOfDoubles", &Dim (24,1)] "Mulliken gross atomic charge"
                                                         0

0                                      2.3368693122335138e-01
1                                     -5.8059967428782056e-02
2                                     -2.2207548230680718e-02
3                                     -3.5000860177301973e-02
4                                      9.4056976182519847e-02
5                                     -4.0461040671643467e-01
6                                     -4.0506710970540283e-01
7                                     -2.7604728423597358e-01
8                                     -8.2241137008337795e-02
9                                     -1.0120749637198512e-01
10                                     6.2812555711137641e-02
11                                    -5.7909757023826947e-02
12                                    -2.1673867519080403e-01
13                                     7.9091829498493027e-02
14                                    -3.7558704458442005e-02
15                                    -6.7711145102935077e-02
16                                    -8.2248106152492673e-02
17                                     3.0475540305432602e-01
18                                     1.1091740140871109e-02
19                                    -3.5859136345546894e-01
20                                     1.4568345133242089e-01
21                                     1.0236574261134912e-01
22                                    -4.2153878089112062e-01
23                                    -4.0680628760449444e-01
   &VA [&Type "ArrayOfDoubles", &Dim (24,1)] "Mayer's total valence"
                                                         0

0                                      3.7663978921144259e+00
1                                      1.0311637728414484e+00
2                                      1.0321672168131457e+00
3                                      3.9663156496044354e+00
4                                      4.4817324829945955e+00
5                                      2.0754358777388067e+00
6                                      2.0822532041654100e+00
7                                      2.1853130033522858e+00
8                                      3.8963804979484817e+00
9                                      9.8477672395903149e-01
10                                     3.8777020855185547e+00
11                                     1.0268446603282637e+00
12                                     3.7347633719813382e+00
13                                     3.8835907621328425e+00
14                                     1.0451711090239162e+00
15                                     3.9361298878768523e+00
16                                     9.8874750861014482e-01
17                                     3.7758629776116228e+00
18                                     1.0575966453269356e+00
19                                     2.0009256355680947e+00
20                                     1.0177290180906369e+00
21                                     4.5334337711050194e+00
22                                     2.0592654484623161e+00
23                                     2.0940676661209308e+00
   &BVA [&Type "ArrayOfDoubles", &Dim (24,1)] "Mayer's bonded valence"
                                                         0

0                                      3.7663978921144503e+00
1                                      1.0311637728414329e+00
2                                      1.0321672168131468e+00
3                                      3.9663156496044709e+00
4                                      4.4817324829945928e+00
5                                      2.0754358777388600e+00
6                                      2.0822532041653687e+00
7                                      2.1853130033523236e+00
8                                      3.8963804979483978e+00
9                                      9.8477672395901550e-01
10                                     3.8777020855184694e+00
11                                     1.0268446603282522e+00
12                                     3.7347633719813360e+00
13                                     3.8835907621329020e+00
14                                     1.0451711090239248e+00
15                                     3.9361298878768967e+00
16                                     9.8874750861015870e-01
17                                     3.7758629776116406e+00
18                                     1.0575966453269330e+00
19                                     2.0009256355681178e+00
20                                     1.0177290180906402e+00
21                                     4.5334337711049839e+00
22                                     2.0592654484622805e+00
23                                     2.0940676661209530e+00
   &FA [&Type "ArrayOfDoubles", &Dim (24,1)] "Mayer's free valence"
                                                         0

0                                      0.0000000000000000e+00
1                                      0.0000000000000000e+00
2                                      0.0000000000000000e+00
3                                      0.0000000000000000e+00
4                                      0.0000000000000000e+00
5                                      0.0000000000000000e+00
6                                      0.0000000000000000e+00
7                                      0.0000000000000000e+00
8                                      0.0000000000000000e+00
9                                      0.0000000000000000e+00
10                                     0.0000000000000000e+00
11                                     0.0000000000000000e+00
12                                     0.0000000000000000e+00
13                                     0.0000000000000000e+00
14                                     0.0000000000000000e+00
15                                     0.0000000000000000e+00
16                                     0.0000000000000000e+00
17                                     0.0000000000000000e+00
18                                     0.0000000000000000e+00
19                                     0.0000000000000000e+00
20                                     0.0000000000000000e+00
21                                     0.0000000000000000e+00
22                                     0.0000000000000000e+00
23                                     0.0000000000000000e+00
$End
$VdW_Correction
   &GeometryIndex 1
   &ListStatus       OUT
   &VDW [&Type "Double"]      -5.4871935301812100e-02
$End
$Calculation_Info
   &GeometryIndex 1
   &ListStatus       OUT
   &MULT [&Type "Integer"] 1
   &CHARGE [&Type "Integer"] -2
   &NUMOFATOMS [&Type "Integer"] 24
   &NUMOFELECTRONS [&Type "Integer"] 118
   &NUMOFFCELECTRONS [&Type "Integer"] 1
   &NUMOFCORRELECTRONS [&Type "Integer"] 0
   &NUMOFBASISFUNCTS [&Type "Integer"] 264
   &NUMOFAUXCBASISFUNCTS [&Type "Integer"] 0
   &NUMOFAUXJBASISFUNCTS [&Type "Integer"] 872
   &NUMOFAUXJKBASISFUNCTS [&Type "Integer"] 0
   &NUMOFCABSBASISFUNCTS [&Type "Integer"] 0
   &TOTALENERGY [&Type "Double"]      -8.3617536812512401e+02  "Hartrees"
$End
$SCF_Dipole_Moment
   &GeometryIndex 1
   &ListStatus       OUT
   &METHOD [&Type "String"] "SCF"
   &LEVEL [&Type "String"] "Relaxed density"
   &MULT [&Type "Integer"] 1
   &STATE [&Type "Integer"] -1
   &IRREP [&Type "Integer"] 0
   &NATOMS [&Type "Integer"] 24
   &DODIPOLEATOM [&Type "Boolean"] false
   &DIPOLEELECCONTRIB [&Type "ArrayOfDoubles", &Dim (3,1)] "Electronic contribution"
                                                         0

0                                      7.7904390535483770e-01
1                                      1.9088770836226452e+00
2                                      2.9908085802102238e+00
   &DIPOLENUCCONTRIB [&Type "ArrayOfDoubles", &Dim (3,1)] "Nuclear contribution"
                                                         0

0                                     -2.6033253245408616e+00
1                                     -3.8276822317136165e+00
2                                     -4.2776984813477554e+00
   &DIPOLETOTAL [&Type "ArrayOfDoubles", &Dim (3,1)] "Total"
                                                         0

0                                     -1.8242814191860239e+00
1                                     -1.9188051480909714e+00
2                                     -1.2868899011375317e+00
   &DIPOLEMAGNITUDE [&Type "Double", &Units "a.u."]       2.9437903305734179e+00
$End
