*************************************************
******************* ORCA 6.0.1 ******************
*************************************************
$Calculation_Status
   &GeometryIndex 1
   &ListStatus       OUT
   &VERSION [&Type "String"] "6.0.1"
   &PROGNAME [&Type "String"] "LeanSCF"
   &STATUS [&Type "String"] "NORMAL TERMINATION"
$End
$Geometry
   &GeometryIndex 1
   &ListStatus       OUT
   &NATOMS [&Type "Integer"] 24
   &NCORELESSECP [&Type "Integer"] 0
   &NGHOSTATOMS [&Type "Integer"] 0
   &CartesianCoordinates [&Type "Coordinates", &Dim(24,4), &Units "Bohr"] 
              C     99.570766761528   58.307501475770  118.224878882604
              H    100.323563506832   56.699405535053  119.263851470704
              H    100.893117353105   59.715749171877  117.502168487562
              C     96.986228692905   58.847464620626  118.411716417211
              C     95.779932852611   61.438898961721  117.757157131363
              O     97.136931607819   63.277970564651  117.062257297290
              O     93.438233198861   61.578346864939  118.047930318996
              O     95.424652989846   57.132646707952  119.049735604852
              C     94.771592141008   54.776618196555  115.693729413365
              H     93.124147902541   53.841869493509  116.507001328551
              C     97.145575042419   53.764430640405  116.054419786723
              H     97.434197149585   52.200262688843  117.359660206223
              C     99.262220095130   54.933962227876  114.995745764850
              C     98.870363451451   56.851840394496  113.026240211482
              H    100.558589712577   57.615651444195  112.122708886708
              C     96.550130430712   57.648562361853  112.377551126774
              H     96.286242786589   59.057163838664  110.885609786018
              C     94.194794064421   56.661461074852  113.625370518707
              H     93.140220450533   58.256953709120  114.465813001181
              O     92.704742388430   55.435382563089  111.752924699756
              H     90.840092110922   55.722589956702  112.050580526915
              C    101.737003190997   53.410652960004  115.017001326478
              O    102.136427867663   51.846967868628  116.768124067121
              O    103.116146400079   53.686898612479  113.104928458749
$End
$SCF_Energy
   &GeometryIndex 1
   &ListStatus       OUT
   &SCF_ENERGY [&Type "Double"]      -8.3605092454903956e+02
$End
$DFT_Energy
   &GeometryIndex 1
   &ListStatus       OUT
   &NALPHAEL [&Type "Integer"] 59
   &NBETAEL [&Type "Integer"] 59
   &NTOTALEL [&Type "Integer"] 118
   &EEXCHANGE [&Type "Double"]      -8.3069587159854166e+01
   &ECORR [&Type "Double"]      -4.8396350660398841e+00
   &ECNL [&Type "Double"]       0.0000000000000000e+00
   &EXC [&Type "Double"]      -8.7909222225894055e+01
   &EEMBED [&Type "Double"]       0.0000000000000000e+00
   &FINALEN [&Type "Double"]      -8.3605092454903956e+02  "No Van der Waals correction"
$End
$Mulliken_Population_Analysis
   &GeometryIndex 1
   &ListStatus       OUT
   &NATOMS [&Type "Integer"] 24
   &ATNO [&Type "ArrayOfIntegers", &Dim (24,1)] 
                                                         0

0                                                        6
1                                                        1
2                                                        1
3                                                        6
4                                                        6
5                                                        8
6                                                        8
7                                                        8
8                                                        6
9                                                        1
10                                                       6
11                                                       1
12                                                       6
13                                                       6
14                                                       1
15                                                       6
16                                                       1
17                                                       6
18                                                       1
19                                                       8
20                                                       1
21                                                       6
22                                                       8
23                                                       8
   &ATOMICCHARGES [&Type "ArrayOfDoubles", &Dim (24,1)] 
                                                         0

0                                      6.7097941443909903e-02
1                                     -1.9408665621668320e-02
2                                     -2.6004119404448911e-02
3                                     -3.7877241941347783e-02
4                                      5.3374518979554253e-02
5                                     -4.1299877844241806e-01
6                                     -4.1276542401624994e-01
7                                     -3.0769228464238019e-01
8                                      6.4184596855732856e-02
9                                     -7.1223641450681718e-02
10                                     3.2985421910677104e-02
11                                    -5.9639949630543754e-02
12                                    -1.1263212439183601e-01
13                                     8.5316122621438950e-02
14                                    -5.5258425880955198e-02
15                                    -5.1818479302727205e-02
16                                    -7.2547563500221957e-02
17                                     2.6972688440698089e-01
18                                     7.1893771922816319e-03
19                                    -3.5308674997356881e-01
20                                     1.3952861125441385e-01
21                                     8.9721400377978711e-02
22                                    -4.1627557115783809e-01
23                                    -3.9989585568601527e-01
$End
$Loewdin_Population_Analysis
   &GeometryIndex 1
   &ListStatus       OUT
   &NATOMS [&Type "Integer"] 24
   &ATNO [&Type "ArrayOfIntegers", &Dim (24,1)] 
                                                         0

0                                                        6
1                                                        1
2                                                        1
3                                                        6
4                                                        6
5                                                        8
6                                                        8
7                                                        8
8                                                        6
9                                                        1
10                                                       6
11                                                       1
12                                                       6
13                                                       6
14                                                       1
15                                                       6
16                                                       1
17                                                       6
18                                                       1
19                                                       8
20                                                       1
21                                                       6
22                                                       8
23                                                       8
   &ATOMICCHARGES [&Type "ArrayOfDoubles", &Dim (24,1)] 
                                                         0

0                                     -6.8569452866161562e-02
1                                      1.0814980334468927e-02
2                                      5.5394099715750933e-03
3                                     -3.1064715485944916e-02
4                                     -7.6112457712285142e-02
5                                     -3.9080011829470251e-01
6                                     -3.7754114929923155e-01
7                                     -1.9317024940482597e-01
8                                      4.2189972958974309e-02
9                                      3.2077855574796921e-05
10                                    -4.1861288841461786e-02
11                                     9.4601251456905011e-03
12                                    -1.4380758387776638e-02
13                                     5.1157999615547567e-04
14                                     1.3654174971113431e-02
15                                    -6.9027620578157922e-02
16                                     1.2197330832353082e-04
17                                     5.0268008626474625e-02
18                                     1.9790512607065991e-02
19                                    -1.7659077947207891e-01
20                                     7.2812123333991452e-02
21                                    -3.7218174980744756e-02
22                                    -3.8278292097784039e-01
23                                    -3.6607525280819786e-01
$End
$Mayer_Population_Analysis
   &GeometryIndex 1
   &ListStatus       OUT
   &NATOMS [&Type "Integer"] 24 "Total number of atoms"
   &BONDTHRESH [&Type "Double"]       1.0000000000000001e-01  "The threshold for printing"
   &NBONDORDERSPRINT [&Type "Integer"] 28 "The number of bond orders larger than threshold"
   &BONDORDERS [&Type "ArrayOfDoubles", &Dim (28,1)] "The bond orders"
                                                         0

0                                      8.9681262902954706e-01
1                                      9.2492540903099607e-01
2                                      1.4306542717877349e+00
3                                      1.2872310801408163e-01
4                                      3.4518241380182313e-01
5                                      8.0241981024311781e-01
6                                      1.6448892054829805e+00
7                                      1.8776942015991527e+00
8                                      1.8105706205470322e+00
9                                      1.1830883577309322e-01
10                                     2.6574993353695148e-01
11                                     9.4513510019669922e-01
12                                     1.4639911565975328e+00
13                                     9.8904874632485651e-01
14                                     9.6095312980613934e-01
15                                     1.3550669586722039e+00
16                                     1.0408085965738474e+00
17                                     8.3889308215826530e-01
18                                     9.7308177722779010e-01
19                                     1.7795904765132931e+00
20                                     9.6049226248923347e-01
21                                     9.8100861986498322e-01
22                                     8.6822927696781427e-01
23                                     9.7447482585719203e-01
24                                     9.6892919201832717e-01
25                                     1.8358187160481192e+00
26                                     1.8621788803203987e+00
27                                     1.2059571932059536e-01
   &COMPONENTS [&Type "ArrayOfIntegers", &Dim (28,4)] "The indices and atomic numbers of the bonding atoms"
                                                         0                           1                           2                           3

0                                                        0                           6                           1                           1
1                                                        0                           6                           2                           1
2                                                        0                           6                           3                           6
3                                                        0                           6                           8                           6
4                                                        0                           6                          12                           6
5                                                        3                           6                           4                           6
6                                                        3                           6                           7                           8
7                                                        4                           6                           5                           8
8                                                        4                           6                           6                           8
9                                                        5                           8                           6                           8
10                                                       7                           8                           8                           6
11                                                       8                           6                           9                           1
12                                                       8                           6                          10                           6
13                                                       8                           6                          17                           6
14                                                      10                           6                          11                           1
15                                                      10                           6                          12                           6
16                                                      12                           6                          13                           6
17                                                      12                           6                          21                           6
18                                                      13                           6                          14                           1
19                                                      13                           6                          15                           6
20                                                      15                           6                          16                           1
21                                                      15                           6                          17                           6
22                                                      17                           6                          18                           1
23                                                      17                           6                          19                           8
24                                                      19                           8                          20                           1
25                                                      21                           6                          22                           8
26                                                      21                           6                          23                           8
27                                                      22                           8                          23                           8
   &ATNO [&Type "ArrayOfIntegers", &Dim (24,1)] "Atomic number of the elements"
                                                         0

0                                                        6
1                                                        1
2                                                        1
3                                                        6
4                                                        6
5                                                        8
6                                                        8
7                                                        8
8                                                        6
9                                                        1
10                                                       6
11                                                       1
12                                                       6
13                                                       6
14                                                       1
15                                                       6
16                                                       1
17                                                       6
18                                                       1
19                                                       8
20                                                       1
21                                                       6
22                                                       8
23                                                       8
   &NA [&Type "ArrayOfDoubles", &Dim (24,1)] "Mulliken gross atomic population"
                                                         0

0                                      5.9329020585561096e+00
1                                      1.0194086656216728e+00
2                                      1.0260041194044494e+00
3                                      6.0378772419413345e+00
4                                      5.9466254810204564e+00
5                                      8.4129987784424003e+00
6                                      8.4127654240162801e+00
7                                      8.3076922846423731e+00
8                                      5.9358154031442520e+00
9                                      1.0712236414506835e+00
10                                     5.9670145780893362e+00
11                                     1.0596399496305444e+00
12                                     6.1126321243918360e+00
13                                     5.9146838773785779e+00
14                                     1.0552584258809552e+00
15                                     6.0518184793027068e+00
16                                     1.0725475635002244e+00
17                                     5.7302731155930102e+00
18                                     9.9281062280771848e-01
19                                     8.3530867499735528e+00
20                                     8.6047138874558649e-01
21                                     5.9102785996220284e+00
22                                     8.4162755711578310e+00
23                                     8.3998958556860064e+00
   &ZA [&Type "ArrayOfDoubles", &Dim (24,1)] "Total nuclear charge"
                                                         0

0                                      6.0000000000000000e+00
1                                      1.0000000000000000e+00
2                                      1.0000000000000000e+00
3                                      6.0000000000000000e+00
4                                      6.0000000000000000e+00
5                                      8.0000000000000000e+00
6                                      8.0000000000000000e+00
7                                      8.0000000000000000e+00
8                                      6.0000000000000000e+00
9                                      1.0000000000000000e+00
10                                     6.0000000000000000e+00
11                                     1.0000000000000000e+00
12                                     6.0000000000000000e+00
13                                     6.0000000000000000e+00
14                                     1.0000000000000000e+00
15                                     6.0000000000000000e+00
16                                     1.0000000000000000e+00
17                                     6.0000000000000000e+00
18                                     1.0000000000000000e+00
19                                     8.0000000000000000e+00
20                                     1.0000000000000000e+00
21                                     6.0000000000000000e+00
22                                     8.0000000000000000e+00
23                                     8.0000000000000000e+00
   &QA [&Type "ArrayOfDoubles", &Dim (24,1)] "Mulliken gross atomic charge"
                                                         0

0                                      6.7097941443890363e-02
1                                     -1.9408665621672760e-02
2                                     -2.6004119404449355e-02
3                                     -3.7877241941334461e-02
4                                      5.3374518979543595e-02
5                                     -4.1299877844240029e-01
6                                     -4.1276542401628014e-01
7                                     -3.0769228464237308e-01
8                                      6.4184596855747955e-02
9                                     -7.1223641450683495e-02
10                                     3.2985421910663781e-02
11                                    -5.9639949630544420e-02
12                                    -1.1263212439183601e-01
13                                     8.5316122621422075e-02
14                                    -5.5258425880955198e-02
15                                    -5.1818479302706777e-02
16                                    -7.2547563500224399e-02
17                                     2.6972688440698978e-01
18                                     7.1893771922815208e-03
19                                    -3.5308674997355283e-01
20                                     1.3952861125441351e-01
21                                     8.9721400377971605e-02
22                                    -4.1627557115783098e-01
23                                    -3.9989585568600639e-01
   &VA [&Type "ArrayOfDoubles", &Dim (24,1)] "Mayer's total valence"
                                                         0

0                                      3.8132782804505778e+00
1                                      1.0131373045971348e+00
2                                      1.0110263161736073e+00
3                                      4.0114854911093740e+00
4                                      4.4909953446115711e+00
5                                      2.0772284632450919e+00
6                                      2.0477678771345866e+00
7                                      2.1394037025761170e+00
8                                      3.9038511922934962e+00
9                                      9.8980525685751375e-01
10                                     3.9401084914233331e+00
11                                     1.0330813437364836e+00
12                                     3.6797602860956173e+00
13                                     3.9055002411197255e+00
14                                     1.0216577836219902e+00
15                                     3.8604668541805633e+00
16                                     9.8300540028564376e-01
17                                     3.8384020087287536e+00
18                                     1.0578138124229730e+00
19                                     1.9996638903905557e+00
20                                     1.0247461470895680e+00
21                                     4.5420793117604621e+00
22                                     2.0640889755193554e+00
23                                     2.0999267707784601e+00
   &BVA [&Type "ArrayOfDoubles", &Dim (24,1)] "Mayer's bonded valence"
                                                         0

0                                      3.8132782804505565e+00
1                                      1.0131373045971364e+00
2                                      1.0110263161736048e+00
3                                      4.0114854911094122e+00
4                                      4.4909953446115241e+00
5                                      2.0772284632451123e+00
6                                      2.0477678771345538e+00
7                                      2.1394037025761032e+00
8                                      3.9038511922935029e+00
9                                      9.8980525685749621e-01
10                                     3.9401084914233540e+00
11                                     1.0330813437364816e+00
12                                     3.6797602860956511e+00
13                                     3.9055002411197210e+00
14                                     1.0216577836220049e+00
15                                     3.8604668541805798e+00
16                                     9.8300540028563810e-01
17                                     3.8384020087287563e+00
18                                     1.0578138124229772e+00
19                                     1.9996638903905684e+00
20                                     1.0247461470895720e+00
21                                     4.5420793117604150e+00
22                                     2.0640889755193199e+00
23                                     2.0999267707784344e+00
   &FA [&Type "ArrayOfDoubles", &Dim (24,1)] "Mayer's free valence"
                                                         0

0                                      0.0000000000000000e+00
1                                      0.0000000000000000e+00
2                                      0.0000000000000000e+00
3                                      0.0000000000000000e+00
4                                      0.0000000000000000e+00
5                                      0.0000000000000000e+00
6                                      0.0000000000000000e+00
7                                      0.0000000000000000e+00
8                                      0.0000000000000000e+00
9                                      0.0000000000000000e+00
10                                     0.0000000000000000e+00
11                                     0.0000000000000000e+00
12                                     0.0000000000000000e+00
13                                     0.0000000000000000e+00
14                                     0.0000000000000000e+00
15                                     0.0000000000000000e+00
16                                     0.0000000000000000e+00
17                                     0.0000000000000000e+00
18                                     0.0000000000000000e+00
19                                     0.0000000000000000e+00
20                                     0.0000000000000000e+00
21                                     0.0000000000000000e+00
22                                     0.0000000000000000e+00
23                                     0.0000000000000000e+00
$End
$VdW_Correction
   &GeometryIndex 1
   &ListStatus       OUT
   &VDW [&Type "Double"]      -5.5124382126521876e-02
$End
$Calculation_Info
   &GeometryIndex 1
   &ListStatus       OUT
   &MULT [&Type "Integer"] 1
   &CHARGE [&Type "Integer"] -2
   &NUMOFATOMS [&Type "Integer"] 24
   &NUMOFELECTRONS [&Type "Integer"] 118
   &NUMOFFCELECTRONS [&Type "Integer"] 1
   &NUMOFCORRELECTRONS [&Type "Integer"] 0
   &NUMOFBASISFUNCTS [&Type "Integer"] 264
   &NUMOFAUXCBASISFUNCTS [&Type "Integer"] 0
   &NUMOFAUXJBASISFUNCTS [&Type "Integer"] 872
   &NUMOFAUXJKBASISFUNCTS [&Type "Integer"] 0
   &NUMOFCABSBASISFUNCTS [&Type "Integer"] 0
   &TOTALENERGY [&Type "Double"]      -8.3610604893116613e+02  "Hartrees"
$End
$SCF_Dipole_Moment
   &GeometryIndex 1
   &ListStatus       OUT
   &METHOD [&Type "String"] "SCF"
   &LEVEL [&Type "String"] "Relaxed density"
   &MULT [&Type "Integer"] 1
   &STATE [&Type "Integer"] -1
   &IRREP [&Type "Integer"] 0
   &NATOMS [&Type "Integer"] 24
   &DODIPOLEATOM [&Type "Boolean"] false
   &DIPOLEELECCONTRIB [&Type "ArrayOfDoubles", &Dim (3,1)] "Electronic contribution"
                                                         0

0                                      1.0834092313385169e+00
1                                     -8.6136615916312040e-02
2                                      1.6239457074874697e+00
   &DIPOLENUCCONTRIB [&Type "ArrayOfDoubles", &Dim (3,1)] "Nuclear contribution"
                                                         0

0                                     -3.2207753242015684e+00
1                                     -9.2687174754425428e-01
2                                     -2.6550778133603359e+00
   &DIPOLETOTAL [&Type "ArrayOfDoubles", &Dim (3,1)] "Total"
                                                         0

0                                     -2.1373660928630516e+00
1                                     -1.0130083634605662e+00
2                                     -1.0311321058728662e+00
   &DIPOLEMAGNITUDE [&Type "Double", &Units "a.u."]       2.5802622306896508e+00
$End
