*************************************************
******************* ORCA 6.0.1 ******************
*************************************************
$Calculation_Status
   &GeometryIndex 1
   &ListStatus       OUT
   &VERSION [&Type "String"] "6.0.1"
   &PROGNAME [&Type "String"] "LeanSCF"
   &STATUS [&Type "String"] "NORMAL TERMINATION"
$End
$Geometry
   &GeometryIndex 1
   &ListStatus       OUT
   &NATOMS [&Type "Integer"] 24
   &NCORELESSECP [&Type "Integer"] 0
   &NGHOSTATOMS [&Type "Integer"] 0
   &CartesianCoordinates [&Type "Coordinates", &Dim(24,4), &Units "Bohr"] 
              C    100.185720715969   57.538381325634  116.845546312619
              H    101.030428297832   55.711016154132  117.289631954090
              H    101.279872147509   59.254252655235  117.183807290591
              C     97.814114417898   57.706566951553  115.993279826220
              C     96.485636945751   60.202895174463  115.492502400731
              O     97.829232226969   62.090731582251  114.948261274162
              O     94.129148456751   60.225571888070  115.630452408507
              O     96.338238307305   55.582514777026  115.651239395981
              C     96.406268448127   54.380648955852  113.158690625338
              H     94.892597814856   52.961464629277  113.255066658168
              C     98.932832289179   53.154216694937  112.863893348447
              H     99.344792586374   51.457242626676  113.958044779987
              C    100.799881709493   54.244588674210  111.520298067229
              C    100.297214557870   56.578400449602  110.108672645190
              H    101.945055746650   57.479799815483  109.248847254255
              C     97.953954151808   57.542160777902  109.900802770458
              H     97.598685638631   59.273149916574  108.823658874123
              C     95.682503338835   56.221242210291  111.008182284936
              H     94.378592306429   57.621529275527  111.830213153192
              O     94.442842994982   54.868198298404  109.039087653390
              H     92.570124396266   55.153546944626  109.218611636113
              C    103.487072271930   53.182562586946  111.637461087532
              O    103.796987357893   51.151106992980  112.829878278036
              O    105.199164149262   54.460017453477  110.603780892277
$End
$SCF_Energy
   &GeometryIndex 1
   &ListStatus       OUT
   &SCF_ENERGY [&Type "Double"]      -8.3609425399593636e+02
$End
$DFT_Energy
   &GeometryIndex 1
   &ListStatus       OUT
   &NALPHAEL [&Type "Integer"] 59
   &NBETAEL [&Type "Integer"] 59
   &NTOTALEL [&Type "Integer"] 118
   &EEXCHANGE [&Type "Double"]      -8.3129226729748524e+01
   &ECORR [&Type "Double"]      -4.8455944168052323e+00
   &ECNL [&Type "Double"]       0.0000000000000000e+00
   &EXC [&Type "Double"]      -8.7974821146553751e+01
   &EEMBED [&Type "Double"]       0.0000000000000000e+00
   &FINALEN [&Type "Double"]      -8.3609425399593636e+02  "No Van der Waals correction"
$End
$Mulliken_Population_Analysis
   &GeometryIndex 1
   &ListStatus       OUT
   &NATOMS [&Type "Integer"] 24
   &ATNO [&Type "ArrayOfIntegers", &Dim (24,1)] 
                                                         0

0                                                        6
1                                                        1
2                                                        1
3                                                        6
4                                                        6
5                                                        8
6                                                        8
7                                                        8
8                                                        6
9                                                        1
10                                                       6
11                                                       1
12                                                       6
13                                                       6
14                                                       1
15                                                       6
16                                                       1
17                                                       6
18                                                       1
19                                                       8
20                                                       1
21                                                       6
22                                                       8
23                                                       8
   &ATOMICCHARGES [&Type "ArrayOfDoubles", &Dim (24,1)] 
                                                         0

0                                     -4.2629810573959759e-03
1                                     -2.3766084737229631e-02
2                                     -3.5694308369369043e-02
3                                      3.3622842447781132e-02
4                                      7.4673914593102353e-02
5                                     -4.1301014540068692e-01
6                                     -4.1826528067797497e-01
7                                     -3.6711521042841078e-01
8                                      2.8764513627238930e-01
9                                     -8.7941993184355693e-02
10                                    -8.2892460790136901e-02
11                                    -6.1700071464587669e-02
12                                    -3.9123187988944430e-02
13                                     4.3230947987407120e-02
14                                    -5.9590636756307935e-02
15                                     3.6779195485880933e-04
16                                    -6.7005779413197075e-02
17                                     1.6868214536631143e-01
18                                    -4.9004392359393023e-03
19                                    -3.3923430555507750e-01
20                                     1.4461961713663185e-01
21                                     7.3946964454982833e-02
22                                    -4.1632799184639246e-01
23                                    -4.0595848330756112e-01
$End
$Loewdin_Population_Analysis
   &GeometryIndex 1
   &ListStatus       OUT
   &NATOMS [&Type "Integer"] 24
   &ATNO [&Type "ArrayOfIntegers", &Dim (24,1)] 
                                                         0

0                                                        6
1                                                        1
2                                                        1
3                                                        6
4                                                        6
5                                                        8
6                                                        8
7                                                        8
8                                                        6
9                                                        1
10                                                       6
11                                                       1
12                                                       6
13                                                       6
14                                                       1
15                                                       6
16                                                       1
17                                                       6
18                                                       1
19                                                       8
20                                                       1
21                                                       6
22                                                       8
23                                                       8
   &ATOMICCHARGES [&Type "ArrayOfDoubles", &Dim (24,1)] 
                                                         0

0                                     -1.0682047611910672e-01
1                                      6.4741973409088160e-03
2                                      8.4065180650214621e-03
3                                      1.2283935991383998e-03
4                                     -6.9252140731470568e-02
5                                     -3.8227592108419017e-01
6                                     -3.7930054843486438e-01
7                                     -1.5143887079375240e-01
8                                      7.5836739934746156e-02
9                                     -4.4514630161920365e-03
10                                    -4.3405450313633409e-02
11                                     2.9494449337543749e-03
12                                    -6.3396165659013626e-02
13                                    -7.8550892775295367e-03
14                                     1.1619195925898107e-02
15                                    -5.3121602468359619e-02
16                                     1.0534052622697132e-03
17                                     4.5339620417273352e-02
18                                     1.3086159949290854e-02
19                                    -1.7190502899876847e-01
20                                     7.5648399572254332e-02
21                                    -4.3329089442723401e-02
22                                    -3.8819146030558827e-01
23                                    -3.7689876835549896e-01
$End
$Mayer_Population_Analysis
   &GeometryIndex 1
   &ListStatus       OUT
   &NATOMS [&Type "Integer"] 24 "Total number of atoms"
   &BONDTHRESH [&Type "Double"]       1.0000000000000001e-01  "The threshold for printing"
   &NBONDORDERSPRINT [&Type "Integer"] 26 "The number of bond orders larger than threshold"
   &BONDORDERS [&Type "ArrayOfDoubles", &Dim (26,1)] "The bond orders"
                                                         0

0                                      9.1383274008975857e-01
1                                      9.1305360220231035e-01
2                                      1.9694342738748176e+00
3                                      8.3628479030979630e-01
4                                      1.0421000876097275e+00
5                                      1.8783477197672493e+00
6                                      1.7877811531783618e+00
7                                      1.1557955694888225e-01
8                                      9.4829025458853322e-01
9                                      8.8630081810674666e-01
10                                     9.6128433066609564e-01
11                                     9.6036891982753203e-01
12                                     9.3684739436575104e-01
13                                     1.7860494741292667e+00
14                                     1.0923594590692778e+00
15                                     8.2730005809327078e-01
16                                     9.6328920969931331e-01
17                                     1.7622398441419578e+00
18                                     9.5776296498863467e-01
19                                     9.7581629567832917e-01
20                                     9.0052161311345436e-01
21                                     1.0214864717150018e+00
22                                     9.7796485681396805e-01
23                                     1.8763832762185104e+00
24                                     1.8679847114904549e+00
25                                     1.2515098970984978e-01
   &COMPONENTS [&Type "ArrayOfIntegers", &Dim (26,4)] "The indices and atomic numbers of the bonding atoms"
                                                         0                           1                           2                           3

0                                                        0                           6                           1                           1
1                                                        0                           6                           2                           1
2                                                        0                           6                           3                           6
3                                                        3                           6                           4                           6
4                                                        3                           6                           7                           8
5                                                        4                           6                           5                           8
6                                                        4                           6                           6                           8
7                                                        5                           8                           6                           8
8                                                        7                           8                           8                           6
9                                                        8                           6                           9                           1
10                                                       8                           6                          10                           6
11                                                       8                           6                          17                           6
12                                                      10                           6                          11                           1
13                                                      10                           6                          12                           6
14                                                      12                           6                          13                           6
15                                                      12                           6                          21                           6
16                                                      13                           6                          14                           1
17                                                      13                           6                          15                           6
18                                                      15                           6                          16                           1
19                                                      15                           6                          17                           6
20                                                      17                           6                          18                           1
21                                                      17                           6                          19                           8
22                                                      19                           8                          20                           1
23                                                      21                           6                          22                           8
24                                                      21                           6                          23                           8
25                                                      22                           8                          23                           8
   &ATNO [&Type "ArrayOfIntegers", &Dim (24,1)] "Atomic number of the elements"
                                                         0

0                                                        6
1                                                        1
2                                                        1
3                                                        6
4                                                        6
5                                                        8
6                                                        8
7                                                        8
8                                                        6
9                                                        1
10                                                       6
11                                                       1
12                                                       6
13                                                       6
14                                                       1
15                                                       6
16                                                       1
17                                                       6
18                                                       1
19                                                       8
20                                                       1
21                                                       6
22                                                       8
23                                                       8
   &NA [&Type "ArrayOfDoubles", &Dim (24,1)] "Mulliken gross atomic population"
                                                         0

0                                      6.0042629810573942e+00
1                                      1.0237660847372294e+00
2                                      1.0356943083693686e+00
3                                      5.9663771575522153e+00
4                                      5.9253260854068959e+00
5                                      8.4130101454006834e+00
6                                      8.4182652806779767e+00
7                                      8.3671152104284108e+00
8                                      5.7123548637276080e+00
9                                      1.0879419931843557e+00
10                                     6.0828924607901405e+00
11                                     1.0617000714645870e+00
12                                     6.0391231879889453e+00
13                                     5.9567690520125929e+00
14                                     1.0595906367563079e+00
15                                     5.9996322080451412e+00
16                                     1.0670057794131969e+00
17                                     5.8313178546336895e+00
18                                     1.0049004392359391e+00
19                                     8.3392343055550793e+00
20                                     8.5538038286336793e-01
21                                     5.9260530355450163e+00
22                                     8.4163279918463960e+00
23                                     8.4059584833075611e+00
   &ZA [&Type "ArrayOfDoubles", &Dim (24,1)] "Total nuclear charge"
                                                         0

0                                      6.0000000000000000e+00
1                                      1.0000000000000000e+00
2                                      1.0000000000000000e+00
3                                      6.0000000000000000e+00
4                                      6.0000000000000000e+00
5                                      8.0000000000000000e+00
6                                      8.0000000000000000e+00
7                                      8.0000000000000000e+00
8                                      6.0000000000000000e+00
9                                      1.0000000000000000e+00
10                                     6.0000000000000000e+00
11                                     1.0000000000000000e+00
12                                     6.0000000000000000e+00
13                                     6.0000000000000000e+00
14                                     1.0000000000000000e+00
15                                     6.0000000000000000e+00
16                                     1.0000000000000000e+00
17                                     6.0000000000000000e+00
18                                     1.0000000000000000e+00
19                                     8.0000000000000000e+00
20                                     1.0000000000000000e+00
21                                     6.0000000000000000e+00
22                                     8.0000000000000000e+00
23                                     8.0000000000000000e+00
   &QA [&Type "ArrayOfDoubles", &Dim (24,1)] "Mulliken gross atomic charge"
                                                         0

0                                     -4.2629810573941995e-03
1                                     -2.3766084737229409e-02
2                                     -3.5694308369368599e-02
3                                      3.3622842447784684e-02
4                                      7.4673914593104129e-02
5                                     -4.1301014540068337e-01
6                                     -4.1826528067797675e-01
7                                     -3.6711521042841078e-01
8                                      2.8764513627239197e-01
9                                     -8.7941993184355693e-02
10                                    -8.2892460790140454e-02
11                                    -6.1700071464587003e-02
12                                    -3.9123187988945318e-02
13                                     4.3230947987407120e-02
14                                    -5.9590636756307935e-02
15                                     3.6779195485880933e-04
16                                    -6.7005779413196853e-02
17                                     1.6868214536631054e-01
18                                    -4.9004392359390803e-03
19                                    -3.3923430555507927e-01
20                                     1.4461961713663207e-01
21                                     7.3946964454983721e-02
22                                    -4.1632799184639602e-01
23                                    -4.0595848330756112e-01
   &VA [&Type "ArrayOfDoubles", &Dim (24,1)] "Mayer's total valence"
                                                         0

0                                      3.8991596624757223e+00
1                                      9.9046875762657582e-01
2                                      1.0086129472496073e+00
3                                      3.9511306065611485e+00
4                                      4.5067276236555536e+00
5                                      2.0649727351160170e+00
6                                      2.0418489711793009e+00
7                                      2.0941236171649757e+00
8                                      3.8004427947301176e+00
9                                      9.9730888117582916e-01
10                                     3.8727015863067367e+00
11                                     1.0382114969294700e+00
12                                     3.7165832482085803e+00
13                                     3.8992337072203265e+00
14                                     1.0328643494022685e+00
15                                     3.8039495056043191e+00
16                                     9.8243286817984554e-01
17                                     3.9120413247611547e+00
18                                     1.0651546452064824e+00
19                                     2.0250680741231193e+00
20                                     1.0202619602067380e+00
21                                     4.5575274718226284e+00
22                                     2.0814998201882458e+00
23                                     2.0903639626543904e+00
   &BVA [&Type "ArrayOfDoubles", &Dim (24,1)] "Mayer's bonded valence"
                                                         0

0                                      3.8991596624757920e+00
1                                      9.9046875762658282e-01
2                                      1.0086129472496219e+00
3                                      3.9511306065611640e+00
4                                      4.5067276236555536e+00
5                                      2.0649727351160152e+00
6                                      2.0418489711793040e+00
7                                      2.0941236171649820e+00
8                                      3.8004427947301229e+00
9                                      9.9730888117581373e-01
10                                     3.8727015863067535e+00
11                                     1.0382114969294751e+00
12                                     3.7165832482086203e+00
13                                     3.8992337072202852e+00
14                                     1.0328643494022474e+00
15                                     3.8039495056043169e+00
16                                     9.8243286817983611e-01
17                                     3.9120413247611001e+00
18                                     1.0651546452064857e+00
19                                     2.0250680741231264e+00
20                                     1.0202619602067375e+00
21                                     4.5575274718226604e+00
22                                     2.0814998201882950e+00
23                                     2.0903639626544699e+00
   &FA [&Type "ArrayOfDoubles", &Dim (24,1)] "Mayer's free valence"
                                                         0

0                                      0.0000000000000000e+00
1                                      0.0000000000000000e+00
2                                      0.0000000000000000e+00
3                                      0.0000000000000000e+00
4                                      0.0000000000000000e+00
5                                      0.0000000000000000e+00
6                                      0.0000000000000000e+00
7                                      0.0000000000000000e+00
8                                      0.0000000000000000e+00
9                                      0.0000000000000000e+00
10                                     0.0000000000000000e+00
11                                     0.0000000000000000e+00
12                                     0.0000000000000000e+00
13                                     0.0000000000000000e+00
14                                     0.0000000000000000e+00
15                                     0.0000000000000000e+00
16                                     0.0000000000000000e+00
17                                     0.0000000000000000e+00
18                                     0.0000000000000000e+00
19                                     0.0000000000000000e+00
20                                     0.0000000000000000e+00
21                                     0.0000000000000000e+00
22                                     0.0000000000000000e+00
23                                     0.0000000000000000e+00
$End
$VdW_Correction
   &GeometryIndex 1
   &ListStatus       OUT
   &VDW [&Type "Double"]      -5.2324199258665133e-02
$End
$Calculation_Info
   &GeometryIndex 1
   &ListStatus       OUT
   &MULT [&Type "Integer"] 1
   &CHARGE [&Type "Integer"] -2
   &NUMOFATOMS [&Type "Integer"] 24
   &NUMOFELECTRONS [&Type "Integer"] 118
   &NUMOFFCELECTRONS [&Type "Integer"] 1
   &NUMOFCORRELECTRONS [&Type "Integer"] 0
   &NUMOFBASISFUNCTS [&Type "Integer"] 264
   &NUMOFAUXCBASISFUNCTS [&Type "Integer"] 0
   &NUMOFAUXJBASISFUNCTS [&Type "Integer"] 872
   &NUMOFAUXJKBASISFUNCTS [&Type "Integer"] 0
   &NUMOFCABSBASISFUNCTS [&Type "Integer"] 0
   &TOTALENERGY [&Type "Double"]      -8.3614657819519505e+02  "Hartrees"
$End
$SCF_Dipole_Moment
   &GeometryIndex 1
   &ListStatus       OUT
   &METHOD [&Type "String"] "SCF"
   &LEVEL [&Type "String"] "Relaxed density"
   &MULT [&Type "Integer"] 1
   &STATE [&Type "Integer"] -1
   &IRREP [&Type "Integer"] 0
   &NATOMS [&Type "Integer"] 24
   &DODIPOLEATOM [&Type "Boolean"] false
   &DIPOLEELECCONTRIB [&Type "ArrayOfDoubles", &Dim (3,1)] "Electronic contribution"
                                                         0

0                                      6.0733571060971203e-01
1                                     -5.1320535525236333e-01
2                                      4.9579675921953553e-01
   &DIPOLENUCCONTRIB [&Type "ArrayOfDoubles", &Dim (3,1)] "Nuclear contribution"
                                                         0

0                                     -3.2336700780768695e+00
1                                     -3.8902586300790176e-01
2                                     -1.4064598828619523e+00
   &DIPOLETOTAL [&Type "ArrayOfDoubles", &Dim (3,1)] "Total"
                                                         0

0                                     -2.6263343674671575e+00
1                                     -9.0223121826026509e-01
2                                     -9.1066312364241675e-01
   &DIPOLEMAGNITUDE [&Type "Double", &Units "a.u."]       2.9224922079801479e+00
$End
