*************************************************
******************* ORCA 6.0.1 ******************
*************************************************
$Calculation_Status
   &GeometryIndex 1
   &ListStatus       OUT
   &VERSION [&Type "String"] "6.0.1"
   &PROGNAME [&Type "String"] "LeanSCF"
   &STATUS [&Type "String"] "NORMAL TERMINATION"
$End
$Geometry
   &GeometryIndex 1
   &ListStatus       OUT
   &NATOMS [&Type "Integer"] 24
   &NCORELESSECP [&Type "Integer"] 0
   &NGHOSTATOMS [&Type "Integer"] 0
   &CartesianCoordinates [&Type "Coordinates", &Dim(24,4), &Units "Bohr"] 
              C    109.178927387300   61.168545228897  107.744625251654
              H    110.293865806314   60.034709548544  109.080661628336
              H    110.293865806314   62.782371347266  107.105897818389
              C    106.956609453809   62.285373374044  109.160030125961
              C    105.815214868920   64.921541330865  108.458941730276
              O    107.289201253379   66.622294851394  107.727617716449
              O    103.479513367394   65.152087919203  108.778305446909
              O    106.032533374321   61.145868515290  110.919365156642
              C    104.173042858543   57.477910089349  106.644804641712
              H    103.046766082726   55.983136717417  107.510299211048
              C    106.690158068926   57.332401177037  106.588112857694
              H    107.710610181243   55.750700402945  107.427151261155
              C    108.319101996366   59.392202663011  105.484512795484
              C    106.843225885774   60.992800698442  103.659037350116
              H    107.954384852519   62.015142536894  102.260640011015
              C    104.331779853792   61.195001394772  103.764862013616
              H    103.351011990287   62.515919962383  102.521422217496
              C    102.702835926352   59.645425964956  105.520417592029
              H    102.031983148810   60.903983570148  107.049206034371
              O    100.612798822235   58.683555362791  104.156035323338
              H     98.964957633456   59.084177303182  105.044206606281
              C    110.696377472839   58.150652593025  104.178712036945
              O    111.737616572630   56.368640848737  105.310657991164
              O    111.399355594658   58.993470448754  102.065998219221
$End
$SCF_Energy
   &GeometryIndex 1
   &ListStatus       OUT
   &SCF_ENERGY [&Type "Double"]      -8.3612007176711779e+02
$End
$DFT_Energy
   &GeometryIndex 1
   &ListStatus       OUT
   &NALPHAEL [&Type "Integer"] 59
   &NBETAEL [&Type "Integer"] 59
   &NTOTALEL [&Type "Integer"] 118
   &EEXCHANGE [&Type "Double"]      -8.3134267763161034e+01
   &ECORR [&Type "Double"]      -4.8456768518956679e+00
   &ECNL [&Type "Double"]       0.0000000000000000e+00
   &EXC [&Type "Double"]      -8.7979944615056695e+01
   &EEMBED [&Type "Double"]       0.0000000000000000e+00
   &FINALEN [&Type "Double"]      -8.3612007176711779e+02  "No Van der Waals correction"
$End
$Mulliken_Population_Analysis
   &GeometryIndex 1
   &ListStatus       OUT
   &NATOMS [&Type "Integer"] 24
   &ATNO [&Type "ArrayOfIntegers", &Dim (24,1)] 
                                                         0

0                                                        6
1                                                        1
2                                                        1
3                                                        6
4                                                        6
5                                                        8
6                                                        8
7                                                        8
8                                                        6
9                                                        1
10                                                       6
11                                                       1
12                                                       6
13                                                       6
14                                                       1
15                                                       6
16                                                       1
17                                                       6
18                                                       1
19                                                       8
20                                                       1
21                                                       6
22                                                       8
23                                                       8
   &ATOMICCHARGES [&Type "ArrayOfDoubles", &Dim (24,1)] 
                                                         0

0                                      2.4499503329369787e-01
1                                     -5.3183628564068108e-02
2                                     -3.0641296524375861e-02
3                                     -5.8935378543412575e-02
4                                      9.7207836869540820e-02
5                                     -4.0785745438947174e-01
6                                     -4.0764101692871257e-01
7                                     -2.6369645092426452e-01
8                                     -6.4743361115423781e-02
9                                     -9.8698853414153298e-02
10                                     5.0845344519556690e-02
11                                    -5.2959286418921891e-02
12                                    -2.0883429795036612e-01
13                                     5.6387945695087538e-02
14                                    -4.4582230465065376e-02
15                                    -5.9483100958513724e-02
16                                    -7.7878021190962432e-02
17                                     3.0674741797901639e-01
18                                     7.0805261469997216e-03
19                                    -3.6174722321186437e-01
20                                     1.4522980550241493e-01
21                                     9.4490279661897603e-02
22                                    -4.0592663363731774e-01
23                                    -4.0617595543129070e-01
$End
$Loewdin_Population_Analysis
   &GeometryIndex 1
   &ListStatus       OUT
   &NATOMS [&Type "Integer"] 24
   &ATNO [&Type "ArrayOfIntegers", &Dim (24,1)] 
                                                         0

0                                                        6
1                                                        1
2                                                        1
3                                                        6
4                                                        6
5                                                        8
6                                                        8
7                                                        8
8                                                        6
9                                                        1
10                                                       6
11                                                       1
12                                                       6
13                                                       6
14                                                       1
15                                                       6
16                                                       1
17                                                       6
18                                                       1
19                                                       8
20                                                       1
21                                                       6
22                                                       8
23                                                       8
   &ATOMICCHARGES [&Type "ArrayOfDoubles", &Dim (24,1)] 
                                                         0

0                                     -3.1062363694090322e-02
1                                      7.7586741482138510e-03
2                                      1.5201945776740944e-02
3                                      3.5764279162343371e-02
4                                     -7.3710279757936092e-02
5                                     -3.6756482812318403e-01
6                                     -3.6709490908907405e-01
7                                     -1.8961396569813260e-01
8                                     -7.5188519181724978e-02
9                                     -1.0940485812079848e-02
10                                    -2.6419270525934735e-05
11                                     7.4052098308067249e-03
12                                    -7.9596481562605348e-02
13                                     4.6557052609017546e-03
14                                     1.2460922425507004e-02
15                                    -6.5722726443681267e-02
16                                    -8.7849667385331287e-04
17                                     4.8470031847970496e-02
18                                     1.3027632014424695e-02
19                                    -1.8139265064550081e-01
20                                     7.8039962270993302e-02
21                                    -2.6720984654345692e-02
22                                    -3.7245362116803626e-01
23                                    -3.8081763096314347e-01
$End
$Mayer_Population_Analysis
   &GeometryIndex 1
   &ListStatus       OUT
   &NATOMS [&Type "Integer"] 24 "Total number of atoms"
   &BONDTHRESH [&Type "Double"]       1.0000000000000001e-01  "The threshold for printing"
   &NBONDORDERSPRINT [&Type "Integer"] 26 "The number of bond orders larger than threshold"
   &BONDORDERS [&Type "ArrayOfDoubles", &Dim (26,1)] "The bond orders"
                                                         0

0                                      8.8972501332328613e-01
1                                      9.0286641832805548e-01
2                                      9.7215120821937340e-01
3                                      1.0058678023810146e+00
4                                      8.0300477580463181e-01
5                                      2.0636581802624230e+00
6                                      1.8325542794973895e+00
7                                      1.8176928340406233e+00
8                                      1.2819298976052099e-01
9                                      9.5381466400801140e-01
10                                     1.8721269365323545e+00
11                                     9.6690392615598286e-01
12                                     9.5922131938604160e-01
13                                     9.7626875285132975e-01
14                                     9.7498378068396507e-01
15                                     7.7423236456967703e-01
16                                     9.5879728068005277e-01
17                                     1.8685697409666657e+00
18                                     9.5810819230399291e-01
19                                     9.7819624478438294e-01
20                                     8.5367817691118530e-01
21                                     9.7722562431909732e-01
22                                     9.7340833260805315e-01
23                                     1.8522459217468574e+00
24                                     1.8864842712783134e+00
25                                     1.1405769544842850e-01
   &COMPONENTS [&Type "ArrayOfIntegers", &Dim (26,4)] "The indices and atomic numbers of the bonding atoms"
                                                         0                           1                           2                           3

0                                                        0                           6                           1                           1
1                                                        0                           6                           2                           1
2                                                        0                           6                           3                           6
3                                                        0                           6                          12                           6
4                                                        3                           6                           4                           6
5                                                        3                           6                           7                           8
6                                                        4                           6                           5                           8
7                                                        4                           6                           6                           8
8                                                        5                           8                           6                           8
9                                                        8                           6                           9                           1
10                                                       8                           6                          10                           6
11                                                       8                           6                          17                           6
12                                                      10                           6                          11                           1
13                                                      10                           6                          12                           6
14                                                      12                           6                          13                           6
15                                                      12                           6                          21                           6
16                                                      13                           6                          14                           1
17                                                      13                           6                          15                           6
18                                                      15                           6                          16                           1
19                                                      15                           6                          17                           6
20                                                      17                           6                          18                           1
21                                                      17                           6                          19                           8
22                                                      19                           8                          20                           1
23                                                      21                           6                          22                           8
24                                                      21                           6                          23                           8
25                                                      22                           8                          23                           8
   &ATNO [&Type "ArrayOfIntegers", &Dim (24,1)] "Atomic number of the elements"
                                                         0

0                                                        6
1                                                        1
2                                                        1
3                                                        6
4                                                        6
5                                                        8
6                                                        8
7                                                        8
8                                                        6
9                                                        1
10                                                       6
11                                                       1
12                                                       6
13                                                       6
14                                                       1
15                                                       6
16                                                       1
17                                                       6
18                                                       1
19                                                       8
20                                                       1
21                                                       6
22                                                       8
23                                                       8
   &NA [&Type "ArrayOfDoubles", &Dim (24,1)] "Mulliken gross atomic population"
                                                         0

0                                      5.7550049667063021e+00
1                                      1.0531836285640677e+00
2                                      1.0306412965243763e+00
3                                      6.0589353785434135e+00
4                                      5.9027921631304556e+00
5                                      8.4078574543894753e+00
6                                      8.4076410169287108e+00
7                                      8.2636964509242681e+00
8                                      6.0647433611154238e+00
9                                      1.0986988534141531e+00
10                                     5.9491546554804415e+00
11                                     1.0529592864189221e+00
12                                     6.2088342979503652e+00
13                                     5.9436120543049142e+00
14                                     1.0445822304650654e+00
15                                     6.0594831009585155e+00
16                                     1.0778780211909622e+00
17                                     5.6932525820209836e+00
18                                     9.9291947385300017e-01
19                                     8.3617472232118679e+00
20                                     8.5477019449758507e-01
21                                     5.9055097203381051e+00
22                                     8.4059266336373142e+00
23                                     8.4061759554312889e+00
   &ZA [&Type "ArrayOfDoubles", &Dim (24,1)] "Total nuclear charge"
                                                         0

0                                      6.0000000000000000e+00
1                                      1.0000000000000000e+00
2                                      1.0000000000000000e+00
3                                      6.0000000000000000e+00
4                                      6.0000000000000000e+00
5                                      8.0000000000000000e+00
6                                      8.0000000000000000e+00
7                                      8.0000000000000000e+00
8                                      6.0000000000000000e+00
9                                      1.0000000000000000e+00
10                                     6.0000000000000000e+00
11                                     1.0000000000000000e+00
12                                     6.0000000000000000e+00
13                                     6.0000000000000000e+00
14                                     1.0000000000000000e+00
15                                     6.0000000000000000e+00
16                                     1.0000000000000000e+00
17                                     6.0000000000000000e+00
18                                     1.0000000000000000e+00
19                                     8.0000000000000000e+00
20                                     1.0000000000000000e+00
21                                     6.0000000000000000e+00
22                                     8.0000000000000000e+00
23                                     8.0000000000000000e+00
   &QA [&Type "ArrayOfDoubles", &Dim (24,1)] "Mulliken gross atomic charge"
                                                         0

0                                      2.4499503329369787e-01
1                                     -5.3183628564067664e-02
2                                     -3.0641296524376305e-02
3                                     -5.8935378543413464e-02
4                                      9.7207836869544373e-02
5                                     -4.0785745438947529e-01
6                                     -4.0764101692871080e-01
7                                     -2.6369645092426808e-01
8                                     -6.4743361115423781e-02
9                                     -9.8698853414153076e-02
10                                     5.0845344519558466e-02
11                                    -5.2959286418922114e-02
12                                    -2.0883429795036523e-01
13                                     5.6387945695085762e-02
14                                    -4.4582230465065376e-02
15                                    -5.9483100958515500e-02
16                                    -7.7878021190962210e-02
17                                     3.0674741797901639e-01
18                                     7.0805261469998326e-03
19                                    -3.6174722321186792e-01
20                                     1.4522980550241493e-01
21                                     9.4490279661894938e-02
22                                    -4.0592663363731418e-01
23                                    -4.0617595543128893e-01
   &VA [&Type "ArrayOfDoubles", &Dim (24,1)] "Mayer's total valence"
                                                         0

0                                      3.7600984199047414e+00
1                                      1.0251306985397945e+00
2                                      1.0349931997522970e+00
3                                      3.9775667338936276e+00
4                                      4.4655943036804331e+00
5                                      2.0737359112462839e+00
6                                      2.0785331242477945e+00
7                                      2.1873276951567466e+00
8                                      3.9041041747576823e+00
9                                      9.8244870985821242e-01
10                                     3.8922379200135881e+00
11                                     1.0388564743057800e+00
12                                     3.7185043869712322e+00
13                                     3.8959960537095828e+00
14                                     1.0400509242933671e+00
15                                     3.9221390738644972e+00
16                                     9.8839747774596842e-01
17                                     3.7655568481391444e+00
18                                     1.0609668128733558e+00
19                                     1.9950782717918778e+00
20                                     1.0177691485362244e+00
21                                     4.5348473383103203e+00
22                                     2.0735330964167193e+00
23                                     2.0924988221732583e+00
   &BVA [&Type "ArrayOfDoubles", &Dim (24,1)] "Mayer's bonded valence"
                                                         0

0                                      3.7600984199047733e+00
1                                      1.0251306985397999e+00
2                                      1.0349931997523099e+00
3                                      3.9775667338936485e+00
4                                      4.4655943036804224e+00
5                                      2.0737359112462794e+00
6                                      2.0785331242477962e+00
7                                      2.1873276951567764e+00
8                                      3.9041041747576193e+00
9                                      9.8244870985820543e-01
10                                     3.8922379200135708e+00
11                                     1.0388564743057822e+00
12                                     3.7185043869712935e+00
13                                     3.8959960537095641e+00
14                                     1.0400509242933598e+00
15                                     3.9221390738645185e+00
16                                     9.8839747774598152e-01
17                                     3.7655568481391364e+00
18                                     1.0609668128733616e+00
19                                     1.9950782717918418e+00
20                                     1.0177691485362188e+00
21                                     4.5348473383103274e+00
22                                     2.0735330964166785e+00
23                                     2.0924988221732619e+00
   &FA [&Type "ArrayOfDoubles", &Dim (24,1)] "Mayer's free valence"
                                                         0

0                                      0.0000000000000000e+00
1                                      0.0000000000000000e+00
2                                      0.0000000000000000e+00
3                                      0.0000000000000000e+00
4                                      0.0000000000000000e+00
5                                      0.0000000000000000e+00
6                                      0.0000000000000000e+00
7                                      0.0000000000000000e+00
8                                      0.0000000000000000e+00
9                                      0.0000000000000000e+00
10                                     0.0000000000000000e+00
11                                     0.0000000000000000e+00
12                                     0.0000000000000000e+00
13                                     0.0000000000000000e+00
14                                     0.0000000000000000e+00
15                                     0.0000000000000000e+00
16                                     0.0000000000000000e+00
17                                     0.0000000000000000e+00
18                                     0.0000000000000000e+00
19                                     0.0000000000000000e+00
20                                     0.0000000000000000e+00
21                                     0.0000000000000000e+00
22                                     0.0000000000000000e+00
23                                     0.0000000000000000e+00
$End
$VdW_Correction
   &GeometryIndex 1
   &ListStatus       OUT
   &VDW [&Type "Double"]      -5.4313290732071237e-02
$End
$Calculation_Info
   &GeometryIndex 1
   &ListStatus       OUT
   &MULT [&Type "Integer"] 1
   &CHARGE [&Type "Integer"] -2
   &NUMOFATOMS [&Type "Integer"] 24
   &NUMOFELECTRONS [&Type "Integer"] 118
   &NUMOFFCELECTRONS [&Type "Integer"] 1
   &NUMOFCORRELECTRONS [&Type "Integer"] 0
   &NUMOFBASISFUNCTS [&Type "Integer"] 264
   &NUMOFAUXCBASISFUNCTS [&Type "Integer"] 0
   &NUMOFAUXJBASISFUNCTS [&Type "Integer"] 872
   &NUMOFAUXJKBASISFUNCTS [&Type "Integer"] 0
   &NUMOFCABSBASISFUNCTS [&Type "Integer"] 0
   &TOTALENERGY [&Type "Double"]      -8.3617438505784992e+02  "Hartrees"
$End
$SCF_Dipole_Moment
   &GeometryIndex 1
   &ListStatus       OUT
   &METHOD [&Type "String"] "SCF"
   &LEVEL [&Type "String"] "Relaxed density"
   &MULT [&Type "Integer"] 1
   &STATE [&Type "Integer"] -1
   &IRREP [&Type "Integer"] 0
   &NATOMS [&Type "Integer"] 24
   &DODIPOLEATOM [&Type "Boolean"] false
   &DIPOLEELECCONTRIB [&Type "ArrayOfDoubles", &Dim (3,1)] "Electronic contribution"
                                                         0

0                                      2.2478628047702451e+00
1                                      1.8757461093160206e+00
2                                      1.4246465488577267e+00
   &DIPOLENUCCONTRIB [&Type "ArrayOfDoubles", &Dim (3,1)] "Nuclear contribution"
                                                         0

0                                     -4.5807937000661809e+00
1                                     -2.9398582291922040e+00
2                                     -1.0847431634975209e+00
   &DIPOLETOTAL [&Type "ArrayOfDoubles", &Dim (3,1)] "Total"
                                                         0

0                                     -2.3329308952959358e+00
1                                     -1.0641121198761834e+00
2                                      3.3990338536020581e-01
   &DIPOLEMAGNITUDE [&Type "Double", &Units "a.u."]       2.5865876125260110e+00
$End
