*************************************************
******************* ORCA 6.0.1 ******************
*************************************************
$Calculation_Status
   &GeometryIndex 1
   &ListStatus       OUT
   &VERSION [&Type "String"] "6.0.1"
   &PROGNAME [&Type "String"] "LeanSCF"
   &STATUS [&Type "String"] "NORMAL TERMINATION"
$End
$Geometry
   &GeometryIndex 1
   &ListStatus       OUT
   &NATOMS [&Type "Integer"] 24
   &NCORELESSECP [&Type "Integer"] 0
   &NGHOSTATOMS [&Type "Integer"] 0
   &CartesianCoordinates [&Type "Coordinates", &Dim(24,4), &Units "Bohr"] 
              C     85.750102778945   55.826289448302  125.264276239238
              H     86.882048733163   54.254037304879  126.012607788271
              H     86.458750079165   57.638536810732  125.984261896262
              C     83.032676598366   55.491807922598  126.031505049610
              C     81.345151160774   57.857745042267  126.415119454796
              O     82.416625878708   59.807942412474  127.197466074239
              O     79.043464729658   57.581845026714  125.904893398637
              O     82.123718327950   53.392322187811  126.233705745940
              C     82.573473147823   53.148547516535  120.282958150222
              H     81.849708038531   51.319292618899  119.651789621492
              C     84.892167114144   53.348858486731  121.269395192128
              H     86.112930196658   51.699127571818  121.484823971396
              C     85.944744570739   55.796053830159  122.286067852178
              C     84.495324626021   58.024040942052  121.246718478521
              H     85.417510979374   59.860854744223  121.361991772691
              C     82.180410111967   57.810501888919  120.267840341150
              H     81.188303891659   59.467791708368  119.527067696653
              C     80.778233320598   55.350078462553  120.018396491473
              H     79.381725707630   55.255592155857  121.577420551958
              O     79.536683250612   55.334960653482  117.661908002473
              H     77.784907124467   54.560172938574  117.767732665972
              C     88.820907746567   55.986916169685  121.658678775716
              O     90.232533168606   54.216242782201  122.323862374857
              O     89.554121486528   57.959790253499  120.558858165774
$End
$SCF_Energy
   &GeometryIndex 1
   &ListStatus       OUT
   &SCF_ENERGY [&Type "Double"]      -8.3612165227551509e+02
$End
$DFT_Energy
   &GeometryIndex 1
   &ListStatus       OUT
   &NALPHAEL [&Type "Integer"] 59
   &NBETAEL [&Type "Integer"] 59
   &NTOTALEL [&Type "Integer"] 118
   &EEXCHANGE [&Type "Double"]      -8.3139034117055289e+01
   &ECORR [&Type "Double"]      -4.8466841230908653e+00
   &ECNL [&Type "Double"]       0.0000000000000000e+00
   &EXC [&Type "Double"]      -8.7985718240146156e+01
   &EEMBED [&Type "Double"]       0.0000000000000000e+00
   &FINALEN [&Type "Double"]      -8.3612165227551509e+02  "No Van der Waals correction"
$End
$Mulliken_Population_Analysis
   &GeometryIndex 1
   &ListStatus       OUT
   &NATOMS [&Type "Integer"] 24
   &ATNO [&Type "ArrayOfIntegers", &Dim (24,1)] 
                                                         0

0                                                        6
1                                                        1
2                                                        1
3                                                        6
4                                                        6
5                                                        8
6                                                        8
7                                                        8
8                                                        6
9                                                        1
10                                                       6
11                                                       1
12                                                       6
13                                                       6
14                                                       1
15                                                       6
16                                                       1
17                                                       6
18                                                       1
19                                                       8
20                                                       1
21                                                       6
22                                                       8
23                                                       8
   &ATOMICCHARGES [&Type "ArrayOfDoubles", &Dim (24,1)] 
                                                         0

0                                      2.3068970149515966e-01
1                                     -5.0649007244292221e-02
2                                     -2.7689599003468901e-02
3                                     -4.7030967057301254e-02
4                                      8.9634930128552170e-02
5                                     -4.0194351177128596e-01
6                                     -4.0965652887158832e-01
7                                     -2.6313307051822221e-01
8                                     -8.1744187804283719e-02
9                                     -1.0085726774889769e-01
10                                     6.5402725111978199e-02
11                                    -5.7338727839725490e-02
12                                    -2.1669983762318346e-01
13                                     8.6847356171189105e-02
14                                    -4.6021523144943233e-02
15                                    -7.8148300638368973e-02
16                                    -8.0175215056759841e-02
17                                     3.1737113565439845e-01
18                                     8.3544101378367763e-03
19                                    -3.5917231063813837e-01
20                                     1.4414260759766306e-01
21                                     9.1481227214309513e-02
22                                    -4.1340105666523463e-01
23                                    -4.0026298188549347e-01
$End
$Loewdin_Population_Analysis
   &GeometryIndex 1
   &ListStatus       OUT
   &NATOMS [&Type "Integer"] 24
   &ATNO [&Type "ArrayOfIntegers", &Dim (24,1)] 
                                                         0

0                                                        6
1                                                        1
2                                                        1
3                                                        6
4                                                        6
5                                                        8
6                                                        8
7                                                        8
8                                                        6
9                                                        1
10                                                       6
11                                                       1
12                                                       6
13                                                       6
14                                                       1
15                                                       6
16                                                       1
17                                                       6
18                                                       1
19                                                       8
20                                                       1
21                                                       6
22                                                       8
23                                                       8
   &ATOMICCHARGES [&Type "ArrayOfDoubles", &Dim (24,1)] 
                                                         0

0                                     -3.2071369977787256e-02
1                                      7.4938206483845526e-03
2                                      1.7113291174677525e-02
3                                      3.3809366993190260e-02
4                                     -7.8360015267858074e-02
5                                     -3.6097673922271056e-01
6                                     -3.6984118037106128e-01
7                                     -1.9525644575186085e-01
8                                     -7.7313965691987896e-02
9                                     -1.2499332716157552e-02
10                                     2.6906169080751496e-03
11                                     7.4689340811082694e-03
12                                    -7.7433145908061718e-02
13                                     1.1662055079169065e-02
14                                     1.4917391817891423e-02
15                                    -6.7019007791501828e-02
16                                    -1.9424789890383209e-03
17                                     4.5742606295847033e-02
18                                     1.4301325435485901e-02
19                                    -1.7952715807310682e-01
20                                     7.7837539036506254e-02
21                                    -2.7777354901590279e-02
22                                    -3.7811720514083369e-01
23                                    -3.7490154766680384e-01
$End
$Mayer_Population_Analysis
   &GeometryIndex 1
   &ListStatus       OUT
   &NATOMS [&Type "Integer"] 24 "Total number of atoms"
   &BONDTHRESH [&Type "Double"]       1.0000000000000001e-01  "The threshold for printing"
   &NBONDORDERSPRINT [&Type "Integer"] 26 "The number of bond orders larger than threshold"
   &BONDORDERS [&Type "ArrayOfDoubles", &Dim (26,1)] "The bond orders"
                                                         0

0                                      8.8667727714257283e-01
1                                      9.0399756259912978e-01
2                                      9.7330642691939473e-01
3                                      1.0021331764905035e+00
4                                      8.1266373511964285e-01
5                                      2.0713588262007963e+00
6                                      1.8311403569549398e+00
7                                      1.8240005162847979e+00
8                                      1.3201216817392081e-01
9                                      9.4848210406245426e-01
10                                     1.8769720383543038e+00
11                                     9.6643727460894191e-01
12                                     9.5929848356914271e-01
13                                     9.7841193223785605e-01
14                                     9.7611492198323091e-01
15                                     7.7764149048198206e-01
16                                     9.5733849740199728e-01
17                                     1.8639443491402923e+00
18                                     9.5656336891156024e-01
19                                     9.8053240243792428e-01
20                                     8.5365236510766596e-01
21                                     9.8160909079622705e-01
22                                     9.7013197029450327e-01
23                                     1.8451092378204494e+00
24                                     1.9020371301197336e+00
25                                     1.1226551613752304e-01
   &COMPONENTS [&Type "ArrayOfIntegers", &Dim (26,4)] "The indices and atomic numbers of the bonding atoms"
                                                         0                           1                           2                           3

0                                                        0                           6                           1                           1
1                                                        0                           6                           2                           1
2                                                        0                           6                           3                           6
3                                                        0                           6                          12                           6
4                                                        3                           6                           4                           6
5                                                        3                           6                           7                           8
6                                                        4                           6                           5                           8
7                                                        4                           6                           6                           8
8                                                        5                           8                           6                           8
9                                                        8                           6                           9                           1
10                                                       8                           6                          10                           6
11                                                       8                           6                          17                           6
12                                                      10                           6                          11                           1
13                                                      10                           6                          12                           6
14                                                      12                           6                          13                           6
15                                                      12                           6                          21                           6
16                                                      13                           6                          14                           1
17                                                      13                           6                          15                           6
18                                                      15                           6                          16                           1
19                                                      15                           6                          17                           6
20                                                      17                           6                          18                           1
21                                                      17                           6                          19                           8
22                                                      19                           8                          20                           1
23                                                      21                           6                          22                           8
24                                                      21                           6                          23                           8
25                                                      22                           8                          23                           8
   &ATNO [&Type "ArrayOfIntegers", &Dim (24,1)] "Atomic number of the elements"
                                                         0

0                                                        6
1                                                        1
2                                                        1
3                                                        6
4                                                        6
5                                                        8
6                                                        8
7                                                        8
8                                                        6
9                                                        1
10                                                       6
11                                                       1
12                                                       6
13                                                       6
14                                                       1
15                                                       6
16                                                       1
17                                                       6
18                                                       1
19                                                       8
20                                                       1
21                                                       6
22                                                       8
23                                                       8
   &NA [&Type "ArrayOfDoubles", &Dim (24,1)] "Mulliken gross atomic population"
                                                         0

0                                      5.7693102985048395e+00
1                                      1.0506490072442922e+00
2                                      1.0276895990034678e+00
3                                      6.0470309670572995e+00
4                                      5.9103650698714487e+00
5                                      8.4019435117712877e+00
6                                      8.4096565288715865e+00
7                                      8.2631330705182222e+00
8                                      6.0817441878042828e+00
9                                      1.1008572677488970e+00
10                                     5.9345972748880218e+00
11                                     1.0573387278397255e+00
12                                     6.2166998376231781e+00
13                                     5.9131526438288091e+00
14                                     1.0460215231449428e+00
15                                     6.0781483006383681e+00
16                                     1.0801752150567598e+00
17                                     5.6826288643455989e+00
18                                     9.9164558986216322e-01
19                                     8.3591723106381384e+00
20                                     8.5585739240233716e-01
21                                     5.9085187727856905e+00
22                                     8.4134010566652329e+00
23                                     8.4002629818854917e+00
   &ZA [&Type "ArrayOfDoubles", &Dim (24,1)] "Total nuclear charge"
                                                         0

0                                      6.0000000000000000e+00
1                                      1.0000000000000000e+00
2                                      1.0000000000000000e+00
3                                      6.0000000000000000e+00
4                                      6.0000000000000000e+00
5                                      8.0000000000000000e+00
6                                      8.0000000000000000e+00
7                                      8.0000000000000000e+00
8                                      6.0000000000000000e+00
9                                      1.0000000000000000e+00
10                                     6.0000000000000000e+00
11                                     1.0000000000000000e+00
12                                     6.0000000000000000e+00
13                                     6.0000000000000000e+00
14                                     1.0000000000000000e+00
15                                     6.0000000000000000e+00
16                                     1.0000000000000000e+00
17                                     6.0000000000000000e+00
18                                     1.0000000000000000e+00
19                                     8.0000000000000000e+00
20                                     1.0000000000000000e+00
21                                     6.0000000000000000e+00
22                                     8.0000000000000000e+00
23                                     8.0000000000000000e+00
   &QA [&Type "ArrayOfDoubles", &Dim (24,1)] "Mulliken gross atomic charge"
                                                         0

0                                      2.3068970149516055e-01
1                                     -5.0649007244292221e-02
2                                     -2.7689599003467791e-02
3                                     -4.7030967057299478e-02
4                                      8.9634930128551282e-02
5                                     -4.0194351177128773e-01
6                                     -4.0965652887158654e-01
7                                     -2.6313307051822221e-01
8                                     -8.1744187804282831e-02
9                                     -1.0085726774889703e-01
10                                     6.5402725111978199e-02
11                                    -5.7338727839725490e-02
12                                    -2.1669983762317813e-01
13                                     8.6847356171190881e-02
14                                    -4.6021523144942789e-02
15                                    -7.8148300638368084e-02
16                                    -8.0175215056759841e-02
17                                     3.1737113565440112e-01
18                                     8.3544101378367763e-03
19                                    -3.5917231063813837e-01
20                                     1.4414260759766284e-01
21                                     9.1481227214309513e-02
22                                    -4.1340105666523286e-01
23                                    -4.0026298188549170e-01
   &VA [&Type "ArrayOfDoubles", &Dim (24,1)] "Mayer's total valence"
                                                         0

0                                      3.7616501860138682e+00
1                                      1.0373056788480204e+00
2                                      1.0351506380522040e+00
3                                      3.9806480338035213e+00
4                                      4.4743280145182549e+00
5                                      2.0818003923290727e+00
6                                      2.0779510289897360e+00
7                                      2.1935173503918071e+00
8                                      3.9203587925300587e+00
9                                      9.7951119335556658e-01
10                                     3.9044448575197208e+00
11                                     1.0258579790111197e+00
12                                     3.7137233658959454e+00
13                                     3.9046271630223992e+00
14                                     1.0328681410336098e+00
15                                     3.9328575311279028e+00
16                                     9.8869404614653544e-01
17                                     3.7682007034372980e+00
18                                     1.0516369743735772e+00
19                                     1.9979968292646566e+00
20                                     1.0168343926249583e+00
21                                     4.5540315368639543e+00
22                                     2.0657873112780041e+00
23                                     2.1008844692347521e+00
   &BVA [&Type "ArrayOfDoubles", &Dim (24,1)] "Mayer's bonded valence"
                                                         0

0                                      3.7616501860138474e+00
1                                      1.0373056788480126e+00
2                                      1.0351506380522077e+00
3                                      3.9806480338035088e+00
4                                      4.4743280145182602e+00
5                                      2.0818003923291037e+00
6                                      2.0779510289897569e+00
7                                      2.1935173503917920e+00
8                                      3.9203587925300347e+00
9                                      9.7951119335555903e-01
10                                     3.9044448575197301e+00
11                                     1.0258579790111124e+00
12                                     3.7137233658960280e+00
13                                     3.9046271630224676e+00
14                                     1.0328681410336285e+00
15                                     3.9328575311278886e+00
16                                     9.8869404614654877e-01
17                                     3.7682007034372842e+00
18                                     1.0516369743735718e+00
19                                     1.9979968292646433e+00
20                                     1.0168343926249608e+00
21                                     4.5540315368639321e+00
22                                     2.0657873112780347e+00
23                                     2.1008844692347832e+00
   &FA [&Type "ArrayOfDoubles", &Dim (24,1)] "Mayer's free valence"
                                                         0

0                                      0.0000000000000000e+00
1                                      0.0000000000000000e+00
2                                      0.0000000000000000e+00
3                                      0.0000000000000000e+00
4                                      0.0000000000000000e+00
5                                      0.0000000000000000e+00
6                                      0.0000000000000000e+00
7                                      0.0000000000000000e+00
8                                      0.0000000000000000e+00
9                                      0.0000000000000000e+00
10                                     0.0000000000000000e+00
11                                     0.0000000000000000e+00
12                                     0.0000000000000000e+00
13                                     0.0000000000000000e+00
14                                     0.0000000000000000e+00
15                                     0.0000000000000000e+00
16                                     0.0000000000000000e+00
17                                     0.0000000000000000e+00
18                                     0.0000000000000000e+00
19                                     0.0000000000000000e+00
20                                     0.0000000000000000e+00
21                                     0.0000000000000000e+00
22                                     0.0000000000000000e+00
23                                     0.0000000000000000e+00
$End
$VdW_Correction
   &GeometryIndex 1
   &ListStatus       OUT
   &VDW [&Type "Double"]      -5.4653761538362267e-02
$End
$Calculation_Info
   &GeometryIndex 1
   &ListStatus       OUT
   &MULT [&Type "Integer"] 1
   &CHARGE [&Type "Integer"] -2
   &NUMOFATOMS [&Type "Integer"] 24
   &NUMOFELECTRONS [&Type "Integer"] 118
   &NUMOFFCELECTRONS [&Type "Integer"] 1
   &NUMOFCORRELECTRONS [&Type "Integer"] 0
   &NUMOFBASISFUNCTS [&Type "Integer"] 264
   &NUMOFAUXCBASISFUNCTS [&Type "Integer"] 0
   &NUMOFAUXJBASISFUNCTS [&Type "Integer"] 872
   &NUMOFAUXJKBASISFUNCTS [&Type "Integer"] 0
   &NUMOFCABSBASISFUNCTS [&Type "Integer"] 0
   &TOTALENERGY [&Type "Double"]      -8.3617630603705345e+02  "Hartrees"
$End
$SCF_Dipole_Moment
   &GeometryIndex 1
   &ListStatus       OUT
   &METHOD [&Type "String"] "SCF"
   &LEVEL [&Type "String"] "Relaxed density"
   &MULT [&Type "Integer"] 1
   &STATE [&Type "Integer"] -1
   &IRREP [&Type "Integer"] 0
   &NATOMS [&Type "Integer"] 24
   &DODIPOLEATOM [&Type "Boolean"] false
   &DIPOLEELECCONTRIB [&Type "ArrayOfDoubles", &Dim (3,1)] "Electronic contribution"
                                                         0

0                                      1.1057440285620348e+00
1                                      8.3941120813993431e-01
2                                      3.1506525486326389e+00
   &DIPOLENUCCONTRIB [&Type "ArrayOfDoubles", &Dim (3,1)] "Nuclear contribution"
                                                         0

0                                     -2.9673200212473603e+00
1                                     -2.2341503193757717e+00
2                                     -4.4787094412815094e+00
   &DIPOLETOTAL [&Type "ArrayOfDoubles", &Dim (3,1)] "Total"
                                                         0

0                                     -1.8615759926853255e+00
1                                     -1.3947391112358374e+00
2                                     -1.3280568926488705e+00
   &DIPOLEMAGNITUDE [&Type "Double", &Units "a.u."]       2.6785252425664128e+00
$End
