*************************************************
******************* ORCA 6.0.1 ******************
*************************************************
$Calculation_Status
   &GeometryIndex 1
   &ListStatus       OUT
   &VERSION [&Type "String"] "6.0.1"
   &PROGNAME [&Type "String"] "LeanSCF"
   &STATUS [&Type "String"] "NORMAL TERMINATION"
$End
$Geometry
   &GeometryIndex 1
   &ListStatus       OUT
   &NATOMS [&Type "Integer"] 24
   &NCORELESSECP [&Type "Integer"] 0
   &NGHOSTATOMS [&Type "Integer"] 0
   &CartesianCoordinates [&Type "Coordinates", &Dim(24,4), &Units "Bohr"] 
              C    100.497494168577   57.116951757666  116.010352811910
              H    101.370324556514   55.491194955138  116.912584990360
              H    101.550834271604   58.881655191377  115.906220741581
              C     97.863096014348   57.400197190660  116.079123262010
              C     96.618603282988   59.994496823307  115.526467583750
              O     97.979229284977   61.799230429091  114.771624980514
              O     94.285623366046   60.132694593513  115.852544351018
              O     96.415730961622   55.536817080185  116.386398023246
              C     96.233314032941   53.714910218961  112.438401802576
              H     94.688559183847   52.454848037648  112.972229583767
              C     98.697084427009   53.004759252296  112.768850632833
              H     99.196125110938   51.280101547073  113.768475432739
              C    100.683676454519   54.638741765621  112.080764288142
              C    100.112351843532   56.788647469219  110.436390806729
              H    101.748357985044   57.803467315567  109.699406638751
              C     97.722784844289   57.405777178826  109.846757712113
              H     97.295159366655   59.004552669467  108.608054608753
              C     95.488612942543   55.941911180525  110.820695373424
              H     94.289145721414   57.210936334920  111.967684946713
              O     94.092730651601   55.008818421206  108.722927553083
              H     92.226338139183   55.354144112689  109.003058698837
              C    103.366359080417   53.471244345429  111.941756234622
              O    103.692763299936   51.367690114914  112.986645669581
              O    104.985745811514   54.639727709632  110.664026757816
$End
$SCF_Energy
   &GeometryIndex 1
   &ListStatus       OUT
   &SCF_ENERGY [&Type "Double"]      -8.3605629758880616e+02
$End
$DFT_Energy
   &GeometryIndex 1
   &ListStatus       OUT
   &NALPHAEL [&Type "Integer"] 59
   &NBETAEL [&Type "Integer"] 59
   &NTOTALEL [&Type "Integer"] 118
   &EEXCHANGE [&Type "Double"]      -8.3081615760129139e+01
   &ECORR [&Type "Double"]      -4.8404837876581883e+00
   &ECNL [&Type "Double"]       0.0000000000000000e+00
   &EXC [&Type "Double"]      -8.7922099547787326e+01
   &EEMBED [&Type "Double"]       0.0000000000000000e+00
   &FINALEN [&Type "Double"]      -8.3605629758880616e+02  "No Van der Waals correction"
$End
$Mulliken_Population_Analysis
   &GeometryIndex 1
   &ListStatus       OUT
   &NATOMS [&Type "Integer"] 24
   &ATNO [&Type "ArrayOfIntegers", &Dim (24,1)] 
                                                         0

0                                                        6
1                                                        1
2                                                        1
3                                                        6
4                                                        6
5                                                        8
6                                                        8
7                                                        8
8                                                        6
9                                                        1
10                                                       6
11                                                       1
12                                                       6
13                                                       6
14                                                       1
15                                                       6
16                                                       1
17                                                       6
18                                                       1
19                                                       8
20                                                       1
21                                                       6
22                                                       8
23                                                       8
   &ATOMICCHARGES [&Type "ArrayOfDoubles", &Dim (24,1)] 
                                                         0

0                                      8.1764432634766848e-02
1                                     -3.5311951488403048e-02
2                                     -2.3701308710151636e-02
3                                     -5.3709388462079843e-02
4                                      6.2276847122067380e-02
5                                     -4.0504469252932118e-01
6                                     -4.1250419265618810e-01
7                                     -3.0239896132792765e-01
8                                      5.9003487792122833e-02
9                                     -7.5361594052138159e-02
10                                     3.1202857678414908e-02
11                                    -5.9769979040735777e-02
12                                    -1.2463477627997221e-01
13                                     7.5208268864485284e-02
14                                    -5.1086908398869424e-02
15                                    -2.6602548306259521e-02
16                                    -7.3073295487874779e-02
17                                     2.5137004452655898e-01
18                                     1.3823863309068041e-02
19                                    -3.5518008052252803e-01
20                                     1.4324352401131213e-01
21                                     8.9486092407858209e-02
22                                    -4.0921814595222195e-01
23                                    -3.9978159513189659e-01
$End
$Loewdin_Population_Analysis
   &GeometryIndex 1
   &ListStatus       OUT
   &NATOMS [&Type "Integer"] 24
   &ATNO [&Type "ArrayOfIntegers", &Dim (24,1)] 
                                                         0

0                                                        6
1                                                        1
2                                                        1
3                                                        6
4                                                        6
5                                                        8
6                                                        8
7                                                        8
8                                                        6
9                                                        1
10                                                       6
11                                                       1
12                                                       6
13                                                       6
14                                                       1
15                                                       6
16                                                       1
17                                                       6
18                                                       1
19                                                       8
20                                                       1
21                                                       6
22                                                       8
23                                                       8
   &ATOMICCHARGES [&Type "ArrayOfDoubles", &Dim (24,1)] 
                                                         0

0                                     -6.7907085848205817e-02
1                                      4.5977943919800479e-03
2                                      6.7918068976842161e-03
3                                     -3.1459624389096774e-02
4                                     -7.8016692643096519e-02
5                                     -3.7761709613507044e-01
6                                     -3.7684189870802243e-01
7                                     -2.0049142634026396e-01
8                                      2.1030653491723506e-02
9                                     -8.6930270638352347e-04
10                                    -3.8832321663759828e-02
11                                     9.0954229857351798e-03
12                                    -7.1157850125000977e-03
13                                    -5.5647365670692395e-03
14                                     1.3829955862455723e-02
15                                    -5.4865311469182387e-02
16                                     7.7725207932788365e-04
17                                     4.8454644376002776e-02
18                                     2.2537451871683212e-02
19                                    -1.7805996332369212e-01
20                                     7.7137733247647944e-02
21                                    -3.8704456603385395e-02
22                                    -3.7736199075356325e-01
23                                    -3.7054502304087933e-01
$End
$Mayer_Population_Analysis
   &GeometryIndex 1
   &ListStatus       OUT
   &NATOMS [&Type "Integer"] 24 "Total number of atoms"
   &BONDTHRESH [&Type "Double"]       1.0000000000000001e-01  "The threshold for printing"
   &NBONDORDERSPRINT [&Type "Integer"] 28 "The number of bond orders larger than threshold"
   &BONDORDERS [&Type "ArrayOfDoubles", &Dim (28,1)] "The bond orders"
                                                         0

0                                      9.0691454800065852e-01
1                                      9.1423382183718571e-01
2                                      1.3695537830514932e+00
3                                      1.2317918169858395e-01
4                                      3.9777576289396815e-01
5                                      8.0785877687575414e-01
6                                      1.7364791922216252e+00
7                                      1.8490333848598899e+00
8                                      1.8149065776739663e+00
9                                      1.1724542650252968e-01
10                                     1.9645097656977439e-01
11                                     9.4992575171441795e-01
12                                     1.5340914201650400e+00
13                                     9.8796245969353347e-01
14                                     9.6366974113521975e-01
15                                     1.2764781725127765e+00
16                                     1.0668143301145867e+00
17                                     8.2493509506134111e-01
18                                     9.6857371634186118e-01
19                                     1.7656780344190277e+00
20                                     9.6114479603482539e-01
21                                     9.8546912537940223e-01
22                                     8.6529310918812608e-01
23                                     9.7326916891879622e-01
24                                     9.7243893660412051e-01
25                                     1.8494961252800433e+00
26                                     1.8699202836512994e+00
27                                     1.2624757303619577e-01
   &COMPONENTS [&Type "ArrayOfIntegers", &Dim (28,4)] "The indices and atomic numbers of the bonding atoms"
                                                         0                           1                           2                           3

0                                                        0                           6                           1                           1
1                                                        0                           6                           2                           1
2                                                        0                           6                           3                           6
3                                                        0                           6                           8                           6
4                                                        0                           6                          12                           6
5                                                        3                           6                           4                           6
6                                                        3                           6                           7                           8
7                                                        4                           6                           5                           8
8                                                        4                           6                           6                           8
9                                                        5                           8                           6                           8
10                                                       7                           8                           8                           6
11                                                       8                           6                           9                           1
12                                                       8                           6                          10                           6
13                                                       8                           6                          17                           6
14                                                      10                           6                          11                           1
15                                                      10                           6                          12                           6
16                                                      12                           6                          13                           6
17                                                      12                           6                          21                           6
18                                                      13                           6                          14                           1
19                                                      13                           6                          15                           6
20                                                      15                           6                          16                           1
21                                                      15                           6                          17                           6
22                                                      17                           6                          18                           1
23                                                      17                           6                          19                           8
24                                                      19                           8                          20                           1
25                                                      21                           6                          22                           8
26                                                      21                           6                          23                           8
27                                                      22                           8                          23                           8
   &ATNO [&Type "ArrayOfIntegers", &Dim (24,1)] "Atomic number of the elements"
                                                         0

0                                                        6
1                                                        1
2                                                        1
3                                                        6
4                                                        6
5                                                        8
6                                                        8
7                                                        8
8                                                        6
9                                                        1
10                                                       6
11                                                       1
12                                                       6
13                                                       6
14                                                       1
15                                                       6
16                                                       1
17                                                       6
18                                                       1
19                                                       8
20                                                       1
21                                                       6
22                                                       8
23                                                       8
   &NA [&Type "ArrayOfDoubles", &Dim (24,1)] "Mulliken gross atomic population"
                                                         0

0                                      5.9182355673652589e+00
1                                      1.0353119514884046e+00
2                                      1.0237013087101545e+00
3                                      6.0537093884620790e+00
4                                      5.9377231528779344e+00
5                                      8.4050446925293247e+00
6                                      8.4125041926561721e+00
7                                      8.3023989613279117e+00
8                                      5.9409965122078798e+00
9                                      1.0753615940521386e+00
10                                     5.9687971423216020e+00
11                                     1.0597699790407356e+00
12                                     6.1246347762799749e+00
13                                     5.9247917311355094e+00
14                                     1.0510869083988721e+00
15                                     6.0266025483062480e+00
16                                     1.0730732954878723e+00
17                                     5.7486299554734446e+00
18                                     9.8617613669093163e-01
19                                     8.3551800805225405e+00
20                                     8.5675647598868787e-01
21                                     5.9105139075921471e+00
22                                     8.4092181459522095e+00
23                                     8.3997815951319090e+00
   &ZA [&Type "ArrayOfDoubles", &Dim (24,1)] "Total nuclear charge"
                                                         0

0                                      6.0000000000000000e+00
1                                      1.0000000000000000e+00
2                                      1.0000000000000000e+00
3                                      6.0000000000000000e+00
4                                      6.0000000000000000e+00
5                                      8.0000000000000000e+00
6                                      8.0000000000000000e+00
7                                      8.0000000000000000e+00
8                                      6.0000000000000000e+00
9                                      1.0000000000000000e+00
10                                     6.0000000000000000e+00
11                                     1.0000000000000000e+00
12                                     6.0000000000000000e+00
13                                     6.0000000000000000e+00
14                                     1.0000000000000000e+00
15                                     6.0000000000000000e+00
16                                     1.0000000000000000e+00
17                                     6.0000000000000000e+00
18                                     1.0000000000000000e+00
19                                     8.0000000000000000e+00
20                                     1.0000000000000000e+00
21                                     6.0000000000000000e+00
22                                     8.0000000000000000e+00
23                                     8.0000000000000000e+00
   &QA [&Type "ArrayOfDoubles", &Dim (24,1)] "Mulliken gross atomic charge"
                                                         0

0                                      8.1764432634741091e-02
1                                     -3.5311951488404603e-02
2                                     -2.3701308710154523e-02
3                                     -5.3709388462078955e-02
4                                      6.2276847122065604e-02
5                                     -4.0504469252932473e-01
6                                     -4.1250419265617211e-01
7                                     -3.0239896132791166e-01
8                                      5.9003487792120168e-02
9                                     -7.5361594052138603e-02
10                                     3.1202857678398033e-02
11                                    -5.9769979040735555e-02
12                                    -1.2463477627997488e-01
13                                     7.5208268864490613e-02
14                                    -5.1086908398872088e-02
15                                    -2.6602548306247975e-02
16                                    -7.3073295487872336e-02
17                                     2.5137004452655543e-01
18                                     1.3823863309068374e-02
19                                    -3.5518008052254046e-01
20                                     1.4324352401131213e-01
21                                     8.9486092407852880e-02
22                                    -4.0921814595220951e-01
23                                    -3.9978159513190903e-01
   &VA [&Type "ArrayOfDoubles", &Dim (24,1)] "Mayer's total valence"
                                                         0

0                                      3.7865358470579848e+00
1                                      1.0001254856327690e+00
2                                      1.0255487715297429e+00
3                                      4.0561443583203758e+00
4                                      4.4666126979518843e+00
5                                      2.0796707840621056e+00
6                                      2.0531865582552951e+00
7                                      2.1505870212137768e+00
8                                      3.8786587575144389e+00
9                                      9.9058655933839834e-01
10                                     3.9127020787653324e+00
11                                     1.0403705032589214e+00
12                                     3.6548213512404875e+00
13                                     3.8935795290468560e+00
14                                     1.0349799733957055e+00
15                                     3.8613963979191595e+00
16                                     9.8664617728044945e-01
17                                     3.8367234304498985e+00
18                                     1.0568073548591466e+00
19                                     1.9976865367264036e+00
20                                     1.0226454942632563e+00
21                                     4.5463113434371074e+00
22                                     2.0806927612872586e+00
23                                     2.0970952618311545e+00
   &BVA [&Type "ArrayOfDoubles", &Dim (24,1)] "Mayer's bonded valence"
                                                         0

0                                      3.7865358470579156e+00
1                                      1.0001254856327682e+00
2                                      1.0255487715297484e+00
3                                      4.0561443583203811e+00
4                                      4.4666126979518621e+00
5                                      2.0796707840621296e+00
6                                      2.0531865582552689e+00
7                                      2.1505870212138429e+00
8                                      3.8786587575143789e+00
9                                      9.9058655933839124e-01
10                                     3.9127020787653177e+00
11                                     1.0403705032589403e+00
12                                     3.6548213512404906e+00
13                                     3.8935795290468422e+00
14                                     1.0349799733956755e+00
15                                     3.8613963979191381e+00
16                                     9.8664617728045123e-01
17                                     3.8367234304498092e+00
18                                     1.0568073548591432e+00
19                                     1.9976865367263672e+00
20                                     1.0226454942632583e+00
21                                     4.5463113434371332e+00
22                                     2.0806927612873034e+00
23                                     2.0970952618311052e+00
   &FA [&Type "ArrayOfDoubles", &Dim (24,1)] "Mayer's free valence"
                                                         0

0                                      0.0000000000000000e+00
1                                      0.0000000000000000e+00
2                                      0.0000000000000000e+00
3                                      0.0000000000000000e+00
4                                      0.0000000000000000e+00
5                                      0.0000000000000000e+00
6                                      0.0000000000000000e+00
7                                      0.0000000000000000e+00
8                                      0.0000000000000000e+00
9                                      0.0000000000000000e+00
10                                     0.0000000000000000e+00
11                                     0.0000000000000000e+00
12                                     0.0000000000000000e+00
13                                     0.0000000000000000e+00
14                                     0.0000000000000000e+00
15                                     0.0000000000000000e+00
16                                     0.0000000000000000e+00
17                                     0.0000000000000000e+00
18                                     0.0000000000000000e+00
19                                     0.0000000000000000e+00
20                                     0.0000000000000000e+00
21                                     0.0000000000000000e+00
22                                     0.0000000000000000e+00
23                                     0.0000000000000000e+00
$End
$VdW_Correction
   &GeometryIndex 1
   &ListStatus       OUT
   &VDW [&Type "Double"]      -5.5522289949224937e-02
$End
$Calculation_Info
   &GeometryIndex 1
   &ListStatus       OUT
   &MULT [&Type "Integer"] 1
   &CHARGE [&Type "Integer"] -2
   &NUMOFATOMS [&Type "Integer"] 24
   &NUMOFELECTRONS [&Type "Integer"] 118
   &NUMOFFCELECTRONS [&Type "Integer"] 1
   &NUMOFCORRELECTRONS [&Type "Integer"] 0
   &NUMOFBASISFUNCTS [&Type "Integer"] 264
   &NUMOFAUXCBASISFUNCTS [&Type "Integer"] 0
   &NUMOFAUXJBASISFUNCTS [&Type "Integer"] 872
   &NUMOFAUXJKBASISFUNCTS [&Type "Integer"] 0
   &NUMOFCABSBASISFUNCTS [&Type "Integer"] 0
   &TOTALENERGY [&Type "Double"]      -8.3611181987875534e+02  "Hartrees"
$End
$SCF_Dipole_Moment
   &GeometryIndex 1
   &ListStatus       OUT
   &METHOD [&Type "String"] "SCF"
   &LEVEL [&Type "String"] "Relaxed density"
   &MULT [&Type "Integer"] 1
   &STATE [&Type "Integer"] -1
   &IRREP [&Type "Integer"] 0
   &NATOMS [&Type "Integer"] 24
   &DODIPOLEATOM [&Type "Boolean"] false
   &DIPOLEELECCONTRIB [&Type "ArrayOfDoubles", &Dim (3,1)] "Electronic contribution"
                                                         0

0                                      1.1645799072851575e+00
1                                     -6.5704611652917994e-02
2                                      1.3649247509132549e+00
   &DIPOLENUCCONTRIB [&Type "ArrayOfDoubles", &Dim (3,1)] "Nuclear contribution"
                                                         0

0                                     -3.3135200958483466e+00
1                                     -8.2913441645712282e-01
2                                     -2.4142544268483022e+00
   &DIPOLETOTAL [&Type "ArrayOfDoubles", &Dim (3,1)] "Total"
                                                         0

0                                     -2.1489401885631891e+00
1                                     -8.9483902811004079e-01
2                                     -1.0493296759350472e+00
   &DIPOLEMAGNITUDE [&Type "Double", &Units "a.u."]       2.5533847318899809e+00
$End
