*************************************************
******************* ORCA 6.0.1 ******************
*************************************************
$Calculation_Status
   &GeometryIndex 1
   &ListStatus       OUT
   &VERSION [&Type "String"] "6.0.1"
   &PROGNAME [&Type "String"] "LeanSCF"
   &STATUS [&Type "String"] "NORMAL TERMINATION"
$End
$Geometry
   &GeometryIndex 1
   &ListStatus       OUT
   &NATOMS [&Type "Integer"] 24
   &NCORELESSECP [&Type "Integer"] 0
   &NGHOSTATOMS [&Type "Integer"] 0
   &CartesianCoordinates [&Type "Coordinates", &Dim(24,4), &Units "Bohr"] 
              C     85.397246995256   55.982334295353  126.051665463930
              H     86.665357166500   54.366997149450  126.137090967429
              H     86.112022826983   57.838996609001  126.584453009340
              C     82.798877476744   55.647617753700  125.870290908005
              C     81.002186530864   57.917497525077  126.176651312753
              O     81.927195964181   59.999062729137  126.841331095666
              O     78.697678136644   57.522521803448  125.761304426651
              O     81.831860357475   53.531942907816  125.190704837452
              C     82.256612385356   53.038017546245  121.330724589075
              H     81.361441004673   51.177583398733  121.306026248217
              C     84.875658201317   53.219828190990  121.377506822315
              H     86.056740210987   51.572149391673  121.737526802272
              C     85.979964654424   55.603489891455  121.522559093663
              C     84.492685382222   57.829989496770  120.813506734552
              H     85.500392337896   59.622592207913  120.757393013378
              C     82.029588071206   57.643533833741  120.257860588173
              H     80.951945153853   59.304804925417  119.672193395164
              C     80.622263878156   55.178675936620  120.340556682267
              H     79.006924490211   55.410256378591  121.631165673445
              O     79.809520385282   54.571164548252  117.868353228031
              H     77.940363390946   54.121364728246  117.861434386807
              C     88.843811450934   55.850346364489  121.493066742393
              O     90.189945930160   54.043254657355  122.186020935589
              O     89.675382645110   57.924040621501  120.667953924099
$End
$SCF_Energy
   &GeometryIndex 1
   &ListStatus       OUT
   &SCF_ENERGY [&Type "Double"]      -8.3605800173708883e+02
$End
$DFT_Energy
   &GeometryIndex 1
   &ListStatus       OUT
   &NALPHAEL [&Type "Integer"] 59
   &NBETAEL [&Type "Integer"] 59
   &NTOTALEL [&Type "Integer"] 118
   &EEXCHANGE [&Type "Double"]      -8.3096350620650654e+01
   &ECORR [&Type "Double"]      -4.8449940961771443e+00
   &ECNL [&Type "Double"]       0.0000000000000000e+00
   &EXC [&Type "Double"]      -8.7941344716827800e+01
   &EEMBED [&Type "Double"]       0.0000000000000000e+00
   &FINALEN [&Type "Double"]      -8.3605800173708883e+02  "No Van der Waals correction"
$End
$Mulliken_Population_Analysis
   &GeometryIndex 1
   &ListStatus       OUT
   &NATOMS [&Type "Integer"] 24
   &ATNO [&Type "ArrayOfIntegers", &Dim (24,1)] 
                                                         0

0                                                        6
1                                                        1
2                                                        1
3                                                        6
4                                                        6
5                                                        8
6                                                        8
7                                                        8
8                                                        6
9                                                        1
10                                                       6
11                                                       1
12                                                       6
13                                                       6
14                                                       1
15                                                       6
16                                                       1
17                                                       6
18                                                       1
19                                                       8
20                                                       1
21                                                       6
22                                                       8
23                                                       8
   &ATOMICCHARGES [&Type "ArrayOfDoubles", &Dim (24,1)] 
                                                         0

0                                      8.3114546102892817e-02
1                                     -3.0724469820880840e-02
2                                     -1.6709382834346531e-02
3                                     -4.7642244918955079e-02
4                                      7.7262941812216823e-02
5                                     -4.0702640346784413e-01
6                                     -4.1793710354400204e-01
7                                     -3.2817825806265155e-01
8                                      7.7761750826519815e-02
9                                     -7.8313516437404473e-02
10                                     2.1226708102281222e-02
11                                    -6.6618139464442727e-02
12                                    -1.3809210611274469e-01
13                                     7.9234304037233194e-02
14                                    -4.8998649135067351e-02
15                                    -2.5590522620193568e-02
16                                    -7.4664582840759275e-02
17                                     2.7198263704317682e-01
18                                    -3.0437111572354514e-03
19                                    -3.4776736707272704e-01
20                                     1.4043660762366250e-01
21                                     9.1978683590010490e-02
22                                    -4.0390611674231991e-01
23                                    -4.0778560490637616e-01
$End
$Loewdin_Population_Analysis
   &GeometryIndex 1
   &ListStatus       OUT
   &NATOMS [&Type "Integer"] 24
   &ATNO [&Type "ArrayOfIntegers", &Dim (24,1)] 
                                                         0

0                                                        6
1                                                        1
2                                                        1
3                                                        6
4                                                        6
5                                                        8
6                                                        8
7                                                        8
8                                                        6
9                                                        1
10                                                       6
11                                                       1
12                                                       6
13                                                       6
14                                                       1
15                                                       6
16                                                       1
17                                                       6
18                                                       1
19                                                       8
20                                                       1
21                                                       6
22                                                       8
23                                                       8
   &ATOMICCHARGES [&Type "ArrayOfDoubles", &Dim (24,1)] 
                                                         0

0                                     -5.3311753509524884e-02
1                                      4.4271159057494014e-03
2                                      1.0952298884628120e-02
3                                     -3.5638575529175043e-02
4                                     -6.8273236056106690e-02
5                                     -3.7781704243542258e-01
6                                     -3.8309980456016213e-01
7                                     -2.0706097730842643e-01
8                                      5.3960098337017648e-02
9                                     -3.8273768791761142e-03
10                                    -6.4053059931728384e-02
11                                     4.4163326396075009e-03
12                                    -9.2891781184238909e-03
13                                    -2.2115008611072184e-03
14                                     1.6297912914566948e-02
15                                    -5.0405194854774571e-02
16                                     2.4737345757486207e-04
17                                     4.3424667292025099e-02
18                                     1.3728452069965646e-02
19                                    -1.7562225823134092e-01
20                                     7.5949947257118011e-02
21                                    -4.3819989063200282e-02
22                                    -3.7454651206934209e-01
23                                    -3.7442773935036477e-01
$End
$Mayer_Population_Analysis
   &GeometryIndex 1
   &ListStatus       OUT
   &NATOMS [&Type "Integer"] 24 "Total number of atoms"
   &BONDTHRESH [&Type "Double"]       1.0000000000000001e-01  "The threshold for printing"
   &NBONDORDERSPRINT [&Type "Integer"] 29 "The number of bond orders larger than threshold"
   &BONDORDERS [&Type "ArrayOfDoubles", &Dim (29,1)] "The bond orders"
                                                         0

0                                      9.0495295300315381e-01
1                                      9.1801020386413179e-01
2                                      1.4727810816861182e+00
3                                      1.0959171150456049e-01
4                                      3.2960685907153903e-01
5                                      8.1667306760812053e-01
6                                      1.5731120261846836e+00
7                                      1.8700610790605907e+00
8                                      1.8058591189026247e+00
9                                      1.2406866798264311e-01
10                                     1.0124033002772546e-01
11                                     3.5383373445948052e-01
12                                     9.3472611959733543e-01
13                                     1.4185407181245637e+00
14                                     9.8581666710418425e-01
15                                     9.4981834725838787e-01
16                                     1.3836681359010146e+00
17                                     1.0675525787462112e+00
18                                     8.2929633172326167e-01
19                                     9.6906047910794835e-01
20                                     1.7671614980109449e+00
21                                     9.5413531426787357e-01
22                                     9.7672156920962461e-01
23                                     8.6591318631033398e-01
24                                     9.9387439227296548e-01
25                                     9.7007928110153274e-01
26                                     1.8619878557987875e+00
27                                     1.8621574280053592e+00
28                                     1.1908984099713017e-01
   &COMPONENTS [&Type "ArrayOfIntegers", &Dim (29,4)] "The indices and atomic numbers of the bonding atoms"
                                                         0                           1                           2                           3

0                                                        0                           6                           1                           1
1                                                        0                           6                           2                           1
2                                                        0                           6                           3                           6
3                                                        0                           6                           8                           6
4                                                        0                           6                          12                           6
5                                                        3                           6                           4                           6
6                                                        3                           6                           7                           8
7                                                        4                           6                           5                           8
8                                                        4                           6                           6                           8
9                                                        5                           8                           6                           8
10                                                       6                           8                          18                           1
11                                                       7                           8                           8                           6
12                                                       8                           6                           9                           1
13                                                       8                           6                          10                           6
14                                                       8                           6                          17                           6
15                                                      10                           6                          11                           1
16                                                      10                           6                          12                           6
17                                                      12                           6                          13                           6
18                                                      12                           6                          21                           6
19                                                      13                           6                          14                           1
20                                                      13                           6                          15                           6
21                                                      15                           6                          16                           1
22                                                      15                           6                          17                           6
23                                                      17                           6                          18                           1
24                                                      17                           6                          19                           8
25                                                      19                           8                          20                           1
26                                                      21                           6                          22                           8
27                                                      21                           6                          23                           8
28                                                      22                           8                          23                           8
   &ATNO [&Type "ArrayOfIntegers", &Dim (24,1)] "Atomic number of the elements"
                                                         0

0                                                        6
1                                                        1
2                                                        1
3                                                        6
4                                                        6
5                                                        8
6                                                        8
7                                                        8
8                                                        6
9                                                        1
10                                                       6
11                                                       1
12                                                       6
13                                                       6
14                                                       1
15                                                       6
16                                                       1
17                                                       6
18                                                       1
19                                                       8
20                                                       1
21                                                       6
22                                                       8
23                                                       8
   &NA [&Type "ArrayOfDoubles", &Dim (24,1)] "Mulliken gross atomic population"
                                                         0

0                                      5.9168854538970850e+00
1                                      1.0307244698208824e+00
2                                      1.0167093828343443e+00
3                                      6.0476422449189577e+00
4                                      5.9227370581877850e+00
5                                      8.4070264034678193e+00
6                                      8.4179371035440198e+00
7                                      8.3281782580626498e+00
8                                      5.9222382491734713e+00
9                                      1.0783135164374025e+00
10                                     5.9787732918977259e+00
11                                     1.0666181394644416e+00
12                                     6.1380921061127198e+00
13                                     5.9207656959627464e+00
14                                     1.0489986491350676e+00
15                                     6.0255905226201767e+00
16                                     1.0746645828407599e+00
17                                     5.7280173629568125e+00
18                                     1.0030437111572337e+00
19                                     8.3477673670727075e+00
20                                     8.5956339237633717e-01
21                                     5.9080213164099904e+00
22                                     8.4039061167423181e+00
23                                     8.4077856049063637e+00
   &ZA [&Type "ArrayOfDoubles", &Dim (24,1)] "Total nuclear charge"
                                                         0

0                                      6.0000000000000000e+00
1                                      1.0000000000000000e+00
2                                      1.0000000000000000e+00
3                                      6.0000000000000000e+00
4                                      6.0000000000000000e+00
5                                      8.0000000000000000e+00
6                                      8.0000000000000000e+00
7                                      8.0000000000000000e+00
8                                      6.0000000000000000e+00
9                                      1.0000000000000000e+00
10                                     6.0000000000000000e+00
11                                     1.0000000000000000e+00
12                                     6.0000000000000000e+00
13                                     6.0000000000000000e+00
14                                     1.0000000000000000e+00
15                                     6.0000000000000000e+00
16                                     1.0000000000000000e+00
17                                     6.0000000000000000e+00
18                                     1.0000000000000000e+00
19                                     8.0000000000000000e+00
20                                     1.0000000000000000e+00
21                                     6.0000000000000000e+00
22                                     8.0000000000000000e+00
23                                     8.0000000000000000e+00
   &QA [&Type "ArrayOfDoubles", &Dim (24,1)] "Mulliken gross atomic charge"
                                                         0

0                                      8.3114546102915021e-02
1                                     -3.0724469820882394e-02
2                                     -1.6709382834344311e-02
3                                     -4.7642244918957743e-02
4                                      7.7262941812215047e-02
5                                     -4.0702640346781926e-01
6                                     -4.1793710354401981e-01
7                                     -3.2817825806264977e-01
8                                      7.7761750826528697e-02
9                                     -7.8313516437402475e-02
10                                     2.1226708102274117e-02
11                                    -6.6618139464441617e-02
12                                    -1.3809210611271983e-01
13                                     7.9234304037253622e-02
14                                    -4.8998649135067573e-02
15                                    -2.5590522620176692e-02
16                                    -7.4664582840759941e-02
17                                     2.7198263704318748e-01
18                                    -3.0437111572336750e-03
19                                    -3.4776736707270750e-01
20                                     1.4043660762366283e-01
21                                     9.1978683590009602e-02
22                                    -4.0390611674231813e-01
23                                    -4.0778560490636373e-01
   &VA [&Type "ArrayOfDoubles", &Dim (24,1)] "Mayer's total valence"
                                                         0

0                                      3.8141905636633222e+00
1                                      1.0202818287415223e+00
2                                      1.0278998301258642e+00
3                                      4.0172686160287183e+00
4                                      4.4855500476290260e+00
5                                      2.0947026686469101e+00
6                                      2.0661884601298524e+00
7                                      2.1234672620272845e+00
8                                      3.9141399071639027e+00
9                                      9.8798648681611978e-01
10                                     3.8927120624214395e+00
11                                     1.0282456985270454e+00
12                                     3.7172822901322915e+00
13                                     3.9070447541683948e+00
14                                     1.0381468801519742e+00
15                                     3.8533525695714732e+00
16                                     9.8437835686845665e-01
17                                     3.8435059436327523e+00
18                                     1.0717979408559517e+00
19                                     2.0010477707549943e+00
20                                     1.0231552276339515e+00
21                                     4.5464498491094121e+00
22                                     2.0830546602507329e+00
23                                     2.0954475442094456e+00
   &BVA [&Type "ArrayOfDoubles", &Dim (24,1)] "Mayer's bonded valence"
                                                         0

0                                      3.8141905636633302e+00
1                                      1.0202818287415119e+00
2                                      1.0278998301258762e+00
3                                      4.0172686160286819e+00
4                                      4.4855500476290597e+00
5                                      2.0947026686469932e+00
6                                      2.0661884601298515e+00
7                                      2.1234672620273205e+00
8                                      3.9141399071638547e+00
9                                      9.8798648681611712e-01
10                                     3.8927120624214049e+00
11                                     1.0282456985270438e+00
12                                     3.7172822901323306e+00
13                                     3.9070447541684645e+00
14                                     1.0381468801519715e+00
15                                     3.8533525695715167e+00
16                                     9.8437835686844988e-01
17                                     3.8435059436327244e+00
18                                     1.0717979408559268e+00
19                                     2.0010477707550285e+00
20                                     1.0231552276339519e+00
21                                     4.5464498491094201e+00
22                                     2.0830546602507587e+00
23                                     2.0954475442094802e+00
   &FA [&Type "ArrayOfDoubles", &Dim (24,1)] "Mayer's free valence"
                                                         0

0                                      0.0000000000000000e+00
1                                      0.0000000000000000e+00
2                                      0.0000000000000000e+00
3                                      0.0000000000000000e+00
4                                      0.0000000000000000e+00
5                                      0.0000000000000000e+00
6                                      0.0000000000000000e+00
7                                      0.0000000000000000e+00
8                                      0.0000000000000000e+00
9                                      0.0000000000000000e+00
10                                     0.0000000000000000e+00
11                                     0.0000000000000000e+00
12                                     0.0000000000000000e+00
13                                     0.0000000000000000e+00
14                                     0.0000000000000000e+00
15                                     0.0000000000000000e+00
16                                     0.0000000000000000e+00
17                                     0.0000000000000000e+00
18                                     0.0000000000000000e+00
19                                     0.0000000000000000e+00
20                                     0.0000000000000000e+00
21                                     0.0000000000000000e+00
22                                     0.0000000000000000e+00
23                                     0.0000000000000000e+00
$End
$VdW_Correction
   &GeometryIndex 1
   &ListStatus       OUT
   &VDW [&Type "Double"]      -5.7034709383028827e-02
$End
$Calculation_Info
   &GeometryIndex 1
   &ListStatus       OUT
   &MULT [&Type "Integer"] 1
   &CHARGE [&Type "Integer"] -2
   &NUMOFATOMS [&Type "Integer"] 24
   &NUMOFELECTRONS [&Type "Integer"] 118
   &NUMOFFCELECTRONS [&Type "Integer"] 1
   &NUMOFCORRELECTRONS [&Type "Integer"] 0
   &NUMOFBASISFUNCTS [&Type "Integer"] 264
   &NUMOFAUXCBASISFUNCTS [&Type "Integer"] 0
   &NUMOFAUXJBASISFUNCTS [&Type "Integer"] 872
   &NUMOFAUXJKBASISFUNCTS [&Type "Integer"] 0
   &NUMOFCABSBASISFUNCTS [&Type "Integer"] 0
   &TOTALENERGY [&Type "Double"]      -8.3611503644647189e+02  "Hartrees"
$End
$SCF_Dipole_Moment
   &GeometryIndex 1
   &ListStatus       OUT
   &METHOD [&Type "String"] "SCF"
   &LEVEL [&Type "String"] "Relaxed density"
   &MULT [&Type "Integer"] 1
   &STATE [&Type "Integer"] -1
   &IRREP [&Type "Integer"] 0
   &NATOMS [&Type "Integer"] 24
   &DODIPOLEATOM [&Type "Boolean"] false
   &DIPOLEELECCONTRIB [&Type "ArrayOfDoubles", &Dim (3,1)] "Electronic contribution"
                                                         0

0                                      1.1203920663685976e+00
1                                      4.7944583069848190e-01
2                                      1.4060545360718220e+00
   &DIPOLENUCCONTRIB [&Type "ArrayOfDoubles", &Dim (3,1)] "Nuclear contribution"
                                                         0

0                                     -3.1332415112539138e+00
1                                     -2.1879562169971933e+00
2                                     -3.0944608856152485e+00
   &DIPOLETOTAL [&Type "ArrayOfDoubles", &Dim (3,1)] "Total"
                                                         0

0                                     -2.0128494448853163e+00
1                                     -1.7085103862987114e+00
2                                     -1.6884063495434265e+00
   &DIPOLEMAGNITUDE [&Type "Double", &Units "a.u."]       3.1338932063879037e+00
$End
