*************************************************
******************* ORCA 6.0.1 ******************
*************************************************
$Calculation_Status
   &GeometryIndex 1
   &ListStatus       OUT
   &VERSION [&Type "String"] "6.0.1"
   &PROGNAME [&Type "String"] "LeanSCF"
   &STATUS [&Type "String"] "NORMAL TERMINATION"
$End
$Geometry
   &GeometryIndex 1
   &ListStatus       OUT
   &NATOMS [&Type "Integer"] 24
   &NCORELESSECP [&Type "Integer"] 0
   &NGHOSTATOMS [&Type "Integer"] 0
   &CartesianCoordinates [&Type "Coordinates", &Dim(24,4), &Units "Bohr"] 
              C     87.652900919746   44.987683798194  124.288666904101
              H     88.412880089917   43.103563175888  124.580935179618
              H     88.908087461484   46.609003167039  124.471214598545
              C     85.059179002019   45.403675602604  124.212460692763
              C     83.979002381687   48.107276925892  124.230238933200
              O     85.452495760228   49.894539561127  124.711760730244
              O     81.654611047129   48.338187473757  123.792253909782
              O     83.487983416651   43.593457777444  123.881561041282
              C     83.499808788375   42.621732245614  120.022343185463
              H     81.936090093196   41.292054541727  120.223367173999
              C     85.973481295163   41.781591585706  120.185407124701
              H     86.415110411595   39.909409716747  120.923487602814
              C     87.957164990411   43.489763393530  119.914063501134
              C     87.461660885296   45.964557474017  118.773493308597
              H     89.093646943161   47.174567982100  118.418829409550
              C     85.101405325336   46.712175220503  118.221517353538
              H     84.766879405414   48.563706216932  117.367760714066
              C     82.826888907963   45.061608837884  118.679333349852
              H     81.478405235171   46.109064589313  119.872107562694
              O     81.725009363724   44.405442402231  116.316960792653
              H     79.896270754407   44.922314966690  116.264028831851
              C     90.638977521407   42.421063854473  119.882045029143
              O     91.100372980686   40.494157649700  121.189875300379
              O     92.172697037714   43.510503420227  118.431845946951
$End
$SCF_Energy
   &GeometryIndex 1
   &ListStatus       OUT
   &SCF_ENERGY [&Type "Double"]      -8.3605915990106848e+02
$End
$DFT_Energy
   &GeometryIndex 1
   &ListStatus       OUT
   &NALPHAEL [&Type "Integer"] 59
   &NBETAEL [&Type "Integer"] 59
   &NTOTALEL [&Type "Integer"] 118
   &EEXCHANGE [&Type "Double"]      -8.3089210513360058e+01
   &ECORR [&Type "Double"]      -4.8434503965934663e+00
   &ECNL [&Type "Double"]       0.0000000000000000e+00
   &EXC [&Type "Double"]      -8.7932660909953526e+01
   &EEMBED [&Type "Double"]       0.0000000000000000e+00
   &FINALEN [&Type "Double"]      -8.3605915990106848e+02  "No Van der Waals correction"
$End
$Mulliken_Population_Analysis
   &GeometryIndex 1
   &ListStatus       OUT
   &NATOMS [&Type "Integer"] 24
   &ATNO [&Type "ArrayOfIntegers", &Dim (24,1)] 
                                                         0

0                                                        6
1                                                        1
2                                                        1
3                                                        6
4                                                        6
5                                                        8
6                                                        8
7                                                        8
8                                                        6
9                                                        1
10                                                       6
11                                                       1
12                                                       6
13                                                       6
14                                                       1
15                                                       6
16                                                       1
17                                                       6
18                                                       1
19                                                       8
20                                                       1
21                                                       6
22                                                       8
23                                                       8
   &ATOMICCHARGES [&Type "ArrayOfDoubles", &Dim (24,1)] 
                                                         0

0                                      7.5187593805045694e-02
1                                     -2.3984622680075285e-02
2                                     -2.4484817762234989e-02
3                                     -4.5449897436683706e-02
4                                      6.7890351536639137e-02
5                                     -4.0263317917917618e-01
6                                     -4.1928204872288610e-01
7                                     -3.2278006363530487e-01
8                                      8.2182942601617626e-02
9                                     -7.2496479366458866e-02
10                                     2.2279192185807872e-02
11                                    -5.9440659717043598e-02
12                                    -1.2466444429810686e-01
13                                     7.9068890302128381e-02
14                                    -5.6909770672227467e-02
15                                    -3.3062892162504909e-02
16                                    -7.6285107214848935e-02
17                                     2.6271678358469330e-01
18                                     2.5236812555731181e-03
19                                    -3.4910902443149183e-01
20                                     1.3846246019841324e-01
21                                     9.7761641983751701e-02
22                                    -4.1344499666412382e-01
23                                    -4.0404553351051753e-01
$End
$Loewdin_Population_Analysis
   &GeometryIndex 1
   &ListStatus       OUT
   &NATOMS [&Type "Integer"] 24
   &ATNO [&Type "ArrayOfIntegers", &Dim (24,1)] 
                                                         0

0                                                        6
1                                                        1
2                                                        1
3                                                        6
4                                                        6
5                                                        8
6                                                        8
7                                                        8
8                                                        6
9                                                        1
10                                                       6
11                                                       1
12                                                       6
13                                                       6
14                                                       1
15                                                       6
16                                                       1
17                                                       6
18                                                       1
19                                                       8
20                                                       1
21                                                       6
22                                                       8
23                                                       8
   &ATOMICCHARGES [&Type "ArrayOfDoubles", &Dim (24,1)] 
                                                         0

0                                     -6.0255292210091405e-02
1                                      6.6479338937769361e-03
2                                      7.1381965912893364e-03
3                                     -3.7714208443945019e-02
4                                     -7.1124887160703310e-02
5                                     -3.7424483035437106e-01
6                                     -3.8517557288406401e-01
7                                     -2.0174616213071950e-01
8                                      5.4157392236835911e-02
9                                     -7.5407822927209267e-04
10                                    -5.5189932967609323e-02
11                                     7.8805821269420928e-03
12                                    -1.4320110755482673e-02
13                                    -4.1920790995568780e-03
14                                     1.3734171793736594e-02
15                                    -5.7917266741408291e-02
16                                    -1.1328553734202274e-03
17                                     4.8155079419114344e-02
18                                     1.6024911475163606e-02
19                                    -1.7477702475378010e-01
20                                     7.1245054680247999e-02
21                                    -3.8227182177226204e-02
22                                    -3.7874798104450491e-01
23                                    -3.6946385789097569e-01
$End
$Mayer_Population_Analysis
   &GeometryIndex 1
   &ListStatus       OUT
   &NATOMS [&Type "Integer"] 24 "Total number of atoms"
   &BONDTHRESH [&Type "Double"]       1.0000000000000001e-01  "The threshold for printing"
   &NBONDORDERSPRINT [&Type "Integer"] 29 "The number of bond orders larger than threshold"
   &BONDORDERS [&Type "ArrayOfDoubles", &Dim (29,1)] "The bond orders"
                                                         0

0                                      8.9771995031305851e-01
1                                      9.1896344514062034e-01
2                                      1.4793958436902113e+00
3                                      1.1775359522017809e-01
4                                      3.2431680487119546e-01
5                                      8.1622814701386792e-01
6                                      1.5831058114291405e+00
7                                      1.8747593424027456e+00
8                                      1.7931581330423103e+00
9                                      1.2211551425768202e-01
10                                     1.1651073723496003e-01
11                                     3.3190930444906874e-01
12                                     9.3932235431466904e-01
13                                     1.4263946820617284e+00
14                                     9.9089437744178144e-01
15                                     9.5104927853929844e-01
16                                     1.3960568635268615e+00
17                                     1.0508962920334450e+00
18                                     8.3604335424822251e-01
19                                     9.7209853528581691e-01
20                                     1.7771809128295200e+00
21                                     9.5531467523528379e-01
22                                     9.7396098965208744e-01
23                                     8.6085427963820149e-01
24                                     9.8475720664466970e-01
25                                     9.7385110695658361e-01
26                                     1.8196304319030432e+00
27                                     1.8702537069426746e+00
28                                     1.1982878093503264e-01
   &COMPONENTS [&Type "ArrayOfIntegers", &Dim (29,4)] "The indices and atomic numbers of the bonding atoms"
                                                         0                           1                           2                           3

0                                                        0                           6                           1                           1
1                                                        0                           6                           2                           1
2                                                        0                           6                           3                           6
3                                                        0                           6                           8                           6
4                                                        0                           6                          12                           6
5                                                        3                           6                           4                           6
6                                                        3                           6                           7                           8
7                                                        4                           6                           5                           8
8                                                        4                           6                           6                           8
9                                                        5                           8                           6                           8
10                                                       6                           8                          18                           1
11                                                       7                           8                           8                           6
12                                                       8                           6                           9                           1
13                                                       8                           6                          10                           6
14                                                       8                           6                          17                           6
15                                                      10                           6                          11                           1
16                                                      10                           6                          12                           6
17                                                      12                           6                          13                           6
18                                                      12                           6                          21                           6
19                                                      13                           6                          14                           1
20                                                      13                           6                          15                           6
21                                                      15                           6                          16                           1
22                                                      15                           6                          17                           6
23                                                      17                           6                          18                           1
24                                                      17                           6                          19                           8
25                                                      19                           8                          20                           1
26                                                      21                           6                          22                           8
27                                                      21                           6                          23                           8
28                                                      22                           8                          23                           8
   &ATNO [&Type "ArrayOfIntegers", &Dim (24,1)] "Atomic number of the elements"
                                                         0

0                                                        6
1                                                        1
2                                                        1
3                                                        6
4                                                        6
5                                                        8
6                                                        8
7                                                        8
8                                                        6
9                                                        1
10                                                       6
11                                                       1
12                                                       6
13                                                       6
14                                                       1
15                                                       6
16                                                       1
17                                                       6
18                                                       1
19                                                       8
20                                                       1
21                                                       6
22                                                       8
23                                                       8
   &NA [&Type "ArrayOfDoubles", &Dim (24,1)] "Mulliken gross atomic population"
                                                         0

0                                      5.9248124061949596e+00
1                                      1.0239846226800744e+00
2                                      1.0244848177622337e+00
3                                      6.0454498974366970e+00
4                                      5.9321096484633760e+00
5                                      8.4026331791791833e+00
6                                      8.4192820487228772e+00
7                                      8.3227800636352800e+00
8                                      5.9178170573983691e+00
9                                      1.0724964793664575e+00
10                                     5.9777208078141886e+00
11                                     1.0594406597170425e+00
12                                     6.1246644442981264e+00
13                                     5.9209311096978752e+00
14                                     1.0569097706722261e+00
15                                     6.0330628921624898e+00
16                                     1.0762851072148485e+00
17                                     5.7372832164153218e+00
18                                     9.9747631874442788e-01
19                                     8.3491090244314936e+00
20                                     8.6153753980158609e-01
21                                     5.9022383580162545e+00
22                                     8.4134449966641256e+00
23                                     8.4040455335105246e+00
   &ZA [&Type "ArrayOfDoubles", &Dim (24,1)] "Total nuclear charge"
                                                         0

0                                      6.0000000000000000e+00
1                                      1.0000000000000000e+00
2                                      1.0000000000000000e+00
3                                      6.0000000000000000e+00
4                                      6.0000000000000000e+00
5                                      8.0000000000000000e+00
6                                      8.0000000000000000e+00
7                                      8.0000000000000000e+00
8                                      6.0000000000000000e+00
9                                      1.0000000000000000e+00
10                                     6.0000000000000000e+00
11                                     1.0000000000000000e+00
12                                     6.0000000000000000e+00
13                                     6.0000000000000000e+00
14                                     1.0000000000000000e+00
15                                     6.0000000000000000e+00
16                                     1.0000000000000000e+00
17                                     6.0000000000000000e+00
18                                     1.0000000000000000e+00
19                                     8.0000000000000000e+00
20                                     1.0000000000000000e+00
21                                     6.0000000000000000e+00
22                                     8.0000000000000000e+00
23                                     8.0000000000000000e+00
   &QA [&Type "ArrayOfDoubles", &Dim (24,1)] "Mulliken gross atomic charge"
                                                         0

0                                      7.5187593805040365e-02
1                                     -2.3984622680074397e-02
2                                     -2.4484817762233657e-02
3                                     -4.5449897436697029e-02
4                                      6.7890351536624038e-02
5                                     -4.0263317917918329e-01
6                                     -4.1928204872287722e-01
7                                     -3.2278006363528000e-01
8                                      8.2182942601630948e-02
9                                     -7.2496479366457534e-02
10                                     2.2279192185811425e-02
11                                    -5.9440659717042488e-02
12                                    -1.2466444429812640e-01
13                                     7.9068890302124828e-02
14                                    -5.6909770672226134e-02
15                                    -3.3062892162489810e-02
16                                    -7.6285107214848491e-02
17                                     2.6271678358467820e-01
18                                     2.5236812555721189e-03
19                                    -3.4910902443149361e-01
20                                     1.3846246019841391e-01
21                                     9.7761641983745484e-02
22                                    -4.1344499666412560e-01
23                                    -4.0404553351052463e-01
   &VA [&Type "ArrayOfDoubles", &Dim (24,1)] "Mayer's total valence"
                                                         0

0                                      3.8101270609612503e+00
1                                      1.0332950579609375e+00
2                                      1.0229570370501908e+00
3                                      4.0213303457117471e+00
4                                      4.4798002689235004e+00
5                                      2.0948752473431571e+00
6                                      2.0582545878801493e+00
7                                      2.1244574294718541e+00
8                                      3.9080385700881468e+00
9                                      9.9088779492266044e-01
10                                     3.9261895271625682e+00
11                                     1.0327878090645748e+00
12                                     3.7212215383754748e+00
13                                     3.9082281935774499e+00
14                                     1.0219071455638884e+00
15                                     3.8512597127421895e+00
16                                     9.8200649264012252e-01
17                                     3.8358075411289438e+00
18                                     1.0789237715129332e+00
19                                     2.0002523167378663e+00
20                                     1.0262590891043659e+00
21                                     4.5274168432581376e+00
22                                     2.0663543898234633e+00
23                                     2.0998006803907412e+00
   &BVA [&Type "ArrayOfDoubles", &Dim (24,1)] "Mayer's bonded valence"
                                                         0

0                                      3.8101270609612183e+00
1                                      1.0332950579609279e+00
2                                      1.0229570370501919e+00
3                                      4.0213303457116938e+00
4                                      4.4798002689234746e+00
5                                      2.0948752473431838e+00
6                                      2.0582545878802052e+00
7                                      2.1244574294718630e+00
8                                      3.9080385700882188e+00
9                                      9.9088779492266243e-01
10                                     3.9261895271626033e+00
11                                     1.0327878090645914e+00
12                                     3.7212215383754366e+00
13                                     3.9082281935774796e+00
14                                     1.0219071455639037e+00
15                                     3.8512597127422015e+00
16                                     9.8200649264010753e-01
17                                     3.8358075411288794e+00
18                                     1.0789237715129469e+00
19                                     2.0002523167378472e+00
20                                     1.0262590891043648e+00
21                                     4.5274168432581217e+00
22                                     2.0663543898234416e+00
23                                     2.0998006803907434e+00
   &FA [&Type "ArrayOfDoubles", &Dim (24,1)] "Mayer's free valence"
                                                         0

0                                      0.0000000000000000e+00
1                                      0.0000000000000000e+00
2                                      0.0000000000000000e+00
3                                      0.0000000000000000e+00
4                                      0.0000000000000000e+00
5                                      0.0000000000000000e+00
6                                      0.0000000000000000e+00
7                                      0.0000000000000000e+00
8                                      0.0000000000000000e+00
9                                      0.0000000000000000e+00
10                                     0.0000000000000000e+00
11                                     0.0000000000000000e+00
12                                     0.0000000000000000e+00
13                                     0.0000000000000000e+00
14                                     0.0000000000000000e+00
15                                     0.0000000000000000e+00
16                                     0.0000000000000000e+00
17                                     0.0000000000000000e+00
18                                     0.0000000000000000e+00
19                                     0.0000000000000000e+00
20                                     0.0000000000000000e+00
21                                     0.0000000000000000e+00
22                                     0.0000000000000000e+00
23                                     0.0000000000000000e+00
$End
$VdW_Correction
   &GeometryIndex 1
   &ListStatus       OUT
   &VDW [&Type "Double"]      -5.6341828351928372e-02
$End
$Calculation_Info
   &GeometryIndex 1
   &ListStatus       OUT
   &MULT [&Type "Integer"] 1
   &CHARGE [&Type "Integer"] -2
   &NUMOFATOMS [&Type "Integer"] 24
   &NUMOFELECTRONS [&Type "Integer"] 118
   &NUMOFFCELECTRONS [&Type "Integer"] 1
   &NUMOFCORRELECTRONS [&Type "Integer"] 0
   &NUMOFBASISFUNCTS [&Type "Integer"] 264
   &NUMOFAUXCBASISFUNCTS [&Type "Integer"] 0
   &NUMOFAUXJBASISFUNCTS [&Type "Integer"] 872
   &NUMOFAUXJKBASISFUNCTS [&Type "Integer"] 0
   &NUMOFCABSBASISFUNCTS [&Type "Integer"] 0
   &TOTALENERGY [&Type "Double"]      -8.3611550172942043e+02  "Hartrees"
$End
$SCF_Dipole_Moment
   &GeometryIndex 1
   &ListStatus       OUT
   &METHOD [&Type "String"] "SCF"
   &LEVEL [&Type "String"] "Relaxed density"
   &MULT [&Type "Integer"] 1
   &STATE [&Type "Integer"] -1
   &IRREP [&Type "Integer"] 0
   &NATOMS [&Type "Integer"] 24
   &DODIPOLEATOM [&Type "Boolean"] false
   &DIPOLEELECCONTRIB [&Type "ArrayOfDoubles", &Dim (3,1)] "Electronic contribution"
                                                         0

0                                      1.0633749696529786e+00
1                                     -2.9654653357482935e-01
2                                      1.5069465758476712e+00
   &DIPOLENUCCONTRIB [&Type "ArrayOfDoubles", &Dim (3,1)] "Nuclear contribution"
                                                         0

0                                     -3.3119504696398678e+00
1                                     -4.3141327275708363e-01
2                                     -3.1180977327771728e+00
   &DIPOLETOTAL [&Type "ArrayOfDoubles", &Dim (3,1)] "Total"
                                                         0

0                                     -2.2485754999868890e+00
1                                     -7.2795980633191304e-01
2                                     -1.6111511569295016e+00
   &DIPOLEMAGNITUDE [&Type "Double", &Units "a.u."]       2.8603890136223349e+00
$End
