*************************************************
******************* ORCA 6.0.1 ******************
*************************************************
$Calculation_Status
   &GeometryIndex 1
   &ListStatus       OUT
   &VERSION [&Type "String"] "6.0.1"
   &PROGNAME [&Type "String"] "LeanSCF"
   &STATUS [&Type "String"] "NORMAL TERMINATION"
$End
$Geometry
   &GeometryIndex 1
   &ListStatus       OUT
   &NATOMS [&Type "Integer"] 24
   &NCORELESSECP [&Type "Integer"] 0
   &NGHOSTATOMS [&Type "Integer"] 0
   &CartesianCoordinates [&Type "Coordinates", &Dim(24,4), &Units "Bohr"] 
              C     87.945964546561   44.627772378684  123.574861075512
              H     88.628155680907   43.012056534182  124.691689220660
              H     89.212081056288   46.256716306124  123.812966568386
              C     85.294678780670   45.249492276744  124.429017288045
              C     84.298793108093   48.000933527734  124.336420707483
              O     85.795456206159   49.677120608522  125.039398829301
              O     82.048129282593   48.282502721688  123.627773407262
              O     83.894391715434   43.558187386885  125.113098148524
              C     83.597704712408   42.416792801996  119.302190286716
              H     82.127497780218   40.974931761815  119.130225208530
              C     85.844589085641   41.859323592490  120.309414316096
              H     86.265998013505   39.969597458568  121.018061616317
              C     87.900611119347   43.790623701357  120.702477351952
              C     87.426289859733   46.118766298348  119.134004660797
              H     89.023108442896   47.401890343281  118.903458072459
              C     85.169956855831   46.685684138525  118.147567618891
              H     84.903505470948   48.454467799875  117.108218245234
              C     82.879608781518   45.005717605469  118.357327219756
              H     81.568138844577   45.876881353206  119.734937571384
              O     81.696640221684   44.809186087541  115.961154481944
              H     79.850377788842   45.217366932468  116.066979145443
              C     90.534889350033   42.528286643898  120.137449237910
              O     91.007320883514   40.493051597665  121.263726013727
              O     91.984309294751   43.633776432242  118.625668330773
$End
$SCF_Energy
   &GeometryIndex 1
   &ListStatus       OUT
   &SCF_ENERGY [&Type "Double"]      -8.3612421818323378e+02
$End
$DFT_Energy
   &GeometryIndex 1
   &ListStatus       OUT
   &NALPHAEL [&Type "Integer"] 59
   &NBETAEL [&Type "Integer"] 59
   &NTOTALEL [&Type "Integer"] 118
   &EEXCHANGE [&Type "Double"]      -8.3133596337463445e+01
   &ECORR [&Type "Double"]      -4.8458232850892626e+00
   &ECNL [&Type "Double"]       0.0000000000000000e+00
   &EXC [&Type "Double"]      -8.7979419622552712e+01
   &EEMBED [&Type "Double"]       0.0000000000000000e+00
   &FINALEN [&Type "Double"]      -8.3612421818323378e+02  "No Van der Waals correction"
$End
$Mulliken_Population_Analysis
   &GeometryIndex 1
   &ListStatus       OUT
   &NATOMS [&Type "Integer"] 24
   &ATNO [&Type "ArrayOfIntegers", &Dim (24,1)] 
                                                         0

0                                                        6
1                                                        1
2                                                        1
3                                                        6
4                                                        6
5                                                        8
6                                                        8
7                                                        8
8                                                        6
9                                                        1
10                                                       6
11                                                       1
12                                                       6
13                                                       6
14                                                       1
15                                                       6
16                                                       1
17                                                       6
18                                                       1
19                                                       8
20                                                       1
21                                                       6
22                                                       8
23                                                       8
   &ATOMICCHARGES [&Type "ArrayOfDoubles", &Dim (24,1)] 
                                                         0

0                                      2.2764518560200653e-01
1                                     -4.4566119409831462e-02
2                                     -3.2473486572271559e-02
3                                     -2.8944928570447281e-02
4                                      9.4339790013595604e-02
5                                     -4.0677439649294911e-01
6                                     -4.1107799935188893e-01
7                                     -2.7284012394291679e-01
8                                     -6.8443741590993312e-02
9                                     -9.8143306415587661e-02
10                                     6.4288956500481831e-02
11                                    -5.3750361484576459e-02
12                                    -2.1732915648697304e-01
13                                     7.9826509472740170e-02
14                                    -5.4194477522789164e-02
15                                    -6.8746527427048676e-02
16                                    -8.5341102640220878e-02
17                                     3.0573175336015179e-01
18                                     7.6255625024783669e-03
19                                    -3.5851628500256894e-01
20                                     1.3932739417227169e-01
21                                     9.8438426848614924e-02
22                                    -4.1993149015947395e-01
23                                    -3.9615007540170133e-01
$End
$Loewdin_Population_Analysis
   &GeometryIndex 1
   &ListStatus       OUT
   &NATOMS [&Type "Integer"] 24
   &ATNO [&Type "ArrayOfIntegers", &Dim (24,1)] 
                                                         0

0                                                        6
1                                                        1
2                                                        1
3                                                        6
4                                                        6
5                                                        8
6                                                        8
7                                                        8
8                                                        6
9                                                        1
10                                                       6
11                                                       1
12                                                       6
13                                                       6
14                                                       1
15                                                       6
16                                                       1
17                                                       6
18                                                       1
19                                                       8
20                                                       1
21                                                       6
22                                                       8
23                                                       8
   &ATOMICCHARGES [&Type "ArrayOfDoubles", &Dim (24,1)] 
                                                         0

0                                     -3.1975129710664518e-02
1                                      1.0588835814857589e-02
2                                      1.3520584628671006e-02
3                                      3.8465011497326174e-02
4                                     -7.5644160954133177e-02
5                                     -3.6019147504104509e-01
6                                     -3.6781271721215525e-01
7                                     -1.9674813294596660e-01
8                                     -7.4722718275668676e-02
9                                     -1.0242804238771219e-02
10                                     4.3011837607833669e-03
11                                     9.2319810451755302e-03
12                                    -7.9804196269147809e-02
13                                     7.0164841626922936e-03
14                                     1.1035529501258301e-02
15                                    -6.7472811309063019e-02
16                                    -4.0320157694218040e-03
17                                     4.8164518838873960e-02
18                                     1.2458663961992245e-02
19                                    -1.7947432625691384e-01
20                                     7.0956619725336845e-02
21                                    -2.3021754971894737e-02
22                                    -3.8269795469199686e-01
23                                    -3.7189921529000536e-01
$End
$Mayer_Population_Analysis
   &GeometryIndex 1
   &ListStatus       OUT
   &NATOMS [&Type "Integer"] 24 "Total number of atoms"
   &BONDTHRESH [&Type "Double"]       1.0000000000000001e-01  "The threshold for printing"
   &NBONDORDERSPRINT [&Type "Integer"] 27 "The number of bond orders larger than threshold"
   &BONDORDERS [&Type "ArrayOfDoubles", &Dim (27,1)] "The bond orders"
                                                         0

0                                      8.8152570275268094e-01
1                                      9.1242685989497940e-01
2                                      9.8135950097016056e-01
3                                      1.0012977928913767e+00
4                                      8.1937777730537831e-01
5                                      2.0482728343089898e+00
6                                      1.8360269893391750e+00
7                                      1.7932531476852769e+00
8                                      1.2927057383394031e-01
9                                      1.0287451558836448e-01
10                                     9.5207997475144635e-01
11                                     1.8675580933694855e+00
12                                     9.7064506329530709e-01
13                                     9.5935883266687649e-01
14                                     9.8784225457333930e-01
15                                     9.6543779598595980e-01
16                                     7.7241533771497584e-01
17                                     9.5782848675774124e-01
18                                     1.8787211567488202e+00
19                                     9.5246924495978258e-01
20                                     9.7469403560293855e-01
21                                     8.4959597270515197e-01
22                                     9.7497276314688786e-01
23                                     9.7681352921989539e-01
24                                     1.8238293697287205e+00
25                                     1.9134360530354193e+00
26                                     1.1489281516235667e-01
   &COMPONENTS [&Type "ArrayOfIntegers", &Dim (27,4)] "The indices and atomic numbers of the bonding atoms"
                                                         0                           1                           2                           3

0                                                        0                           6                           1                           1
1                                                        0                           6                           2                           1
2                                                        0                           6                           3                           6
3                                                        0                           6                          12                           6
4                                                        3                           6                           4                           6
5                                                        3                           6                           7                           8
6                                                        4                           6                           5                           8
7                                                        4                           6                           6                           8
8                                                        5                           8                           6                           8
9                                                        6                           8                          18                           1
10                                                       8                           6                           9                           1
11                                                       8                           6                          10                           6
12                                                       8                           6                          17                           6
13                                                      10                           6                          11                           1
14                                                      10                           6                          12                           6
15                                                      12                           6                          13                           6
16                                                      12                           6                          21                           6
17                                                      13                           6                          14                           1
18                                                      13                           6                          15                           6
19                                                      15                           6                          16                           1
20                                                      15                           6                          17                           6
21                                                      17                           6                          18                           1
22                                                      17                           6                          19                           8
23                                                      19                           8                          20                           1
24                                                      21                           6                          22                           8
25                                                      21                           6                          23                           8
26                                                      22                           8                          23                           8
   &ATNO [&Type "ArrayOfIntegers", &Dim (24,1)] "Atomic number of the elements"
                                                         0

0                                                        6
1                                                        1
2                                                        1
3                                                        6
4                                                        6
5                                                        8
6                                                        8
7                                                        8
8                                                        6
9                                                        1
10                                                       6
11                                                       1
12                                                       6
13                                                       6
14                                                       1
15                                                       6
16                                                       1
17                                                       6
18                                                       1
19                                                       8
20                                                       1
21                                                       6
22                                                       8
23                                                       8
   &NA [&Type "ArrayOfDoubles", &Dim (24,1)] "Mulliken gross atomic population"
                                                         0

0                                      5.7723548143979970e+00
1                                      1.0445661194098312e+00
2                                      1.0324734865722720e+00
3                                      6.0289449285704482e+00
4                                      5.9056602099864053e+00
5                                      8.4067743964929491e+00
6                                      8.4110779993518836e+00
7                                      8.2728401239429186e+00
8                                      6.0684437415909969e+00
9                                      1.0981433064155874e+00
10                                     5.9357110434995182e+00
11                                     1.0537503614845767e+00
12                                     6.2173291564869730e+00
13                                     5.9201734905272581e+00
14                                     1.0541944775227896e+00
15                                     6.0687465274270496e+00
16                                     1.0853411026402209e+00
17                                     5.6942682466398473e+00
18                                     9.9237443749752208e-01
19                                     8.3585162850025689e+00
20                                     8.6067260582772842e-01
21                                     5.9015615731513833e+00
22                                     8.4199314901594740e+00
23                                     8.3961500754016960e+00
   &ZA [&Type "ArrayOfDoubles", &Dim (24,1)] "Total nuclear charge"
                                                         0

0                                      6.0000000000000000e+00
1                                      1.0000000000000000e+00
2                                      1.0000000000000000e+00
3                                      6.0000000000000000e+00
4                                      6.0000000000000000e+00
5                                      8.0000000000000000e+00
6                                      8.0000000000000000e+00
7                                      8.0000000000000000e+00
8                                      6.0000000000000000e+00
9                                      1.0000000000000000e+00
10                                     6.0000000000000000e+00
11                                     1.0000000000000000e+00
12                                     6.0000000000000000e+00
13                                     6.0000000000000000e+00
14                                     1.0000000000000000e+00
15                                     6.0000000000000000e+00
16                                     1.0000000000000000e+00
17                                     6.0000000000000000e+00
18                                     1.0000000000000000e+00
19                                     8.0000000000000000e+00
20                                     1.0000000000000000e+00
21                                     6.0000000000000000e+00
22                                     8.0000000000000000e+00
23                                     8.0000000000000000e+00
   &QA [&Type "ArrayOfDoubles", &Dim (24,1)] "Mulliken gross atomic charge"
                                                         0

0                                      2.2764518560200298e-01
1                                     -4.4566119409831240e-02
2                                     -3.2473486572272003e-02
3                                     -2.8944928570448170e-02
4                                      9.4339790013594715e-02
5                                     -4.0677439649294911e-01
6                                     -4.1107799935188361e-01
7                                     -2.7284012394291857e-01
8                                     -6.8443741590996865e-02
9                                     -9.8143306415587439e-02
10                                     6.4288956500481831e-02
11                                    -5.3750361484576681e-02
12                                    -2.1732915648697304e-01
13                                     7.9826509472741947e-02
14                                    -5.4194477522789608e-02
15                                    -6.8746527427049564e-02
16                                    -8.5341102640220878e-02
17                                     3.0573175336015268e-01
18                                     7.6255625024779228e-03
19                                    -3.5851628500256894e-01
20                                     1.3932739417227158e-01
21                                     9.8438426848616700e-02
22                                    -4.1993149015947395e-01
23                                    -3.9615007540169600e-01
   &VA [&Type "ArrayOfDoubles", &Dim (24,1)] "Mayer's total valence"
                                                         0

0                                      3.7693047842316116e+00
1                                      1.0446883327295922e+00
2                                      1.0239285777452771e+00
3                                      3.9848661112011019e+00
4                                      4.4624946893124768e+00
5                                      2.0745905065684860e+00
6                                      2.0708477654859614e+00
7                                      2.1841686786208321e+00
8                                      3.9139559364464471e+00
9                                      9.8107033260106691e-01
10                                     3.9110679780638002e+00
11                                     1.0320046530413565e+00
12                                     3.7064165831279210e+00
13                                     3.9067972021620019e+00
14                                     1.0218816825865265e+00
15                                     3.9305750344210502e+00
16                                     9.8424205725053215e-01
17                                     3.7647735330657590e+00
18                                     1.0622157511720582e+00
19                                     1.9935071021920669e+00
20                                     1.0228711747635222e+00
21                                     4.5354295030689080e+00
22                                     2.0574861932290389e+00
23                                     2.1050725900480032e+00
   &BVA [&Type "ArrayOfDoubles", &Dim (24,1)] "Mayer's bonded valence"
                                                         0

0                                      3.7693047842315890e+00
1                                      1.0446883327295977e+00
2                                      1.0239285777452771e+00
3                                      3.9848661112011419e+00
4                                      4.4624946893124608e+00
5                                      2.0745905065684500e+00
6                                      2.0708477654860218e+00
7                                      2.1841686786208747e+00
8                                      3.9139559364463645e+00
9                                      9.8107033260106180e-01
10                                     3.9110679780636848e+00
11                                     1.0320046530413369e+00
12                                     3.7064165831279032e+00
13                                     3.9067972021619721e+00
14                                     1.0218816825865256e+00
15                                     3.9305750344210533e+00
16                                     9.8424205725053648e-01
17                                     3.7647735330657559e+00
18                                     1.0622157511720638e+00
19                                     1.9935071021920763e+00
20                                     1.0228711747635275e+00
21                                     4.5354295030688725e+00
22                                     2.0574861932290283e+00
23                                     2.1050725900480067e+00
   &FA [&Type "ArrayOfDoubles", &Dim (24,1)] "Mayer's free valence"
                                                         0

0                                      0.0000000000000000e+00
1                                      0.0000000000000000e+00
2                                      0.0000000000000000e+00
3                                      0.0000000000000000e+00
4                                      0.0000000000000000e+00
5                                      0.0000000000000000e+00
6                                      0.0000000000000000e+00
7                                      0.0000000000000000e+00
8                                      0.0000000000000000e+00
9                                      0.0000000000000000e+00
10                                     0.0000000000000000e+00
11                                     0.0000000000000000e+00
12                                     0.0000000000000000e+00
13                                     0.0000000000000000e+00
14                                     0.0000000000000000e+00
15                                     0.0000000000000000e+00
16                                     0.0000000000000000e+00
17                                     0.0000000000000000e+00
18                                     0.0000000000000000e+00
19                                     0.0000000000000000e+00
20                                     0.0000000000000000e+00
21                                     0.0000000000000000e+00
22                                     0.0000000000000000e+00
23                                     0.0000000000000000e+00
$End
$VdW_Correction
   &GeometryIndex 1
   &ListStatus       OUT
   &VDW [&Type "Double"]      -5.4272123515742829e-02
$End
$Calculation_Info
   &GeometryIndex 1
   &ListStatus       OUT
   &MULT [&Type "Integer"] 1
   &CHARGE [&Type "Integer"] -2
   &NUMOFATOMS [&Type "Integer"] 24
   &NUMOFELECTRONS [&Type "Integer"] 118
   &NUMOFFCELECTRONS [&Type "Integer"] 1
   &NUMOFCORRELECTRONS [&Type "Integer"] 0
   &NUMOFBASISFUNCTS [&Type "Integer"] 264
   &NUMOFAUXCBASISFUNCTS [&Type "Integer"] 0
   &NUMOFAUXJBASISFUNCTS [&Type "Integer"] 872
   &NUMOFAUXJKBASISFUNCTS [&Type "Integer"] 0
   &NUMOFCABSBASISFUNCTS [&Type "Integer"] 0
   &TOTALENERGY [&Type "Double"]      -8.3617849030674950e+02  "Hartrees"
$End
$SCF_Dipole_Moment
   &GeometryIndex 1
   &ListStatus       OUT
   &METHOD [&Type "String"] "SCF"
   &LEVEL [&Type "String"] "Relaxed density"
   &MULT [&Type "Integer"] 1
   &STATE [&Type "Integer"] -1
   &IRREP [&Type "Integer"] 0
   &NATOMS [&Type "Integer"] 24
   &DODIPOLEATOM [&Type "Boolean"] false
   &DIPOLEELECCONTRIB [&Type "ArrayOfDoubles", &Dim (3,1)] "Electronic contribution"
                                                         0

0                                      1.3306481151204734e+00
1                                      3.4496757561673597e-01
2                                      3.0931487035074015e+00
   &DIPOLENUCCONTRIB [&Type "ArrayOfDoubles", &Dim (3,1)] "Nuclear contribution"
                                                         0

0                                     -3.3830329634531893e+00
1                                     -6.8311030291064156e-01
2                                     -4.2789988524767608e+00
   &DIPOLETOTAL [&Type "ArrayOfDoubles", &Dim (3,1)] "Total"
                                                         0

0                                     -2.0523848483327161e+00
1                                     -3.3814272729390560e-01
2                                     -1.1858501489693594e+00
   &DIPOLEMAGNITUDE [&Type "Double", &Units "a.u."]       2.3943401273624678e+00
$End
