*************************************************
******************* ORCA 6.0.1 ******************
*************************************************
$Calculation_Status
   &GeometryIndex 1
   &ListStatus       OUT
   &VERSION [&Type "String"] "6.0.1"
   &PROGNAME [&Type "String"] "LeanSCF"
   &STATUS [&Type "String"] "NORMAL TERMINATION"
$End
$Geometry
   &GeometryIndex 1
   &ListStatus       OUT
   &NATOMS [&Type "Integer"] 24
   &NCORELESSECP [&Type "Integer"] 0
   &NGHOSTATOMS [&Type "Integer"] 0
   &CartesianCoordinates [&Type "Coordinates", &Dim(24,4), &Units "Bohr"] 
              C     90.794804075813   56.372144361746  118.329554115823
              H     92.164098334251   54.906254531790  117.897264725979
              H     91.426875454464   58.057802403337  119.305038400839
              C     88.257705314420   55.747874966023  118.177638298668
              C     86.192393106631   57.546390379883  119.153237631823
              O     86.848115037685   59.653565317575  120.046124043078
              O     83.956418420318   56.796243680750  118.998162449599
              O     87.588172857522   53.761904154849  116.959471112790
              C     87.904669373224   54.417487222602  113.126654230569
              H     87.427305486627   52.475453609031  112.638700534012
              C     90.416217890787   55.207133586299  113.112086767520
              H     91.966371382105   53.858424079107  112.925305660150
              C     91.010589507810   57.655464317497  113.905349203818
              C     88.993245674780   59.554945378914  113.897905134826
              H     89.535845093926   61.496868671514  114.314198026701
              C     86.583524638235   58.935018608043  113.385162584172
              H     85.117255421612   60.384790853281  113.370127275480
              C     85.736133640089   56.272733422251  112.866522966345
              H     84.304546442281   55.780949596388  114.295322012357
              O     84.695551729894   56.066883090066  110.396895009230
              H     82.932217533404   55.379643959297  110.517287628577
              C     93.771847058758   58.557141265660  113.969549125575
              O     95.509730915382   56.934526284525  113.912876593981
              O     94.154725784852   60.897561415380  114.057122428554
$End
$SCF_Energy
   &GeometryIndex 1
   &ListStatus       OUT
   &SCF_ENERGY [&Type "Double"]      -8.3605796495876245e+02
$End
$DFT_Energy
   &GeometryIndex 1
   &ListStatus       OUT
   &NALPHAEL [&Type "Integer"] 59
   &NBETAEL [&Type "Integer"] 59
   &NTOTALEL [&Type "Integer"] 118
   &EEXCHANGE [&Type "Double"]      -8.3088979045836865e+01
   &ECORR [&Type "Double"]      -4.8437958906894201e+00
   &ECNL [&Type "Double"]       0.0000000000000000e+00
   &EXC [&Type "Double"]      -8.7932774936526286e+01
   &EEMBED [&Type "Double"]       0.0000000000000000e+00
   &FINALEN [&Type "Double"]      -8.3605796495876245e+02  "No Van der Waals correction"
$End
$Mulliken_Population_Analysis
   &GeometryIndex 1
   &ListStatus       OUT
   &NATOMS [&Type "Integer"] 24
   &ATNO [&Type "ArrayOfIntegers", &Dim (24,1)] 
                                                         0

0                                                        6
1                                                        1
2                                                        1
3                                                        6
4                                                        6
5                                                        8
6                                                        8
7                                                        8
8                                                        6
9                                                        1
10                                                       6
11                                                       1
12                                                       6
13                                                       6
14                                                       1
15                                                       6
16                                                       1
17                                                       6
18                                                       1
19                                                       8
20                                                       1
21                                                       6
22                                                       8
23                                                       8
   &ATOMICCHARGES [&Type "ArrayOfDoubles", &Dim (24,1)] 
                                                         0

0                                      9.9632564106807209e-02
1                                     -3.7015249309453990e-02
2                                     -1.7448064011327924e-02
3                                     -4.9769382114569716e-02
4                                      7.1616590933242463e-02
5                                     -4.1050924005065603e-01
6                                     -4.1282405592374261e-01
7                                     -3.3004988371846622e-01
8                                      7.2018027412810603e-02
9                                     -7.8335834154373840e-02
10                                     1.8272752164772754e-02
11                                    -6.4601062580151858e-02
12                                    -1.2974344856610642e-01
13                                     7.7571056405363770e-02
14                                    -4.7566000689009069e-02
15                                    -2.6891106981718593e-02
16                                    -7.1206495283784532e-02
17                                     2.6616817550777938e-01
18                                    -5.9978242437841445e-04
19                                    -3.4611410985588975e-01
20                                     1.3971869639214740e-01
21                                     9.1908488536597943e-02
22                                    -4.1738114726813436e-01
23                                    -3.9685148852757557e-01
$End
$Loewdin_Population_Analysis
   &GeometryIndex 1
   &ListStatus       OUT
   &NATOMS [&Type "Integer"] 24
   &ATNO [&Type "ArrayOfIntegers", &Dim (24,1)] 
                                                         0

0                                                        6
1                                                        1
2                                                        1
3                                                        6
4                                                        6
5                                                        8
6                                                        8
7                                                        8
8                                                        6
9                                                        1
10                                                       6
11                                                       1
12                                                       6
13                                                       6
14                                                       1
15                                                       6
16                                                       1
17                                                       6
18                                                       1
19                                                       8
20                                                       1
21                                                       6
22                                                       8
23                                                       8
   &ATOMICCHARGES [&Type "ArrayOfDoubles", &Dim (24,1)] 
                                                         0

0                                     -4.8305304610093636e-02
1                                      3.4173945463548128e-03
2                                      1.1059702637919333e-02
3                                     -3.6183621709006353e-02
4                                     -7.2457504888356894e-02
5                                     -3.8134375396672127e-01
6                                     -3.7923639665316422e-01
7                                     -2.0579343841592213e-01
8                                      4.7068596631019588e-02
9                                     -3.8442575288883951e-03
10                                    -6.4925480387866941e-02
11                                     4.5569194160300919e-03
12                                    -4.7423326652689113e-03
13                                    -1.5617093887065892e-03
14                                     1.7203551140169138e-02
15                                    -4.5207627753900859e-02
16                                     1.3083478845655749e-03
17                                     4.4963728894261479e-02
18                                     1.5720764595545722e-02
19                                    -1.7594938234688762e-01
20                                     7.1455102117198965e-02
21                                    -3.9724138794707819e-02
22                                    -3.8718896264716207e-01
23                                    -3.7029019610615244e-01
$End
$Mayer_Population_Analysis
   &GeometryIndex 1
   &ListStatus       OUT
   &NATOMS [&Type "Integer"] 24 "Total number of atoms"
   &BONDTHRESH [&Type "Double"]       1.0000000000000001e-01  "The threshold for printing"
   &NBONDORDERSPRINT [&Type "Integer"] 28 "The number of bond orders larger than threshold"
   &BONDORDERS [&Type "ArrayOfDoubles", &Dim (28,1)] "The bond orders"
                                                         0

0                                      9.0417694604570853e-01
1                                      9.2516247696861242e-01
2                                      1.4690389130351500e+00
3                                      1.0354868306570186e-01
4                                      3.2382624557979506e-01
5                                      8.1669570016886883e-01
6                                      1.5684705116004312e+00
7                                      1.8704471388795867e+00
8                                      1.8176874918837762e+00
9                                      1.2263144374146551e-01
10                                     3.6083492894596164e-01
11                                     9.3419788565767181e-01
12                                     1.4267622206557351e+00
13                                     9.8625474908934718e-01
14                                     9.4806196691407685e-01
15                                     1.3731443662961891e+00
16                                     1.0708797148352989e+00
17                                     8.1726687565125844e-01
18                                     9.6803928330959876e-01
19                                     1.7694333479107414e+00
20                                     9.5198657583096413e-01
21                                     9.7870289511372255e-01
22                                     8.6913242589476458e-01
23                                     9.9589787873632141e-01
24                                     9.7713724188897177e-01
25                                     1.8540340871220697e+00
26                                     1.8810528545626399e+00
27                                     1.2123879028337493e-01
   &COMPONENTS [&Type "ArrayOfIntegers", &Dim (28,4)] "The indices and atomic numbers of the bonding atoms"
                                                         0                           1                           2                           3

0                                                        0                           6                           1                           1
1                                                        0                           6                           2                           1
2                                                        0                           6                           3                           6
3                                                        0                           6                           8                           6
4                                                        0                           6                          12                           6
5                                                        3                           6                           4                           6
6                                                        3                           6                           7                           8
7                                                        4                           6                           5                           8
8                                                        4                           6                           6                           8
9                                                        5                           8                           6                           8
10                                                       7                           8                           8                           6
11                                                       8                           6                           9                           1
12                                                       8                           6                          10                           6
13                                                       8                           6                          17                           6
14                                                      10                           6                          11                           1
15                                                      10                           6                          12                           6
16                                                      12                           6                          13                           6
17                                                      12                           6                          21                           6
18                                                      13                           6                          14                           1
19                                                      13                           6                          15                           6
20                                                      15                           6                          16                           1
21                                                      15                           6                          17                           6
22                                                      17                           6                          18                           1
23                                                      17                           6                          19                           8
24                                                      19                           8                          20                           1
25                                                      21                           6                          22                           8
26                                                      21                           6                          23                           8
27                                                      22                           8                          23                           8
   &ATNO [&Type "ArrayOfIntegers", &Dim (24,1)] "Atomic number of the elements"
                                                         0

0                                                        6
1                                                        1
2                                                        1
3                                                        6
4                                                        6
5                                                        8
6                                                        8
7                                                        8
8                                                        6
9                                                        1
10                                                       6
11                                                       1
12                                                       6
13                                                       6
14                                                       1
15                                                       6
16                                                       1
17                                                       6
18                                                       1
19                                                       8
20                                                       1
21                                                       6
22                                                       8
23                                                       8
   &NA [&Type "ArrayOfDoubles", &Dim (24,1)] "Mulliken gross atomic population"
                                                         0

0                                      5.9003674358931848e+00
1                                      1.0370152493094560e+00
2                                      1.0174480640113275e+00
3                                      6.0497693821145706e+00
4                                      5.9283834090667860e+00
5                                      8.4105092400506898e+00
6                                      8.4128240559237568e+00
7                                      8.3300498837184094e+00
8                                      5.9279819725871992e+00
9                                      1.0783358341543778e+00
10                                     5.9817272478352050e+00
11                                     1.0646010625801556e+00
12                                     6.1297434485661020e+00
13                                     5.9224289435946149e+00
14                                     1.0475660006890080e+00
15                                     6.0268911069817328e+00
16                                     1.0712064952837821e+00
17                                     5.7338318244922215e+00
18                                     1.0005997824243771e+00
19                                     8.3461141098559004e+00
20                                     8.6028130360785260e-01
21                                     5.9080915114633976e+00
22                                     8.4173811472681184e+00
23                                     8.3968514885275880e+00
   &ZA [&Type "ArrayOfDoubles", &Dim (24,1)] "Total nuclear charge"
                                                         0

0                                      6.0000000000000000e+00
1                                      1.0000000000000000e+00
2                                      1.0000000000000000e+00
3                                      6.0000000000000000e+00
4                                      6.0000000000000000e+00
5                                      8.0000000000000000e+00
6                                      8.0000000000000000e+00
7                                      8.0000000000000000e+00
8                                      6.0000000000000000e+00
9                                      1.0000000000000000e+00
10                                     6.0000000000000000e+00
11                                     1.0000000000000000e+00
12                                     6.0000000000000000e+00
13                                     6.0000000000000000e+00
14                                     1.0000000000000000e+00
15                                     6.0000000000000000e+00
16                                     1.0000000000000000e+00
17                                     6.0000000000000000e+00
18                                     1.0000000000000000e+00
19                                     8.0000000000000000e+00
20                                     1.0000000000000000e+00
21                                     6.0000000000000000e+00
22                                     8.0000000000000000e+00
23                                     8.0000000000000000e+00
   &QA [&Type "ArrayOfDoubles", &Dim (24,1)] "Mulliken gross atomic charge"
                                                         0

0                                      9.9632564106815202e-02
1                                     -3.7015249309455989e-02
2                                     -1.7448064011327480e-02
3                                     -4.9769382114570604e-02
4                                      7.1616590933214042e-02
5                                     -4.1050924005068978e-01
6                                     -4.1282405592375682e-01
7                                     -3.3004988371840938e-01
8                                      7.2018027412800834e-02
9                                     -7.8335834154377837e-02
10                                     1.8272752164794959e-02
11                                    -6.4601062580155633e-02
12                                    -1.2974344856610198e-01
13                                     7.7571056405385086e-02
14                                    -4.7566000689007959e-02
15                                    -2.6891106981732804e-02
16                                    -7.1206495283782090e-02
17                                     2.6616817550777849e-01
18                                    -5.9978242437708218e-04
19                                    -3.4611410985590041e-01
20                                     1.3971869639214740e-01
21                                     9.1908488536602384e-02
22                                    -4.1738114726811837e-01
23                                    -3.9685148852758800e-01
   &VA [&Type "ArrayOfDoubles", &Dim (24,1)] "Mayer's total valence"
                                                         0

0                                      3.8123957192618265e+00
1                                      1.0142312328702512e+00
2                                      1.0222585733908063e+00
3                                      4.0064923914968968e+00
4                                      4.4948217841882236e+00
5                                      2.0898151209699347e+00
6                                      2.0658466667226376e+00
7                                      2.1263245067986518e+00
8                                      3.9149688010782158e+00
9                                      9.9078301277637970e-01
10                                     3.8821439296330253e+00
11                                     1.0319404341419522e+00
12                                     3.6978510842327044e+00
13                                     3.9055681097773429e+00
14                                     1.0374838085351503e+00
15                                     3.8648791918439676e+00
16                                     9.8497596896550876e-01
17                                     3.8496632314762427e+00
18                                     1.0699873151480124e+00
19                                     2.0054527831681268e+00
20                                     1.0262292436832039e+00
21                                     4.5461490417740356e+00
22                                     2.0713112111202920e+00
23                                     2.1008896023437873e+00
   &BVA [&Type "ArrayOfDoubles", &Dim (24,1)] "Mayer's bonded valence"
                                                         0

0                                      3.8123957192618376e+00
1                                      1.0142312328702461e+00
2                                      1.0222585733908089e+00
3                                      4.0064923914968409e+00
4                                      4.4948217841881215e+00
5                                      2.0898151209698637e+00
6                                      2.0658466667225710e+00
7                                      2.1263245067987375e+00
8                                      3.9149688010781856e+00
9                                      9.9078301277635838e-01
10                                     3.8821439296330054e+00
11                                     1.0319404341419489e+00
12                                     3.6978510842326853e+00
13                                     3.9055681097773767e+00
14                                     1.0374838085351483e+00
15                                     3.8648791918439445e+00
16                                     9.8497596896552242e-01
17                                     3.8496632314762369e+00
18                                     1.0699873151480086e+00
19                                     2.0054527831680868e+00
20                                     1.0262292436831997e+00
21                                     4.5461490417740418e+00
22                                     2.0713112111202965e+00
23                                     2.1008896023436932e+00
   &FA [&Type "ArrayOfDoubles", &Dim (24,1)] "Mayer's free valence"
                                                         0

0                                      0.0000000000000000e+00
1                                      0.0000000000000000e+00
2                                      0.0000000000000000e+00
3                                      0.0000000000000000e+00
4                                      0.0000000000000000e+00
5                                      0.0000000000000000e+00
6                                      0.0000000000000000e+00
7                                      0.0000000000000000e+00
8                                      0.0000000000000000e+00
9                                      0.0000000000000000e+00
10                                     0.0000000000000000e+00
11                                     0.0000000000000000e+00
12                                     0.0000000000000000e+00
13                                     0.0000000000000000e+00
14                                     0.0000000000000000e+00
15                                     0.0000000000000000e+00
16                                     0.0000000000000000e+00
17                                     0.0000000000000000e+00
18                                     0.0000000000000000e+00
19                                     0.0000000000000000e+00
20                                     0.0000000000000000e+00
21                                     0.0000000000000000e+00
22                                     0.0000000000000000e+00
23                                     0.0000000000000000e+00
$End
$VdW_Correction
   &GeometryIndex 1
   &ListStatus       OUT
   &VDW [&Type "Double"]      -5.7088812073693651e-02
$End
$Calculation_Info
   &GeometryIndex 1
   &ListStatus       OUT
   &MULT [&Type "Integer"] 1
   &CHARGE [&Type "Integer"] -2
   &NUMOFATOMS [&Type "Integer"] 24
   &NUMOFELECTRONS [&Type "Integer"] 118
   &NUMOFFCELECTRONS [&Type "Integer"] 1
   &NUMOFCORRELECTRONS [&Type "Integer"] 0
   &NUMOFBASISFUNCTS [&Type "Integer"] 264
   &NUMOFAUXCBASISFUNCTS [&Type "Integer"] 0
   &NUMOFAUXJBASISFUNCTS [&Type "Integer"] 872
   &NUMOFAUXJKBASISFUNCTS [&Type "Integer"] 0
   &NUMOFCABSBASISFUNCTS [&Type "Integer"] 0
   &TOTALENERGY [&Type "Double"]      -8.3611505377083620e+02  "Hartrees"
$End
$SCF_Dipole_Moment
   &GeometryIndex 1
   &ListStatus       OUT
   &METHOD [&Type "String"] "SCF"
   &LEVEL [&Type "String"] "Relaxed density"
   &MULT [&Type "Integer"] 1
   &STATE [&Type "Integer"] -1
   &IRREP [&Type "Integer"] 0
   &NATOMS [&Type "Integer"] 24
   &DODIPOLEATOM [&Type "Boolean"] false
   &DIPOLEELECCONTRIB [&Type "ArrayOfDoubles", &Dim (3,1)] "Electronic contribution"
                                                         0

0                                      1.0952131666030280e+00
1                                      7.2251875121010334e-01
2                                      1.4435291403982298e+00
   &DIPOLENUCCONTRIB [&Type "ArrayOfDoubles", &Dim (3,1)] "Nuclear contribution"
                                                         0

0                                     -2.9878270405762350e+00
1                                     -2.3970229036392112e+00
2                                     -3.4689405367627018e+00
   &DIPOLETOTAL [&Type "ArrayOfDoubles", &Dim (3,1)] "Total"
                                                         0

0                                     -1.8926138739732070e+00
1                                     -1.6745041524291078e+00
2                                     -2.0254113963644720e+00
   &DIPOLEMAGNITUDE [&Type "Double", &Units "a.u."]       3.2385556590834246e+00
$End
