*************************************************
******************* ORCA 6.0.1 ******************
*************************************************
$Calculation_Status
   &GeometryIndex 1
   &ListStatus       OUT
   &VERSION [&Type "String"] "6.0.1"
   &PROGNAME [&Type "String"] "LeanSCF"
   &STATUS [&Type "String"] "NORMAL TERMINATION"
$End
$Geometry
   &GeometryIndex 1
   &ListStatus       OUT
   &NATOMS [&Type "Integer"] 24
   &NCORELESSECP [&Type "Integer"] 0
   &NGHOSTATOMS [&Type "Integer"] 0
   &CartesianCoordinates [&Type "Coordinates", &Dim(24,4), &Units "Bohr"] 
              C     87.169287105520   58.740247146808  112.803422112161
              H     88.499654303800   57.438225840536  113.729387917783
              H     87.337472731438   60.620524650060  113.627342706551
              C     84.518001339628   57.812391615053  113.273963919508
              C     82.303242310672   59.709676653510  113.769072166595
              O     82.839924532706   61.973568561947  114.252842056879
              O     80.131946982797   58.812056739897  113.665137229229
              O     84.055018436817   55.567396967954  113.247507753633
              C     85.236097270518   55.780936021088  107.523527293985
              H     84.873269852805   53.877981804229  106.822438898301
              C     87.392274789322   56.342184682862  108.715944484490
              H     88.856812543111   54.924890082421  109.035308201122
              C     87.853367965999   58.887645785254  109.891354139789
              C     86.177180885211   60.879417130407  108.714054758356
              H     86.772444617396   62.835283679016  108.974836964837
              C     84.034231449344   60.314389016365  107.500850580378
              H     82.822916997501   61.807272662162  106.743070400676
              C     83.121493726660   57.646095715268  107.100228639987
              H     81.615381997925   57.268150488484  108.517523240428
              O     82.102931340477   57.400431317858  104.636025761354
              H     80.436192890358   56.466906607701  104.751299055523
              C     90.725751689559   59.651095143358  109.827103451235
              O     92.369813426071   57.993805323909  110.182371964412
              O     91.196293496906   61.984906918751  109.600336315165
$End
$SCF_Energy
   &GeometryIndex 1
   &ListStatus       OUT
   &SCF_ENERGY [&Type "Double"]      -8.3612007392057262e+02
$End
$DFT_Energy
   &GeometryIndex 1
   &ListStatus       OUT
   &NALPHAEL [&Type "Integer"] 59
   &NBETAEL [&Type "Integer"] 59
   &NTOTALEL [&Type "Integer"] 118
   &EEXCHANGE [&Type "Double"]      -8.3127155492250722e+01
   &ECORR [&Type "Double"]      -4.8447254493391680e+00
   &ECNL [&Type "Double"]       0.0000000000000000e+00
   &EXC [&Type "Double"]      -8.7971880941589887e+01
   &EEMBED [&Type "Double"]       0.0000000000000000e+00
   &FINALEN [&Type "Double"]      -8.3612007392057262e+02  "No Van der Waals correction"
$End
$Mulliken_Population_Analysis
   &GeometryIndex 1
   &ListStatus       OUT
   &NATOMS [&Type "Integer"] 24
   &ATNO [&Type "ArrayOfIntegers", &Dim (24,1)] 
                                                         0

0                                                        6
1                                                        1
2                                                        1
3                                                        6
4                                                        6
5                                                        8
6                                                        8
7                                                        8
8                                                        6
9                                                        1
10                                                       6
11                                                       1
12                                                       6
13                                                       6
14                                                       1
15                                                       6
16                                                       1
17                                                       6
18                                                       1
19                                                       8
20                                                       1
21                                                       6
22                                                       8
23                                                       8
   &ATOMICCHARGES [&Type "ArrayOfDoubles", &Dim (24,1)] 
                                                         0

0                                      2.3351103472402546e-01
1                                     -4.7957346783004118e-02
2                                     -2.4825805792931366e-02
3                                     -6.2112003078376610e-02
4                                      6.1729918083068824e-02
5                                     -4.0203470014679255e-01
6                                     -3.9960641794772300e-01
7                                     -2.4673407795919644e-01
8                                     -6.9943666320431142e-02
9                                     -9.7673589541785955e-02
10                                     6.8948429617522677e-02
11                                    -5.6382010782857872e-02
12                                    -2.1613681356997994e-01
13                                     7.9646426274237569e-02
14                                    -3.6985234077663076e-02
15                                    -7.5718949675600555e-02
16                                    -7.8272000858678359e-02
17                                     2.9167764878183267e-01
18                                     1.1812716905932108e-02
19                                    -3.5632933813252166e-01
20                                     1.4692754567431932e-01
21                                     9.9466344030031628e-02
22                                    -4.0663742934870406e-01
23                                    -4.1637068007475264e-01
$End
$Loewdin_Population_Analysis
   &GeometryIndex 1
   &ListStatus       OUT
   &NATOMS [&Type "Integer"] 24
   &ATNO [&Type "ArrayOfIntegers", &Dim (24,1)] 
                                                         0

0                                                        6
1                                                        1
2                                                        1
3                                                        6
4                                                        6
5                                                        8
6                                                        8
7                                                        8
8                                                        6
9                                                        1
10                                                       6
11                                                       1
12                                                       6
13                                                       6
14                                                       1
15                                                       6
16                                                       1
17                                                       6
18                                                       1
19                                                       8
20                                                       1
21                                                       6
22                                                       8
23                                                       8
   &ATOMICCHARGES [&Type "ArrayOfDoubles", &Dim (24,1)] 
                                                         0

0                                     -3.0053879948446216e-02
1                                      1.0473702577873167e-02
2                                      1.7998022315284357e-02
3                                      3.1586725823879114e-02
4                                     -8.8438384555929339e-02
5                                     -3.7185453511772337e-01
6                                     -3.6444356096103725e-01
7                                     -1.8228605684499932e-01
8                                     -7.7617729105167399e-02
9                                     -1.1212464804437383e-02
10                                     2.5473681904539802e-03
11                                     7.8974970490253149e-03
12                                    -7.7714817562160476e-02
13                                     1.6623258620591663e-02
14                                     1.6471522285205431e-02
15                                    -7.6438434600660798e-02
16                                    -1.8320246510148408e-03
17                                     4.7044374758869800e-02
18                                     1.6385365479032354e-02
19                                    -1.8138426379154460e-01
20                                     7.9092428492575473e-02
21                                    -2.1176793548100648e-02
22                                    -3.7565857183628104e-01
23                                    -3.8600874826530962e-01
$End
$Mayer_Population_Analysis
   &GeometryIndex 1
   &ListStatus       OUT
   &NATOMS [&Type "Integer"] 24 "Total number of atoms"
   &BONDTHRESH [&Type "Double"]       1.0000000000000001e-01  "The threshold for printing"
   &NBONDORDERSPRINT [&Type "Integer"] 26 "The number of bond orders larger than threshold"
   &BONDORDERS [&Type "ArrayOfDoubles", &Dim (26,1)] "The bond orders"
                                                         0

0                                      8.9102146584532038e-01
1                                      8.9843651635292165e-01
2                                      9.6142706322435800e-01
3                                      1.0023465609833029e+00
4                                      7.9373757992713245e-01
5                                      2.0829529565957001e+00
6                                      1.8348640080175387e+00
7                                      1.8604580435045142e+00
8                                      1.3686963631385274e-01
9                                      9.5129961239550342e-01
10                                     1.8633381338765940e+00
11                                     9.7411001110432527e-01
12                                     9.5907540429818761e-01
13                                     9.7715087137129986e-01
14                                     9.7772504069106536e-01
15                                     7.7936378400242234e-01
16                                     9.5779168269378179e-01
17                                     1.8610599736714049e+00
18                                     9.5894967624436911e-01
19                                     9.8032829672042410e-01
20                                     8.6847914453499742e-01
21                                     9.8276579389017826e-01
22                                     9.7570186684702542e-01
23                                     1.8600482440450135e+00
24                                     1.8653029578852141e+00
25                                     1.1400497465525838e-01
   &COMPONENTS [&Type "ArrayOfIntegers", &Dim (26,4)] "The indices and atomic numbers of the bonding atoms"
                                                         0                           1                           2                           3

0                                                        0                           6                           1                           1
1                                                        0                           6                           2                           1
2                                                        0                           6                           3                           6
3                                                        0                           6                          12                           6
4                                                        3                           6                           4                           6
5                                                        3                           6                           7                           8
6                                                        4                           6                           5                           8
7                                                        4                           6                           6                           8
8                                                        5                           8                           6                           8
9                                                        8                           6                           9                           1
10                                                       8                           6                          10                           6
11                                                       8                           6                          17                           6
12                                                      10                           6                          11                           1
13                                                      10                           6                          12                           6
14                                                      12                           6                          13                           6
15                                                      12                           6                          21                           6
16                                                      13                           6                          14                           1
17                                                      13                           6                          15                           6
18                                                      15                           6                          16                           1
19                                                      15                           6                          17                           6
20                                                      17                           6                          18                           1
21                                                      17                           6                          19                           8
22                                                      19                           8                          20                           1
23                                                      21                           6                          22                           8
24                                                      21                           6                          23                           8
25                                                      22                           8                          23                           8
   &ATNO [&Type "ArrayOfIntegers", &Dim (24,1)] "Atomic number of the elements"
                                                         0

0                                                        6
1                                                        1
2                                                        1
3                                                        6
4                                                        6
5                                                        8
6                                                        8
7                                                        8
8                                                        6
9                                                        1
10                                                       6
11                                                       1
12                                                       6
13                                                       6
14                                                       1
15                                                       6
16                                                       1
17                                                       6
18                                                       1
19                                                       8
20                                                       1
21                                                       6
22                                                       8
23                                                       8
   &NA [&Type "ArrayOfDoubles", &Dim (24,1)] "Mulliken gross atomic population"
                                                         0

0                                      5.7664889652759701e+00
1                                      1.0479573467830043e+00
2                                      1.0248258057929318e+00
3                                      6.0621120030783819e+00
4                                      5.9382700819169338e+00
5                                      8.4020347001467908e+00
6                                      8.3996064179477230e+00
7                                      8.2467340779592000e+00
8                                      6.0699436663204258e+00
9                                      1.0976735895417857e+00
10                                     5.9310515703824764e+00
11                                     1.0563820107828579e+00
12                                     6.2161368135699817e+00
13                                     5.9203535737257598e+00
14                                     1.0369852340776633e+00
15                                     6.0757189496756014e+00
16                                     1.0782720008586786e+00
17                                     5.7083223512181673e+00
18                                     9.8818728309406789e-01
19                                     8.3563293381325199e+00
20                                     8.5307245432568068e-01
21                                     5.9005336559699701e+00
22                                     8.4066374293487041e+00
23                                     8.4163706800747473e+00
   &ZA [&Type "ArrayOfDoubles", &Dim (24,1)] "Total nuclear charge"
                                                         0

0                                      6.0000000000000000e+00
1                                      1.0000000000000000e+00
2                                      1.0000000000000000e+00
3                                      6.0000000000000000e+00
4                                      6.0000000000000000e+00
5                                      8.0000000000000000e+00
6                                      8.0000000000000000e+00
7                                      8.0000000000000000e+00
8                                      6.0000000000000000e+00
9                                      1.0000000000000000e+00
10                                     6.0000000000000000e+00
11                                     1.0000000000000000e+00
12                                     6.0000000000000000e+00
13                                     6.0000000000000000e+00
14                                     1.0000000000000000e+00
15                                     6.0000000000000000e+00
16                                     1.0000000000000000e+00
17                                     6.0000000000000000e+00
18                                     1.0000000000000000e+00
19                                     8.0000000000000000e+00
20                                     1.0000000000000000e+00
21                                     6.0000000000000000e+00
22                                     8.0000000000000000e+00
23                                     8.0000000000000000e+00
   &QA [&Type "ArrayOfDoubles", &Dim (24,1)] "Mulliken gross atomic charge"
                                                         0

0                                      2.3351103472402990e-01
1                                     -4.7957346783004340e-02
2                                     -2.4825805792931810e-02
3                                     -6.2112003078381939e-02
4                                      6.1729918083066160e-02
5                                     -4.0203470014679077e-01
6                                     -3.9960641794772300e-01
7                                     -2.4673407795919999e-01
8                                     -6.9943666320425812e-02
9                                     -9.7673589541785732e-02
10                                     6.8948429617523566e-02
11                                    -5.6382010782857872e-02
12                                    -2.1613681356998171e-01
13                                     7.9646426274240234e-02
14                                    -3.6985234077663298e-02
15                                    -7.5718949675601444e-02
16                                    -7.8272000858678581e-02
17                                     2.9167764878183267e-01
18                                     1.1812716905932108e-02
19                                    -3.5632933813251988e-01
20                                     1.4692754567431932e-01
21                                     9.9466344030029852e-02
22                                    -4.0663742934870406e-01
23                                    -4.1637068007474731e-01
   &VA [&Type "ArrayOfDoubles", &Dim (24,1)] "Mayer's total valence"
                                                         0

0                                      3.7400515317876537e+00
1                                      1.0240203814926141e+00
2                                      1.0491580061392756e+00
3                                      3.9588227094154171e+00
4                                      4.4896862551356094e+00
5                                      2.0834915413108228e+00
6                                      2.0775254446079847e+00
7                                      2.2006489676981071e+00
8                                      3.9028357461953482e+00
9                                      9.8225689869011645e-01
10                                     3.8816433826003460e+00
11                                     1.0335962037885844e+00
12                                     3.7338589531545132e+00
13                                     3.8886120331450038e+00
14                                     1.0444521668652411e+00
15                                     3.8926725400592019e+00
16                                     9.8700733656837503e-01
17                                     3.8046091835373841e+00
18                                     1.0252317667167035e+00
19                                     2.0008365098628449e+00
20                                     1.0179618202566632e+00
21                                     4.5332018503263001e+00
22                                     2.0763414669021292e+00
23                                     2.0784816527408867e+00
   &BVA [&Type "ArrayOfDoubles", &Dim (24,1)] "Mayer's bonded valence"
                                                         0

0                                      3.7400515317876639e+00
1                                      1.0240203814926112e+00
2                                      1.0491580061392838e+00
3                                      3.9588227094153985e+00
4                                      4.4896862551356120e+00
5                                      2.0834915413107833e+00
6                                      2.0775254446080087e+00
7                                      2.2006489676981289e+00
8                                      3.9028357461953500e+00
9                                      9.8225689869012389e-01
10                                     3.8816433826003576e+00
11                                     1.0335962037885853e+00
12                                     3.7338589531545132e+00
13                                     3.8886120331450122e+00
14                                     1.0444521668652498e+00
15                                     3.8926725400592121e+00
16                                     9.8700733656838502e-01
17                                     3.8046091835373930e+00
18                                     1.0252317667167057e+00
19                                     2.0008365098628182e+00
20                                     1.0179618202566585e+00
21                                     4.5332018503262939e+00
22                                     2.0763414669021660e+00
23                                     2.0784816527408818e+00
   &FA [&Type "ArrayOfDoubles", &Dim (24,1)] "Mayer's free valence"
                                                         0

0                                      0.0000000000000000e+00
1                                      0.0000000000000000e+00
2                                      0.0000000000000000e+00
3                                      0.0000000000000000e+00
4                                      0.0000000000000000e+00
5                                      0.0000000000000000e+00
6                                      0.0000000000000000e+00
7                                      0.0000000000000000e+00
8                                      0.0000000000000000e+00
9                                      0.0000000000000000e+00
10                                     0.0000000000000000e+00
11                                     0.0000000000000000e+00
12                                     0.0000000000000000e+00
13                                     0.0000000000000000e+00
14                                     0.0000000000000000e+00
15                                     0.0000000000000000e+00
16                                     0.0000000000000000e+00
17                                     0.0000000000000000e+00
18                                     0.0000000000000000e+00
19                                     0.0000000000000000e+00
20                                     0.0000000000000000e+00
21                                     0.0000000000000000e+00
22                                     0.0000000000000000e+00
23                                     0.0000000000000000e+00
$End
$VdW_Correction
   &GeometryIndex 1
   &ListStatus       OUT
   &VDW [&Type "Double"]      -5.3864177949576514e-02
$End
$Calculation_Info
   &GeometryIndex 1
   &ListStatus       OUT
   &MULT [&Type "Integer"] 1
   &CHARGE [&Type "Integer"] -2
   &NUMOFATOMS [&Type "Integer"] 24
   &NUMOFELECTRONS [&Type "Integer"] 118
   &NUMOFFCELECTRONS [&Type "Integer"] 1
   &NUMOFCORRELECTRONS [&Type "Integer"] 0
   &NUMOFBASISFUNCTS [&Type "Integer"] 264
   &NUMOFAUXCBASISFUNCTS [&Type "Integer"] 0
   &NUMOFAUXJBASISFUNCTS [&Type "Integer"] 872
   &NUMOFAUXJKBASISFUNCTS [&Type "Integer"] 0
   &NUMOFCABSBASISFUNCTS [&Type "Integer"] 0
   &TOTALENERGY [&Type "Double"]      -8.3617393809852217e+02  "Hartrees"
$End
$SCF_Dipole_Moment
   &GeometryIndex 1
   &ListStatus       OUT
   &METHOD [&Type "String"] "SCF"
   &LEVEL [&Type "String"] "Relaxed density"
   &MULT [&Type "Integer"] 1
   &STATE [&Type "Integer"] -1
   &IRREP [&Type "Integer"] 0
   &NATOMS [&Type "Integer"] 24
   &DODIPOLEATOM [&Type "Boolean"] false
   &DIPOLEELECCONTRIB [&Type "ArrayOfDoubles", &Dim (3,1)] "Electronic contribution"
                                                         0

0                                      6.8775675940715841e-01
1                                      6.2488674289797830e-01
2                                      3.2473354263262806e+00
   &DIPOLENUCCONTRIB [&Type "ArrayOfDoubles", &Dim (3,1)] "Nuclear contribution"
                                                         0

0                                     -2.0081777908562515e+00
1                                     -2.2474865417734193e+00
2                                     -5.0992147514359374e+00
   &DIPOLETOTAL [&Type "ArrayOfDoubles", &Dim (3,1)] "Total"
                                                         0

0                                     -1.3204210314490932e+00
1                                     -1.6225997988754410e+00
2                                     -1.8518793251096568e+00
   &DIPOLEMAGNITUDE [&Type "Double", &Units "a.u."]       2.7938859751915981e+00
$End
