*************************************************
******************* ORCA 6.0.1 ******************
*************************************************
$Calculation_Status
   &GeometryIndex 1
   &ListStatus       OUT
   &VERSION [&Type "String"] "6.0.1"
   &PROGNAME [&Type "String"] "LeanSCF"
   &STATUS [&Type "String"] "NORMAL TERMINATION"
$End
$Geometry
   &GeometryIndex 1
   &ListStatus       OUT
   &NATOMS [&Type "Integer"] 24
   &NCORELESSECP [&Type "Integer"] 0
   &NGHOSTATOMS [&Type "Integer"] 0
   &CartesianCoordinates [&Type "Coordinates", &Dim(24,4), &Units "Bohr"] 
              C     87.207081628198   58.804497835362  118.124890905284
              H     88.913504327129   57.748140926500  117.661908002473
              H     87.360149445046   60.499582177489  119.283293025377
              C     84.907284923216   58.124196427150  117.323647024501
              C     82.584811504627   59.675661583099  118.017176515650
              O     82.966536183679   61.828059649636  118.952590951941
              O     80.434303164224   58.759144408147  117.620334027527
              O     84.538788327101   55.975577812881  115.866668175248
              C     84.799570533582   56.238249745496  113.081211853848
              H     84.381941057986   54.333405802504  112.376344005895
              C     87.473533013081   56.990360746797  112.533191275011
              H     88.960747480477   55.569286694088  112.693817996394
              C     88.089583732739   59.445114994761  112.221386462914
              C     86.092143209184   61.363187020691  112.106113168744
              H     86.706304202709   63.332281652237  112.087215907405
              C     83.631719782819   60.737687670363  112.072098098334
              H     82.186079290369   62.207894602554  112.030524123387
              C     82.751107404412   58.029710120454  112.022965218852
              H     81.122163476971   57.842627233196  113.296640633115
              O     82.080254626870   57.319173094099  109.519078091406
              H     80.230212741761   57.013037460404  109.400025344969
              C     90.831576353059   60.320058194766  112.211937832244
              O     92.556896313329   58.706232076398  112.393351541100
              O     91.173616783299   62.678436409900  112.060759741530
$End
$SCF_Energy
   &GeometryIndex 1
   &ListStatus       OUT
   &SCF_ENERGY [&Type "Double"]      -8.3609150323686038e+02
$End
$DFT_Energy
   &GeometryIndex 1
   &ListStatus       OUT
   &NALPHAEL [&Type "Integer"] 59
   &NBETAEL [&Type "Integer"] 59
   &NTOTALEL [&Type "Integer"] 118
   &EEXCHANGE [&Type "Double"]      -8.3123977413838276e+01
   &ECORR [&Type "Double"]      -4.8461567976337747e+00
   &ECNL [&Type "Double"]       0.0000000000000000e+00
   &EXC [&Type "Double"]      -8.7970134211472043e+01
   &EEMBED [&Type "Double"]       0.0000000000000000e+00
   &FINALEN [&Type "Double"]      -8.3609150323686038e+02  "No Van der Waals correction"
$End
$Mulliken_Population_Analysis
   &GeometryIndex 1
   &ListStatus       OUT
   &NATOMS [&Type "Integer"] 24
   &ATNO [&Type "ArrayOfIntegers", &Dim (24,1)] 
                                                         0

0                                                        6
1                                                        1
2                                                        1
3                                                        6
4                                                        6
5                                                        8
6                                                        8
7                                                        8
8                                                        6
9                                                        1
10                                                       6
11                                                       1
12                                                       6
13                                                       6
14                                                       1
15                                                       6
16                                                       1
17                                                       6
18                                                       1
19                                                       8
20                                                       1
21                                                       6
22                                                       8
23                                                       8
   &ATOMICCHARGES [&Type "ArrayOfDoubles", &Dim (24,1)] 
                                                         0

0                                      1.5813112158006071e-02
1                                     -2.7344753165235769e-02
2                                     -2.7553258895413490e-02
3                                      4.0876206867910270e-03
4                                      8.9035771606888581e-02
5                                     -4.1027070997943582e-01
6                                     -4.1690993449287816e-01
7                                     -3.8062059520147962e-01
8                                      2.6104133390659179e-01
9                                     -8.3628492289601564e-02
10                                    -8.1964826607790364e-02
11                                    -6.3425544747952367e-02
12                                    -3.0512157900740355e-02
13                                     4.8480425799541038e-02
14                                    -5.4943386476077993e-02
15                                    -1.9063822215130699e-02
16                                    -6.9355947219734038e-02
17                                     2.0380268925517786e-01
18                                    -1.2394654531580063e-02
19                                    -3.3556041351937971e-01
20                                     1.4223825968209369e-01
21                                     7.2745237660212680e-02
22                                    -4.0999110122797333e-01
23                                    -4.1370485228496001e-01
$End
$Loewdin_Population_Analysis
   &GeometryIndex 1
   &ListStatus       OUT
   &NATOMS [&Type "Integer"] 24
   &ATNO [&Type "ArrayOfIntegers", &Dim (24,1)] 
                                                         0

0                                                        6
1                                                        1
2                                                        1
3                                                        6
4                                                        6
5                                                        8
6                                                        8
7                                                        8
8                                                        6
9                                                        1
10                                                       6
11                                                       1
12                                                       6
13                                                       6
14                                                       1
15                                                       6
16                                                       1
17                                                       6
18                                                       1
19                                                       8
20                                                       1
21                                                       6
22                                                       8
23                                                       8
   &ATOMICCHARGES [&Type "ArrayOfDoubles", &Dim (24,1)] 
                                                         0

0                                     -9.4109037431202580e-02
1                                      4.1100899894498388e-03
2                                      1.0971886746396042e-02
3                                     -6.9284978687198517e-03
4                                     -5.9335581187283104e-02
5                                     -3.8024281334016230e-01
6                                     -3.8322910718904524e-01
7                                     -1.6594442808503018e-01
8                                      8.6087414223503522e-02
9                                     -4.4032759710639358e-03
10                                    -5.0101051363011351e-02
11                                     1.8351043196560557e-03
12                                    -5.6082570232641515e-02
13                                    -5.5380054516005472e-03
14                                     1.3469321241253884e-02
15                                    -5.5820430993319015e-02
16                                    -1.1827431063049509e-04
17                                     4.2939504209652313e-02
18                                     9.2427145748922301e-03
19                                    -1.6882717380906875e-01
20                                     7.1006574850466131e-02
21                                    -4.2239940220556882e-02
22                                    -3.8418484655451479e-01
23                                    -3.8255757614753350e-01
$End
$Mayer_Population_Analysis
   &GeometryIndex 1
   &ListStatus       OUT
   &NATOMS [&Type "Integer"] 24 "Total number of atoms"
   &BONDTHRESH [&Type "Double"]       1.0000000000000001e-01  "The threshold for printing"
   &NBONDORDERSPRINT [&Type "Integer"] 27 "The number of bond orders larger than threshold"
   &BONDORDERS [&Type "ArrayOfDoubles", &Dim (27,1)] "The bond orders"
                                                         0

0                                      9.1510323876328337e-01
1                                      9.0232189674354402e-01
2                                      1.9653861513916422e+00
3                                      8.3266108062354194e-01
4                                      1.0379818618130752e+00
5                                      1.8785235166192247e+00
6                                      1.7857268447256271e+00
7                                      1.1870317298992436e-01
8                                      1.1603985773891537e-01
9                                      9.3930843419529364e-01
10                                     8.9200152317791626e-01
11                                     9.8062646671012554e-01
12                                     9.6891588023014186e-01
13                                     9.3818720181645243e-01
14                                     1.7677122452056993e+00
15                                     1.0985935861130718e+00
16                                     8.3413256327827312e-01
17                                     9.6174405306373134e-01
18                                     1.7672083930531448e+00
19                                     9.5280738189745917e-01
20                                     9.6357490921610367e-01
21                                     8.8587115605098277e-01
22                                     1.0219419143589266e+00
23                                     9.8041303042219607e-01
24                                     1.8888012289388838e+00
25                                     1.8525741989312903e+00
26                                     1.2449264764517842e-01
   &COMPONENTS [&Type "ArrayOfIntegers", &Dim (27,4)] "The indices and atomic numbers of the bonding atoms"
                                                         0                           1                           2                           3

0                                                        0                           6                           1                           1
1                                                        0                           6                           2                           1
2                                                        0                           6                           3                           6
3                                                        3                           6                           4                           6
4                                                        3                           6                           7                           8
5                                                        4                           6                           5                           8
6                                                        4                           6                           6                           8
7                                                        5                           8                           6                           8
8                                                        6                           8                          18                           1
9                                                        7                           8                           8                           6
10                                                       8                           6                           9                           1
11                                                       8                           6                          10                           6
12                                                       8                           6                          17                           6
13                                                      10                           6                          11                           1
14                                                      10                           6                          12                           6
15                                                      12                           6                          13                           6
16                                                      12                           6                          21                           6
17                                                      13                           6                          14                           1
18                                                      13                           6                          15                           6
19                                                      15                           6                          16                           1
20                                                      15                           6                          17                           6
21                                                      17                           6                          18                           1
22                                                      17                           6                          19                           8
23                                                      19                           8                          20                           1
24                                                      21                           6                          22                           8
25                                                      21                           6                          23                           8
26                                                      22                           8                          23                           8
   &ATNO [&Type "ArrayOfIntegers", &Dim (24,1)] "Atomic number of the elements"
                                                         0

0                                                        6
1                                                        1
2                                                        1
3                                                        6
4                                                        6
5                                                        8
6                                                        8
7                                                        8
8                                                        6
9                                                        1
10                                                       6
11                                                       1
12                                                       6
13                                                       6
14                                                       1
15                                                       6
16                                                       1
17                                                       6
18                                                       1
19                                                       8
20                                                       1
21                                                       6
22                                                       8
23                                                       8
   &NA [&Type "ArrayOfDoubles", &Dim (24,1)] "Mulliken gross atomic population"
                                                         0

0                                      5.9841868878419984e+00
1                                      1.0273447531652347e+00
2                                      1.0275532588954128e+00
3                                      5.9959123793132107e+00
4                                      5.9109642283931105e+00
5                                      8.4102707099794305e+00
6                                      8.4169099344928764e+00
7                                      8.3806205952014778e+00
8                                      5.7389586660934055e+00
9                                      1.0836284922896022e+00
10                                     6.0819648266077904e+00
11                                     1.0634255447479521e+00
12                                     6.0305121579007377e+00
13                                     5.9515195742004643e+00
14                                     1.0549433864760784e+00
15                                     6.0190638222151298e+00
16                                     1.0693559472197343e+00
17                                     5.7961973107448248e+00
18                                     1.0123946545315796e+00
19                                     8.3355604135193833e+00
20                                     8.5776174031790642e-01
21                                     5.9272547623397891e+00
22                                     8.4099911012279716e+00
23                                     8.4137048522849600e+00
   &ZA [&Type "ArrayOfDoubles", &Dim (24,1)] "Total nuclear charge"
                                                         0

0                                      6.0000000000000000e+00
1                                      1.0000000000000000e+00
2                                      1.0000000000000000e+00
3                                      6.0000000000000000e+00
4                                      6.0000000000000000e+00
5                                      8.0000000000000000e+00
6                                      8.0000000000000000e+00
7                                      8.0000000000000000e+00
8                                      6.0000000000000000e+00
9                                      1.0000000000000000e+00
10                                     6.0000000000000000e+00
11                                     1.0000000000000000e+00
12                                     6.0000000000000000e+00
13                                     6.0000000000000000e+00
14                                     1.0000000000000000e+00
15                                     6.0000000000000000e+00
16                                     1.0000000000000000e+00
17                                     6.0000000000000000e+00
18                                     1.0000000000000000e+00
19                                     8.0000000000000000e+00
20                                     1.0000000000000000e+00
21                                     6.0000000000000000e+00
22                                     8.0000000000000000e+00
23                                     8.0000000000000000e+00
   &QA [&Type "ArrayOfDoubles", &Dim (24,1)] "Mulliken gross atomic charge"
                                                         0

0                                      1.5813112158001630e-02
1                                     -2.7344753165234659e-02
2                                     -2.7553258895412824e-02
3                                      4.0876206867892506e-03
4                                      8.9035771606889469e-02
5                                     -4.1027070997943049e-01
6                                     -4.1690993449287639e-01
7                                     -3.8062059520147784e-01
8                                      2.6104133390659445e-01
9                                     -8.3628492289602230e-02
10                                    -8.1964826607790364e-02
11                                    -6.3425544747952145e-02
12                                    -3.0512157900737691e-02
13                                     4.8480425799535709e-02
14                                    -5.4943386476078437e-02
15                                    -1.9063822215129811e-02
16                                    -6.9355947219734260e-02
17                                     2.0380268925517520e-01
18                                    -1.2394654531579619e-02
19                                    -3.3556041351938326e-01
20                                     1.4223825968209358e-01
21                                     7.2745237660210904e-02
22                                    -4.0999110122797155e-01
23                                    -4.1370485228496001e-01
   &VA [&Type "ArrayOfDoubles", &Dim (24,1)] "Mayer's total valence"
                                                         0

0                                      3.8848114857835210e+00
1                                      9.9297488353761809e-01
2                                      1.0262644472336691e+00
3                                      3.9440121272513200e+00
4                                      4.4994908026248703e+00
5                                      2.0890065910559428e+00
6                                      2.0563920062038408e+00
7                                      2.0816598182986032e+00
8                                      3.8436415022216663e+00
9                                      9.9551378377721189e-01
10                                     3.8659809428392524e+00
11                                     1.0314363378357434e+00
12                                     3.7141798918397417e+00
13                                     3.9164645394365332e+00
14                                     1.0382464503997577e+00
15                                     3.8109982033529048e+00
16                                     9.8093064341043801e-01
17                                     3.8760584571511911e+00
18                                     1.0816610038108734e+00
19                                     2.0236985573096637e+00
20                                     1.0226779946454458e+00
21                                     4.5614824678059982e+00
22                                     2.0872370025399198e+00
23                                     2.0825585760004457e+00
   &BVA [&Type "ArrayOfDoubles", &Dim (24,1)] "Mayer's bonded valence"
                                                         0

0                                      3.8848114857834579e+00
1                                      9.9297488353761088e-01
2                                      1.0262644472336655e+00
3                                      3.9440121272513204e+00
4                                      4.4994908026248845e+00
5                                      2.0890065910559912e+00
6                                      2.0563920062039127e+00
7                                      2.0816598182985810e+00
8                                      3.8436415022216881e+00
9                                      9.9551378377721467e-01
10                                     3.8659809428392675e+00
11                                     1.0314363378357445e+00
12                                     3.7141798918396960e+00
13                                     3.9164645394364799e+00
14                                     1.0382464503997531e+00
15                                     3.8109982033529581e+00
16                                     9.8093064341044078e-01
17                                     3.8760584571511973e+00
18                                     1.0816610038108780e+00
19                                     2.0236985573096753e+00
20                                     1.0226779946454414e+00
21                                     4.5614824678060195e+00
22                                     2.0872370025399789e+00
23                                     2.0825585760004444e+00
   &FA [&Type "ArrayOfDoubles", &Dim (24,1)] "Mayer's free valence"
                                                         0

0                                      0.0000000000000000e+00
1                                      0.0000000000000000e+00
2                                      0.0000000000000000e+00
3                                      0.0000000000000000e+00
4                                      0.0000000000000000e+00
5                                      0.0000000000000000e+00
6                                      0.0000000000000000e+00
7                                      0.0000000000000000e+00
8                                      0.0000000000000000e+00
9                                      0.0000000000000000e+00
10                                     0.0000000000000000e+00
11                                     0.0000000000000000e+00
12                                     0.0000000000000000e+00
13                                     0.0000000000000000e+00
14                                     0.0000000000000000e+00
15                                     0.0000000000000000e+00
16                                     0.0000000000000000e+00
17                                     0.0000000000000000e+00
18                                     0.0000000000000000e+00
19                                     0.0000000000000000e+00
20                                     0.0000000000000000e+00
21                                     0.0000000000000000e+00
22                                     0.0000000000000000e+00
23                                     0.0000000000000000e+00
$End
$VdW_Correction
   &GeometryIndex 1
   &ListStatus       OUT
   &VDW [&Type "Double"]      -5.3173672470485267e-02
$End
$Calculation_Info
   &GeometryIndex 1
   &ListStatus       OUT
   &MULT [&Type "Integer"] 1
   &CHARGE [&Type "Integer"] -2
   &NUMOFATOMS [&Type "Integer"] 24
   &NUMOFELECTRONS [&Type "Integer"] 118
   &NUMOFFCELECTRONS [&Type "Integer"] 1
   &NUMOFCORRELECTRONS [&Type "Integer"] 0
   &NUMOFBASISFUNCTS [&Type "Integer"] 264
   &NUMOFAUXCBASISFUNCTS [&Type "Integer"] 0
   &NUMOFAUXJBASISFUNCTS [&Type "Integer"] 872
   &NUMOFAUXJKBASISFUNCTS [&Type "Integer"] 0
   &NUMOFCABSBASISFUNCTS [&Type "Integer"] 0
   &TOTALENERGY [&Type "Double"]      -8.3614467690933088e+02  "Hartrees"
$End
$SCF_Dipole_Moment
   &GeometryIndex 1
   &ListStatus       OUT
   &METHOD [&Type "String"] "SCF"
   &LEVEL [&Type "String"] "Relaxed density"
   &MULT [&Type "Integer"] 1
   &STATE [&Type "Integer"] -1
   &IRREP [&Type "Integer"] 0
   &NATOMS [&Type "Integer"] 24
   &DODIPOLEATOM [&Type "Boolean"] false
   &DIPOLEELECCONTRIB [&Type "ArrayOfDoubles", &Dim (3,1)] "Electronic contribution"
                                                         0

0                                      8.8432859401031594e-01
1                                      1.6244035732669290e-02
2                                      4.1792448050224018e-01
   &DIPOLENUCCONTRIB [&Type "ArrayOfDoubles", &Dim (3,1)] "Nuclear contribution"
                                                         0

0                                     -2.9146517872767674e+00
1                                     -1.9472009595928697e+00
2                                     -2.1282974661029925e+00
   &DIPOLETOTAL [&Type "ArrayOfDoubles", &Dim (3,1)] "Total"
                                                         0

0                                     -2.0303231932664514e+00
1                                     -1.9309569238602005e+00
2                                     -1.7103729856007523e+00
   &DIPOLEMAGNITUDE [&Type "Double", &Units "a.u."]       3.2827096522221026e+00
$End
