*************************************************
******************* ORCA 6.0.1 ******************
*************************************************
$Calculation_Status
   &GeometryIndex 1
   &ListStatus       OUT
   &VERSION [&Type "String"] "6.0.1"
   &PROGNAME [&Type "String"] "LeanSCF"
   &STATUS [&Type "String"] "NORMAL TERMINATION"
$End
$Geometry
   &GeometryIndex 1
   &ListStatus       OUT
   &NATOMS [&Type "Integer"] 24
   &NCORELESSECP [&Type "Integer"] 0
   &NGHOSTATOMS [&Type "Integer"] 0
   &CartesianCoordinates [&Type "Coordinates", &Dim(24,4), &Units "Bohr"] 
              C     86.926625811254   58.536607159683  113.838264229071
              H     88.396897101184   57.105228849499  113.974231734670
              H     87.239017380797   60.366599531379  114.701380405662
              C     84.439416777633   57.853310913764  113.323874841095
              C     82.271703595499   59.772675354810  113.682305648002
              O     82.791143979500   61.993092545660  114.378550658551
              O     80.081356065789   58.980480936140  113.290011308249
              O     83.904674640251   55.722667360837  112.348736833818
              C     84.915926242465   55.767572431071  108.410694210566
              H     84.391995514550   53.795322201574  108.117481641904
              C     87.410805809034   56.394156376549  108.874142373803
              H     88.832263498740   54.942621990581  109.218975452889
              C     88.045180947981   58.908681324280  109.410859975240
              C     86.250639683195   60.899532986030  108.698009297640
              H     86.907106386667   62.843613579117  108.881482095685
              C     83.936471800699   60.353401393345  107.809602149339
              H     82.648666405812   61.862645853707  107.233610734560
              C     82.976411925080   57.692688095100  107.546471603994
              H     81.302137159395   57.498855807086  108.776952393153
              O     82.308259664172   57.222136489263  104.987086653060
              H     80.605778989700   56.338025789914  104.963374821607
              C     90.826958464068   59.641877678634  109.762968870155
              O     92.444001089874   57.970351488413  110.184649670370
              O     91.312720023037   61.980055343089  109.599735169926
$End
$SCF_Energy
   &GeometryIndex 1
   &ListStatus       OUT
   &SCF_ENERGY [&Type "Double"]      -8.3605900348495891e+02
$End
$DFT_Energy
   &GeometryIndex 1
   &ListStatus       OUT
   &NALPHAEL [&Type "Integer"] 59
   &NBETAEL [&Type "Integer"] 59
   &NTOTALEL [&Type "Integer"] 118
   &EEXCHANGE [&Type "Double"]      -8.3081646526958451e+01
   &ECORR [&Type "Double"]      -4.8423924556422921e+00
   &ECNL [&Type "Double"]       0.0000000000000000e+00
   &EXC [&Type "Double"]      -8.7924038982600749e+01
   &EEMBED [&Type "Double"]       0.0000000000000000e+00
   &FINALEN [&Type "Double"]      -8.3605900348495891e+02  "No Van der Waals correction"
$End
$Mulliken_Population_Analysis
   &GeometryIndex 1
   &ListStatus       OUT
   &NATOMS [&Type "Integer"] 24
   &ATNO [&Type "ArrayOfIntegers", &Dim (24,1)] 
                                                         0

0                                                        6
1                                                        1
2                                                        1
3                                                        6
4                                                        6
5                                                        8
6                                                        8
7                                                        8
8                                                        6
9                                                        1
10                                                       6
11                                                       1
12                                                       6
13                                                       6
14                                                       1
15                                                       6
16                                                       1
17                                                       6
18                                                       1
19                                                       8
20                                                       1
21                                                       6
22                                                       8
23                                                       8
   &ATOMICCHARGES [&Type "ArrayOfDoubles", &Dim (24,1)] 
                                                         0

0                                      9.0427598580618884e-02
1                                     -3.3296586661681893e-02
2                                     -1.7135421640717796e-02
3                                     -4.9064061889710686e-02
4                                      7.0891502873208445e-02
5                                     -4.1196444228810591e-01
6                                     -4.1253151570126967e-01
7                                     -3.1895384140593208e-01
8                                      5.7484824464921758e-02
9                                     -7.8939201403569026e-02
10                                     2.8734474764888773e-02
11                                    -6.4424731599431739e-02
12                                    -1.3807807230854152e-01
13                                     8.1051919152891116e-02
14                                    -4.5329648298895409e-02
15                                    -3.5707477961866019e-02
16                                    -7.0668382219733594e-02
17                                     2.7231494483049090e-01
18                                     4.1781185608739113e-03
19                                    -3.5088074029932770e-01
20                                     1.4302021089323991e-01
21                                     9.6520511941188047e-02
22                                    -4.0495444588417762e-01
23                                    -4.1269553649927104e-01
$End
$Loewdin_Population_Analysis
   &GeometryIndex 1
   &ListStatus       OUT
   &NATOMS [&Type "Integer"] 24
   &ATNO [&Type "ArrayOfIntegers", &Dim (24,1)] 
                                                         0

0                                                        6
1                                                        1
2                                                        1
3                                                        6
4                                                        6
5                                                        8
6                                                        8
7                                                        8
8                                                        6
9                                                        1
10                                                       6
11                                                       1
12                                                       6
13                                                       6
14                                                       1
15                                                       6
16                                                       1
17                                                       6
18                                                       1
19                                                       8
20                                                       1
21                                                       6
22                                                       8
23                                                       8
   &ATOMICCHARGES [&Type "ArrayOfDoubles", &Dim (24,1)] 
                                                         0

0                                     -4.9817314611724228e-02
1                                      4.3343378553478695e-03
2                                      1.0412455823217481e-02
3                                     -3.2713378088172540e-02
4                                     -7.2953379547195496e-02
5                                     -3.8263502236350710e-01
6                                     -3.7765534020939029e-01
7                                     -2.0564992039874674e-01
8                                      3.5491016442582790e-02
9                                     -3.7076358612866400e-03
10                                    -5.6307614632592262e-02
11                                     5.8628653240915263e-03
12                                    -6.5393474168375931e-03
13                                     6.8005154541417312e-05
14                                     1.7398579358005040e-02
15                                    -5.0015571932985559e-02
16                                     1.7163967080877640e-03
17                                     4.4539457470691879e-02
18                                     1.7582323015256751e-02
19                                    -1.8019655749547248e-01
20                                     7.6875245092464795e-02
21                                    -3.7894470960161186e-02
22                                    -3.7693331617064452e-01
23                                    -3.8126181255551117e-01
$End
$Mayer_Population_Analysis
   &GeometryIndex 1
   &ListStatus       OUT
   &NATOMS [&Type "Integer"] 24 "Total number of atoms"
   &BONDTHRESH [&Type "Double"]       1.0000000000000001e-01  "The threshold for printing"
   &NBONDORDERSPRINT [&Type "Integer"] 28 "The number of bond orders larger than threshold"
   &BONDORDERS [&Type "ArrayOfDoubles", &Dim (28,1)] "The bond orders"
                                                         0

0                                      9.0960078964579383e-01
1                                      9.1642825303581243e-01
2                                      1.4165020283520908e+00
3                                      1.1373475603922147e-01
4                                      3.6773087615889438e-01
5                                      8.1204831485347984e-01
6                                      1.6469945802638268e+00
7                                      1.8581064859837120e+00
8                                      1.8187282064659032e+00
9                                      1.2366990941547006e-01
10                                     2.8546167482182094e-01
11                                     9.3909671085556479e-01
12                                     1.4823552367574087e+00
13                                     9.8325553226192841e-01
14                                     9.5443801330158684e-01
15                                     1.3195583569509346e+00
16                                     1.0693327479031269e+00
17                                     8.2310892759467891e-01
18                                     9.6768160553007876e-01
19                                     1.7671528990611904e+00
20                                     9.5636227659665152e-01
21                                     9.8224779805128704e-01
22                                     8.6520479800445749e-01
23                                     9.8813625762985968e-01
24                                     9.7413066885036470e-01
25                                     1.8666859933158413e+00
26                                     1.8569703249835661e+00
27                                     1.2226614893289091e-01
   &COMPONENTS [&Type "ArrayOfIntegers", &Dim (28,4)] "The indices and atomic numbers of the bonding atoms"
                                                         0                           1                           2                           3

0                                                        0                           6                           1                           1
1                                                        0                           6                           2                           1
2                                                        0                           6                           3                           6
3                                                        0                           6                           8                           6
4                                                        0                           6                          12                           6
5                                                        3                           6                           4                           6
6                                                        3                           6                           7                           8
7                                                        4                           6                           5                           8
8                                                        4                           6                           6                           8
9                                                        5                           8                           6                           8
10                                                       7                           8                           8                           6
11                                                       8                           6                           9                           1
12                                                       8                           6                          10                           6
13                                                       8                           6                          17                           6
14                                                      10                           6                          11                           1
15                                                      10                           6                          12                           6
16                                                      12                           6                          13                           6
17                                                      12                           6                          21                           6
18                                                      13                           6                          14                           1
19                                                      13                           6                          15                           6
20                                                      15                           6                          16                           1
21                                                      15                           6                          17                           6
22                                                      17                           6                          18                           1
23                                                      17                           6                          19                           8
24                                                      19                           8                          20                           1
25                                                      21                           6                          22                           8
26                                                      21                           6                          23                           8
27                                                      22                           8                          23                           8
   &ATNO [&Type "ArrayOfIntegers", &Dim (24,1)] "Atomic number of the elements"
                                                         0

0                                                        6
1                                                        1
2                                                        1
3                                                        6
4                                                        6
5                                                        8
6                                                        8
7                                                        8
8                                                        6
9                                                        1
10                                                       6
11                                                       1
12                                                       6
13                                                       6
14                                                       1
15                                                       6
16                                                       1
17                                                       6
18                                                       1
19                                                       8
20                                                       1
21                                                       6
22                                                       8
23                                                       8
   &NA [&Type "ArrayOfDoubles", &Dim (24,1)] "Mulliken gross atomic population"
                                                         0

0                                      5.9095724014193802e+00
1                                      1.0332965866616797e+00
2                                      1.0171354216407171e+00
3                                      6.0490640618897364e+00
4                                      5.9291084971268209e+00
5                                      8.4119644422880739e+00
6                                      8.4125315157012235e+00
7                                      8.3189538414059605e+00
8                                      5.9425151755350702e+00
9                                      1.0789392014035686e+00
10                                     5.9712655252351103e+00
11                                     1.0644247315994315e+00
12                                     6.1380780723085469e+00
13                                     5.9189480808470982e+00
14                                     1.0453296482988983e+00
15                                     6.0357074779618713e+00
16                                     1.0706683822197343e+00
17                                     5.7276850551695322e+00
18                                     9.9582188143912531e-01
19                                     8.3508807402993330e+00
20                                     8.5697978910676009e-01
21                                     5.9034794880588155e+00
22                                     8.4049544458842078e+00
23                                     8.4126955364992675e+00
   &ZA [&Type "ArrayOfDoubles", &Dim (24,1)] "Total nuclear charge"
                                                         0

0                                      6.0000000000000000e+00
1                                      1.0000000000000000e+00
2                                      1.0000000000000000e+00
3                                      6.0000000000000000e+00
4                                      6.0000000000000000e+00
5                                      8.0000000000000000e+00
6                                      8.0000000000000000e+00
7                                      8.0000000000000000e+00
8                                      6.0000000000000000e+00
9                                      1.0000000000000000e+00
10                                     6.0000000000000000e+00
11                                     1.0000000000000000e+00
12                                     6.0000000000000000e+00
13                                     6.0000000000000000e+00
14                                     1.0000000000000000e+00
15                                     6.0000000000000000e+00
16                                     1.0000000000000000e+00
17                                     6.0000000000000000e+00
18                                     1.0000000000000000e+00
19                                     8.0000000000000000e+00
20                                     1.0000000000000000e+00
21                                     6.0000000000000000e+00
22                                     8.0000000000000000e+00
23                                     8.0000000000000000e+00
   &QA [&Type "ArrayOfDoubles", &Dim (24,1)] "Mulliken gross atomic charge"
                                                         0

0                                      9.0427598580619772e-02
1                                     -3.3296586661679672e-02
2                                     -1.7135421640717130e-02
3                                     -4.9064061889736443e-02
4                                      7.0891502873179135e-02
5                                     -4.1196444228807394e-01
6                                     -4.1253151570122348e-01
7                                     -3.1895384140596050e-01
8                                      5.7484824464929751e-02
9                                     -7.8939201403568582e-02
10                                     2.8734474764889661e-02
11                                    -6.4424731599431517e-02
12                                    -1.3807807230854685e-01
13                                     8.1051919152901775e-02
14                                    -4.5329648298898295e-02
15                                    -3.5707477961871348e-02
16                                    -7.0668382219734260e-02
17                                     2.7231494483046781e-01
18                                     4.1781185608746885e-03
19                                    -3.5088074029933303e-01
20                                     1.4302021089323991e-01
21                                     9.6520511941184495e-02
22                                    -4.0495444588420781e-01
23                                    -4.1269553649926749e-01
   &VA [&Type "ArrayOfDoubles", &Dim (24,1)] "Mayer's total valence"
                                                         0

0                                      3.8011216144416609e+00
1                                      1.0106206218268485e+00
2                                      1.0298915093035610e+00
3                                      4.0277573742961241e+00
4                                      4.4768477169359668e+00
5                                      2.0864567692730724e+00
6                                      2.0619102902143416e+00
7                                      2.1372307627471252e+00
8                                      3.9115917069128043e+00
9                                      9.8878358517003562e-01
10                                     3.8840192550495809e+00
11                                     1.0305570926262160e+00
12                                     3.6819968641611425e+00
13                                     3.8965634972263072e+00
14                                     1.0412727655925913e+00
15                                     3.8623434063918669e+00
16                                     9.8498717227271326e-01
17                                     3.8350984582808403e+00
18                                     1.0664895000988610e+00
19                                     2.0020877552576999e+00
20                                     1.0226597055857700e+00
21                                     4.5400280289982424e+00
22                                     2.0846723114086299e+00
23                                     2.0868557255938938e+00
   &BVA [&Type "ArrayOfDoubles", &Dim (24,1)] "Mayer's bonded valence"
                                                         0

0                                      3.8011216144416413e+00
1                                      1.0106206218268519e+00
2                                      1.0298915093035608e+00
3                                      4.0277573742960353e+00
4                                      4.4768477169359002e+00
5                                      2.0864567692731408e+00
6                                      2.0619102902144202e+00
7                                      2.1372307627470306e+00
8                                      3.9115917069127595e+00
9                                      9.8878358517003284e-01
10                                     3.8840192550495614e+00
11                                     1.0305570926262155e+00
12                                     3.6819968641611061e+00
13                                     3.8965634972263476e+00
14                                     1.0412727655926008e+00
15                                     3.8623434063918305e+00
16                                     9.8498717227271337e-01
17                                     3.8350984582807812e+00
18                                     1.0664895000988626e+00
19                                     2.0020877552576875e+00
20                                     1.0226597055857818e+00
21                                     4.5400280289982584e+00
22                                     2.0846723114085881e+00
23                                     2.0868557255938645e+00
   &FA [&Type "ArrayOfDoubles", &Dim (24,1)] "Mayer's free valence"
                                                         0

0                                      0.0000000000000000e+00
1                                      0.0000000000000000e+00
2                                      0.0000000000000000e+00
3                                      0.0000000000000000e+00
4                                      0.0000000000000000e+00
5                                      0.0000000000000000e+00
6                                      0.0000000000000000e+00
7                                      0.0000000000000000e+00
8                                      0.0000000000000000e+00
9                                      0.0000000000000000e+00
10                                     0.0000000000000000e+00
11                                     0.0000000000000000e+00
12                                     0.0000000000000000e+00
13                                     0.0000000000000000e+00
14                                     0.0000000000000000e+00
15                                     0.0000000000000000e+00
16                                     0.0000000000000000e+00
17                                     0.0000000000000000e+00
18                                     0.0000000000000000e+00
19                                     0.0000000000000000e+00
20                                     0.0000000000000000e+00
21                                     0.0000000000000000e+00
22                                     0.0000000000000000e+00
23                                     0.0000000000000000e+00
$End
$VdW_Correction
   &GeometryIndex 1
   &ListStatus       OUT
   &VDW [&Type "Double"]      -5.6500613348201958e-02
$End
$Calculation_Info
   &GeometryIndex 1
   &ListStatus       OUT
   &MULT [&Type "Integer"] 1
   &CHARGE [&Type "Integer"] -2
   &NUMOFATOMS [&Type "Integer"] 24
   &NUMOFELECTRONS [&Type "Integer"] 118
   &NUMOFFCELECTRONS [&Type "Integer"] 1
   &NUMOFCORRELECTRONS [&Type "Integer"] 0
   &NUMOFBASISFUNCTS [&Type "Integer"] 264
   &NUMOFAUXCBASISFUNCTS [&Type "Integer"] 0
   &NUMOFAUXJBASISFUNCTS [&Type "Integer"] 872
   &NUMOFAUXJKBASISFUNCTS [&Type "Integer"] 0
   &NUMOFCABSBASISFUNCTS [&Type "Integer"] 0
   &TOTALENERGY [&Type "Double"]      -8.3611550409830716e+02  "Hartrees"
$End
$SCF_Dipole_Moment
   &GeometryIndex 1
   &ListStatus       OUT
   &METHOD [&Type "String"] "SCF"
   &LEVEL [&Type "String"] "Relaxed density"
   &MULT [&Type "Integer"] 1
   &STATE [&Type "Integer"] -1
   &IRREP [&Type "Integer"] 0
   &NATOMS [&Type "Integer"] 24
   &DODIPOLEATOM [&Type "Boolean"] false
   &DIPOLEELECCONTRIB [&Type "ArrayOfDoubles", &Dim (3,1)] "Electronic contribution"
                                                         0

0                                      9.0322929041984479e-01
1                                      6.5411083898143829e-01
2                                      1.5408167335878875e+00
   &DIPOLENUCCONTRIB [&Type "ArrayOfDoubles", &Dim (3,1)] "Nuclear contribution"
                                                         0

0                                     -2.3605876103659682e+00
1                                     -2.5304030015014618e+00
2                                     -3.6051940736854675e+00
   &DIPOLETOTAL [&Type "ArrayOfDoubles", &Dim (3,1)] "Total"
                                                         0

0                                     -1.4573583199461235e+00
1                                     -1.8762921625200235e+00
2                                     -2.0643773400975798e+00
   &DIPOLEMAGNITUDE [&Type "Double", &Units "a.u."]       3.1473829373240574e+00
$End
