*************************************************
******************* ORCA 6.0.1 ******************
*************************************************
$Calculation_Status
   &GeometryIndex 1
   &ListStatus       OUT
   &VERSION [&Type "String"] "6.0.1"
   &PROGNAME [&Type "String"] "LeanSCF"
   &STATUS [&Type "String"] "NORMAL TERMINATION"
$End
$Geometry
   &GeometryIndex 1
   &ListStatus       OUT
   &NATOMS [&Type "Integer"] 24
   &NCORELESSECP [&Type "Integer"] 0
   &NGHOSTATOMS [&Type "Integer"] 0
   &CartesianCoordinates [&Type "Coordinates", &Dim(24,4), &Units "Bohr"] 
              C     90.472528387614   57.708456677687  111.930368638290
              H     92.156274372938   56.767373062994  111.214162433534
              H     90.712523606622   59.203230049619  113.326876251257
              C     88.117929624748   57.143428563645  111.182037089257
              C     85.846478811775   58.600407412898  112.211937832244
              O     86.288674727112   60.289822576624  113.804976963140
              O     83.692191019104   58.063725190864  111.355891893578
              O     87.609593294723   55.240474346786  109.469945211924
              C     87.962972081766   55.728023689338  106.731732043872
              H     87.431959038135   53.911996874639  105.883245009742
              C     90.703074975952   56.327066873791  106.382132709097
              H     92.082575053715   54.822844871189  106.703386151863
              C     91.538333927145   58.723239611603  106.153475846892
              C     89.714748207911   60.766033562372  105.711279931555
              H     90.472528387614   62.678436409900  105.537425127234
              C     87.214640532734   60.321947920900  105.550653210172
              H     85.910729500328   61.890420612055  105.223730589003
              C     86.063797317176   57.719795034491  105.741515549698
              H     84.546347231637   57.774597092374  107.170148506942
              O     85.073580823001   57.031934721743  103.352901716421
              H     83.397393742213   56.158881247872  103.598566113831
              C     94.316231344010   59.367636223270  106.591892309962
              O     95.673054708165   57.719795034491  107.650138944958
              O     95.055114262373   61.542711003413  105.990959399375
$End
$SCF_Energy
   &GeometryIndex 1
   &ListStatus       OUT
   &SCF_ENERGY [&Type "Double"]      -8.3609508354171714e+02
$End
$DFT_Energy
   &GeometryIndex 1
   &ListStatus       OUT
   &NALPHAEL [&Type "Integer"] 59
   &NBETAEL [&Type "Integer"] 59
   &NTOTALEL [&Type "Integer"] 118
   &EEXCHANGE [&Type "Double"]      -8.3116441631489351e+01
   &ECORR [&Type "Double"]      -4.8458860298367732e+00
   &ECNL [&Type "Double"]       0.0000000000000000e+00
   &EXC [&Type "Double"]      -8.7962327661326128e+01
   &EEMBED [&Type "Double"]       0.0000000000000000e+00
   &FINALEN [&Type "Double"]      -8.3609508354171714e+02  "No Van der Waals correction"
$End
$Mulliken_Population_Analysis
   &GeometryIndex 1
   &ListStatus       OUT
   &NATOMS [&Type "Integer"] 24
   &ATNO [&Type "ArrayOfIntegers", &Dim (24,1)] 
                                                         0

0                                                        6
1                                                        1
2                                                        1
3                                                        6
4                                                        6
5                                                        8
6                                                        8
7                                                        8
8                                                        6
9                                                        1
10                                                       6
11                                                       1
12                                                       6
13                                                       6
14                                                       1
15                                                       6
16                                                       1
17                                                       6
18                                                       1
19                                                       8
20                                                       1
21                                                       6
22                                                       8
23                                                       8
   &ATOMICCHARGES [&Type "ArrayOfDoubles", &Dim (24,1)] 
                                                         0

0                                      8.9979892782565685e-04
1                                     -8.8289854852663385e-03
2                                     -3.1502477030968201e-02
3                                     -5.4858984644754472e-03
4                                      8.4851857492465932e-02
5                                     -4.0209865716427728e-01
6                                     -4.1557256831651479e-01
7                                     -3.7892664373576324e-01
8                                      2.6634642485523674e-01
9                                     -9.0874374134218838e-02
10                                    -7.8638572948488417e-02
11                                    -5.5300706922098986e-02
12                                    -2.7669121788032491e-02
13                                     3.7703223075598480e-02
14                                    -6.2964858228640175e-02
15                                    -2.7772812802744795e-02
16                                    -7.4151323846151973e-02
17                                     2.0746584557087822e-01
18                                    -2.6435158339510600e-03
19                                    -3.4545938882782501e-01
20                                     1.4873925517074749e-01
21                                     8.2846489174388083e-02
22                                    -4.1211429490973295e-01
23                                    -4.0884869382794520e-01
$End
$Loewdin_Population_Analysis
   &GeometryIndex 1
   &ListStatus       OUT
   &NATOMS [&Type "Integer"] 24
   &ATNO [&Type "ArrayOfIntegers", &Dim (24,1)] 
                                                         0

0                                                        6
1                                                        1
2                                                        1
3                                                        6
4                                                        6
5                                                        8
6                                                        8
7                                                        8
8                                                        6
9                                                        1
10                                                       6
11                                                       1
12                                                       6
13                                                       6
14                                                       1
15                                                       6
16                                                       1
17                                                       6
18                                                       1
19                                                       8
20                                                       1
21                                                       6
22                                                       8
23                                                       8
   &ATOMICCHARGES [&Type "ArrayOfDoubles", &Dim (24,1)] 
                                                         0

0                                     -8.8844706425072140e-02
1                                      8.1383412397871835e-03
2                                      9.2983150187236907e-03
3                                     -1.9111489088341038e-02
4                                     -5.8056874890974441e-02
5                                     -3.7569453113573203e-01
6                                     -3.8523333424529405e-01
7                                     -1.6311345687589984e-01
8                                      8.1812701248263231e-02
9                                     -6.0463871548170900e-03
10                                    -4.3601944454884745e-02
11                                     4.4814029916009357e-03
12                                    -6.2099872362647801e-02
13                                    -1.2523742735000454e-02
14                                     1.0744218505067238e-02
15                                    -5.5629772416351919e-02
16                                    -2.7234062490806288e-03
17                                     3.9872911947846923e-02
18                                     1.4048361716885394e-02
19                                    -1.7350265222549233e-01
20                                     7.8456534266846623e-02
21                                    -3.9075569985227432e-02
22                                    -3.8281168177936564e-01
23                                    -3.7878336491079345e-01
$End
$Mayer_Population_Analysis
   &GeometryIndex 1
   &ListStatus       OUT
   &NATOMS [&Type "Integer"] 24 "Total number of atoms"
   &BONDTHRESH [&Type "Double"]       1.0000000000000001e-01  "The threshold for printing"
   &NBONDORDERSPRINT [&Type "Integer"] 27 "The number of bond orders larger than threshold"
   &BONDORDERS [&Type "ArrayOfDoubles", &Dim (27,1)] "The bond orders"
                                                         0

0                                      9.1058303241785377e-01
1                                      9.0379080279916379e-01
2                                      1.9501479807745068e+00
3                                      8.3533494118883367e-01
4                                      1.0310420861443899e+00
5                                      1.8914758228550093e+00
6                                      1.7664752268989223e+00
7                                      1.1973835591189799e-01
8                                      1.5082473589762935e-01
9                                      9.4022352891452388e-01
10                                     8.8682259223372872e-01
11                                     9.9825751362550796e-01
12                                     9.5140685400504277e-01
13                                     9.3006718293354806e-01
14                                     1.7785309849352333e+00
15                                     1.0836485100228805e+00
16                                     8.3375536576839848e-01
17                                     9.6368946501519193e-01
18                                     1.7768879305863488e+00
19                                     9.5545444475878427e-01
20                                     9.6677486980435012e-01
21                                     8.7024786389748632e-01
22                                     1.0238289858945810e+00
23                                     9.7461203806475560e-01
24                                     1.8322214878753091e+00
25                                     1.8677661531218850e+00
26                                     1.2141775678160049e-01
   &COMPONENTS [&Type "ArrayOfIntegers", &Dim (27,4)] "The indices and atomic numbers of the bonding atoms"
                                                         0                           1                           2                           3

0                                                        0                           6                           1                           1
1                                                        0                           6                           2                           1
2                                                        0                           6                           3                           6
3                                                        3                           6                           4                           6
4                                                        3                           6                           7                           8
5                                                        4                           6                           5                           8
6                                                        4                           6                           6                           8
7                                                        5                           8                           6                           8
8                                                        6                           8                          18                           1
9                                                        7                           8                           8                           6
10                                                       8                           6                           9                           1
11                                                       8                           6                          10                           6
12                                                       8                           6                          17                           6
13                                                      10                           6                          11                           1
14                                                      10                           6                          12                           6
15                                                      12                           6                          13                           6
16                                                      12                           6                          21                           6
17                                                      13                           6                          14                           1
18                                                      13                           6                          15                           6
19                                                      15                           6                          16                           1
20                                                      15                           6                          17                           6
21                                                      17                           6                          18                           1
22                                                      17                           6                          19                           8
23                                                      19                           8                          20                           1
24                                                      21                           6                          22                           8
25                                                      21                           6                          23                           8
26                                                      22                           8                          23                           8
   &ATNO [&Type "ArrayOfIntegers", &Dim (24,1)] "Atomic number of the elements"
                                                         0

0                                                        6
1                                                        1
2                                                        1
3                                                        6
4                                                        6
5                                                        8
6                                                        8
7                                                        8
8                                                        6
9                                                        1
10                                                       6
11                                                       1
12                                                       6
13                                                       6
14                                                       1
15                                                       6
16                                                       1
17                                                       6
18                                                       1
19                                                       8
20                                                       1
21                                                       6
22                                                       8
23                                                       8
   &NA [&Type "ArrayOfDoubles", &Dim (24,1)] "Mulliken gross atomic population"
                                                         0

0                                      5.9991002010721797e+00
1                                      1.0088289854852657e+00
2                                      1.0315024770309675e+00
3                                      6.0054858984644746e+00
4                                      5.9151481425075341e+00
5                                      8.4020986571642755e+00
6                                      8.4155725683165130e+00
7                                      8.3789266437357703e+00
8                                      5.7336535751447633e+00
9                                      1.0908743741342188e+00
10                                     6.0786385729484866e+00
11                                     1.0553007069220988e+00
12                                     6.0276691217880254e+00
13                                     5.9622967769244024e+00
14                                     1.0629648582286404e+00
15                                     6.0277728128027430e+00
16                                     1.0741513238461513e+00
17                                     5.7925341544291209e+00
18                                     1.0026435158339513e+00
19                                     8.3454593888278250e+00
20                                     8.5126074482925240e-01
21                                     5.9171535108256101e+00
22                                     8.4121142949097312e+00
23                                     8.4088486938279452e+00
   &ZA [&Type "ArrayOfDoubles", &Dim (24,1)] "Total nuclear charge"
                                                         0

0                                      6.0000000000000000e+00
1                                      1.0000000000000000e+00
2                                      1.0000000000000000e+00
3                                      6.0000000000000000e+00
4                                      6.0000000000000000e+00
5                                      8.0000000000000000e+00
6                                      8.0000000000000000e+00
7                                      8.0000000000000000e+00
8                                      6.0000000000000000e+00
9                                      1.0000000000000000e+00
10                                     6.0000000000000000e+00
11                                     1.0000000000000000e+00
12                                     6.0000000000000000e+00
13                                     6.0000000000000000e+00
14                                     1.0000000000000000e+00
15                                     6.0000000000000000e+00
16                                     1.0000000000000000e+00
17                                     6.0000000000000000e+00
18                                     1.0000000000000000e+00
19                                     8.0000000000000000e+00
20                                     1.0000000000000000e+00
21                                     6.0000000000000000e+00
22                                     8.0000000000000000e+00
23                                     8.0000000000000000e+00
   &QA [&Type "ArrayOfDoubles", &Dim (24,1)] "Mulliken gross atomic charge"
                                                         0

0                                      8.9979892782032778e-04
1                                     -8.8289854852656724e-03
2                                     -3.1502477030967535e-02
3                                     -5.4858984644745590e-03
4                                      8.4851857492465932e-02
5                                     -4.0209865716427551e-01
6                                     -4.1557256831651301e-01
7                                     -3.7892664373577034e-01
8                                      2.6634642485523674e-01
9                                     -9.0874374134218838e-02
10                                    -7.8638572948486640e-02
11                                    -5.5300706922098763e-02
12                                    -2.7669121788025386e-02
13                                     3.7703223075597592e-02
14                                    -6.2964858228640397e-02
15                                    -2.7772812802743019e-02
16                                    -7.4151323846151307e-02
17                                     2.0746584557087910e-01
18                                    -2.6435158339512821e-03
19                                    -3.4545938882782501e-01
20                                     1.4873925517074760e-01
21                                     8.2846489174389859e-02
22                                    -4.1211429490973117e-01
23                                    -4.0884869382794520e-01
   &VA [&Type "ArrayOfDoubles", &Dim (24,1)] "Mayer's total valence"
                                                         0

0                                      3.8667372186626126e+00
1                                      1.0302023279924737e+00
2                                      1.0245916942468578e+00
3                                      3.9095278927128341e+00
4                                      4.4926264017762563e+00
5                                      2.1007783856766062e+00
6                                      2.0624966713593156e+00
7                                      2.0797497034420784e+00
8                                      3.8414281844874738e+00
9                                      9.9824643412399361e-01
10                                     3.8963004405126545e+00
11                                     1.0317818811328208e+00
12                                     3.7241720826748921e+00
13                                     3.9055589999770284e+00
14                                     1.0283785663358256e+00
15                                     3.8199273445880486e+00
16                                     9.7865099622136065e-01
17                                     3.8322346411625374e+00
18                                     1.1068229185460843e+00
19                                     2.0272632628642917e+00
20                                     1.0169188761045183e+00
21                                     4.5262951550216872e+00
22                                     2.0736788832256545e+00
23                                     2.0826183505981111e+00
   &BVA [&Type "ArrayOfDoubles", &Dim (24,1)] "Mayer's bonded valence"
                                                         0

0                                      3.8667372186626179e+00
1                                      1.0302023279924826e+00
2                                      1.0245916942468687e+00
3                                      3.9095278927128305e+00
4                                      4.4926264017762856e+00
5                                      2.1007783856766338e+00
6                                      2.0624966713592752e+00
7                                      2.0797497034420775e+00
8                                      3.8414281844874640e+00
9                                      9.9824643412397684e-01
10                                     3.8963004405126460e+00
11                                     1.0317818811328152e+00
12                                     3.7241720826748361e+00
13                                     3.9055589999770128e+00
14                                     1.0283785663358116e+00
15                                     3.8199273445880535e+00
16                                     9.7865099622137297e-01
17                                     3.8322346411625166e+00
18                                     1.1068229185460823e+00
19                                     2.0272632628642757e+00
20                                     1.0169188761045129e+00
21                                     4.5262951550216712e+00
22                                     2.0736788832256536e+00
23                                     2.0826183505981941e+00
   &FA [&Type "ArrayOfDoubles", &Dim (24,1)] "Mayer's free valence"
                                                         0

0                                      0.0000000000000000e+00
1                                      0.0000000000000000e+00
2                                      0.0000000000000000e+00
3                                      0.0000000000000000e+00
4                                      0.0000000000000000e+00
5                                      0.0000000000000000e+00
6                                      0.0000000000000000e+00
7                                      0.0000000000000000e+00
8                                      0.0000000000000000e+00
9                                      0.0000000000000000e+00
10                                     0.0000000000000000e+00
11                                     0.0000000000000000e+00
12                                     0.0000000000000000e+00
13                                     0.0000000000000000e+00
14                                     0.0000000000000000e+00
15                                     0.0000000000000000e+00
16                                     0.0000000000000000e+00
17                                     0.0000000000000000e+00
18                                     0.0000000000000000e+00
19                                     0.0000000000000000e+00
20                                     0.0000000000000000e+00
21                                     0.0000000000000000e+00
22                                     0.0000000000000000e+00
23                                     0.0000000000000000e+00
$End
$VdW_Correction
   &GeometryIndex 1
   &ListStatus       OUT
   &VDW [&Type "Double"]      -5.2179167659036213e-02
$End
$Calculation_Info
   &GeometryIndex 1
   &ListStatus       OUT
   &MULT [&Type "Integer"] 1
   &CHARGE [&Type "Integer"] -2
   &NUMOFATOMS [&Type "Integer"] 24
   &NUMOFELECTRONS [&Type "Integer"] 118
   &NUMOFFCELECTRONS [&Type "Integer"] 1
   &NUMOFCORRELECTRONS [&Type "Integer"] 0
   &NUMOFBASISFUNCTS [&Type "Integer"] 264
   &NUMOFAUXCBASISFUNCTS [&Type "Integer"] 0
   &NUMOFAUXJBASISFUNCTS [&Type "Integer"] 872
   &NUMOFAUXJKBASISFUNCTS [&Type "Integer"] 0
   &NUMOFCABSBASISFUNCTS [&Type "Integer"] 0
   &TOTALENERGY [&Type "Double"]      -8.3614726270937615e+02  "Hartrees"
$End
$SCF_Dipole_Moment
   &GeometryIndex 1
   &ListStatus       OUT
   &METHOD [&Type "String"] "SCF"
   &LEVEL [&Type "String"] "Relaxed density"
   &MULT [&Type "Integer"] 1
   &STATE [&Type "Integer"] -1
   &IRREP [&Type "Integer"] 0
   &NATOMS [&Type "Integer"] 24
   &DODIPOLEATOM [&Type "Boolean"] false
   &DIPOLEELECCONTRIB [&Type "ArrayOfDoubles", &Dim (3,1)] "Electronic contribution"
                                                         0

0                                      8.6634200859611254e-01
1                                     -2.3493497946956665e-01
2                                      8.7838003762063566e-01
   &DIPOLENUCCONTRIB [&Type "ArrayOfDoubles", &Dim (3,1)] "Nuclear contribution"
                                                         0

0                                     -2.7809987972810859e+00
1                                     -1.4239170718661427e+00
2                                     -3.1766915744310040e+00
   &DIPOLETOTAL [&Type "ArrayOfDoubles", &Dim (3,1)] "Total"
                                                         0

0                                     -1.9146567886849732e+00
1                                     -1.6588520513357095e+00
2                                     -2.2983115368103686e+00
   &DIPOLEMAGNITUDE [&Type "Double", &Units "a.u."]       3.4205170174863597e+00
$End
