*************************************************
******************* ORCA 6.0.1 ******************
*************************************************
$Calculation_Status
   &GeometryIndex 1
   &ListStatus       OUT
   &VERSION [&Type "String"] "6.0.1"
   &PROGNAME [&Type "String"] "LeanSCF"
   &STATUS [&Type "String"] "NORMAL TERMINATION"
$End
$Geometry
   &GeometryIndex 1
   &ListStatus       OUT
   &NATOMS [&Type "Integer"] 24
   &NCORELESSECP [&Type "Integer"] 0
   &NGHOSTATOMS [&Type "Integer"] 0
   &CartesianCoordinates [&Type "Coordinates", &Dim(24,4), &Units "Bohr"] 
              C     90.381821533186   55.614640121302  119.808636890607
              H     91.799116133627   54.176558533388  119.394786867279
              H     90.761656486104   57.020596364940  121.263726013727
              C     88.155724147426   55.652434643981  118.614329973969
              C     86.092143209184   57.532712147233  119.305969738984
              O     86.742208999253   59.620859525215  120.235714996874
              O     83.852817740488   56.852410739021  118.939362869004
              O     87.571798772045   53.830738650881  116.832318229681
              C     87.881713858008   54.450568822807  114.141348214978
              H     87.479202191483   52.651549543314  113.187036517347
              C     90.572683872712   55.268820238795  113.731277643917
              H     92.084464779849   53.859084542890  113.769072166595
              C     91.207631853709   57.736802569696  113.655688598560
              C     89.204522151753   59.654874595626  113.627342706551
              H     89.811124240741   61.620189774904  113.736946822318
              C     86.744098725387   59.036934149834  113.457267354498
              H     85.307906863607   60.518479438828  113.428921462489
              C     85.833250728837   56.349743587398  113.262625562704
              H     84.251549954745   56.105968916122  114.591103034851
              O     85.028227395787   55.837627805105  110.747400078455
              H     83.248105377633   55.223466811581  110.779525422732
              C     93.955293652431   58.607966317434  113.804976963140
              O     95.703290326308   56.996029925199  113.814425593809
              O     94.312451891742   60.949336997362  114.009067385603
$End
$SCF_Energy
   &GeometryIndex 1
   &ListStatus       OUT
   &SCF_ENERGY [&Type "Double"]      -8.3608943467985716e+02
$End
$DFT_Energy
   &GeometryIndex 1
   &ListStatus       OUT
   &NALPHAEL [&Type "Integer"] 59
   &NBETAEL [&Type "Integer"] 59
   &NTOTALEL [&Type "Integer"] 118
   &EEXCHANGE [&Type "Double"]      -8.3121439195148810e+01
   &ECORR [&Type "Double"]      -4.8447841506983806e+00
   &ECNL [&Type "Double"]       0.0000000000000000e+00
   &EXC [&Type "Double"]      -8.7966223345847197e+01
   &EEMBED [&Type "Double"]       0.0000000000000000e+00
   &FINALEN [&Type "Double"]      -8.3608943467985716e+02  "No Van der Waals correction"
$End
$Mulliken_Population_Analysis
   &GeometryIndex 1
   &ListStatus       OUT
   &NATOMS [&Type "Integer"] 24
   &ATNO [&Type "ArrayOfIntegers", &Dim (24,1)] 
                                                         0

0                                                        6
1                                                        1
2                                                        1
3                                                        6
4                                                        6
5                                                        8
6                                                        8
7                                                        8
8                                                        6
9                                                        1
10                                                       6
11                                                       1
12                                                       6
13                                                       6
14                                                       1
15                                                       6
16                                                       1
17                                                       6
18                                                       1
19                                                       8
20                                                       1
21                                                       6
22                                                       8
23                                                       8
   &ATOMICCHARGES [&Type "ArrayOfDoubles", &Dim (24,1)] 
                                                         0

0                                     -3.1133976356567672e-03
1                                     -4.6668004353579207e-02
2                                     -3.0159494326052583e-02
3                                      4.7049610958548094e-02
4                                      9.1889088510006545e-02
5                                     -4.0723138414701054e-01
6                                     -4.2264968885807264e-01
7                                     -3.7627291881373637e-01
8                                      2.6526410599084471e-01
9                                     -8.7952245378021487e-02
10                                    -9.6262559304224560e-02
11                                    -6.3562507979125105e-02
12                                    -2.2181113356837479e-02
13                                     4.8419633811560558e-02
14                                    -5.7071392825688960e-02
15                                    -1.4604981026701047e-02
16                                    -7.3040304920571231e-02
17                                     2.0208638922384115e-01
18                                    -8.3708677671130438e-03
19                                    -3.3614874524925931e-01
20                                     1.4255479665817572e-01
21                                     6.9283627509745926e-02
22                                    -4.1554065964962916e-01
23                                    -4.0571698707155157e-01
$End
$Loewdin_Population_Analysis
   &GeometryIndex 1
   &ListStatus       OUT
   &NATOMS [&Type "Integer"] 24
   &ATNO [&Type "ArrayOfIntegers", &Dim (24,1)] 
                                                         0

0                                                        6
1                                                        1
2                                                        1
3                                                        6
4                                                        6
5                                                        8
6                                                        8
7                                                        8
8                                                        6
9                                                        1
10                                                       6
11                                                       1
12                                                       6
13                                                       6
14                                                       1
15                                                       6
16                                                       1
17                                                       6
18                                                       1
19                                                       8
20                                                       1
21                                                       6
22                                                       8
23                                                       8
   &ATOMICCHARGES [&Type "ArrayOfDoubles", &Dim (24,1)] 
                                                         0

0                                     -1.0760681435834485e-01
1                                     -2.7108533319895045e-03
2                                      1.0394030559589873e-02
3                                      7.2457145419431157e-03
4                                     -6.0805961586289925e-02
5                                     -3.7368837151400847e-01
6                                     -3.8125274640714046e-01
7                                     -1.5946825381524299e-01
8                                      7.9752260986017731e-02
9                                     -5.5436904555623556e-03
10                                    -5.1480308690902810e-02
11                                     2.2981644206593321e-03
12                                    -5.5791890019726509e-02
13                                    -4.1451848969380478e-03
14                                     1.3510989777597571e-02
15                                    -5.2932720127001787e-02
16                                    -9.7319099528503372e-04
17                                     4.1032154282046207e-02
18                                     1.1144729396066699e-02
19                                    -1.7102980747401375e-01
20                                     7.1223014772845650e-02
21                                    -4.2126081826104667e-02
22                                    -3.9109358383285553e-01
23                                    -3.7595159940548939e-01
$End
$Mayer_Population_Analysis
   &GeometryIndex 1
   &ListStatus       OUT
   &NATOMS [&Type "Integer"] 24 "Total number of atoms"
   &BONDTHRESH [&Type "Double"]       1.0000000000000001e-01  "The threshold for printing"
   &NBONDORDERSPRINT [&Type "Integer"] 27 "The number of bond orders larger than threshold"
   &BONDORDERS [&Type "ArrayOfDoubles", &Dim (27,1)] "The bond orders"
                                                         0

0                                      9.1658725434459920e-01
1                                      9.1251136620147644e-01
2                                      1.9709601139462023e+00
3                                      8.3317223838901711e-01
4                                      1.0391346999859830e+00
5                                      1.8816085673886187e+00
6                                      1.7622286874274504e+00
7                                      1.1943825415365572e-01
8                                      1.1186215642412323e-01
9                                      9.4961909310572790e-01
10                                     8.8840209188374675e-01
11                                     9.7210309063967804e-01
12                                     9.6135523997850192e-01
13                                     9.3484607755873461e-01
14                                     1.7816403551395017e+00
15                                     1.0968904511542727e+00
16                                     8.2879572115357270e-01
17                                     9.6166314047642609e-01
18                                     1.7726617377870324e+00
19                                     9.5172986560395911e-01
20                                     9.6633589551286236e-01
21                                     8.8225339241585410e-01
22                                     1.0225214650187535e+00
23                                     9.8112800704327341e-01
24                                     1.8877010875780864e+00
25                                     1.8585245740473586e+00
26                                     1.2258609568644627e-01
   &COMPONENTS [&Type "ArrayOfIntegers", &Dim (27,4)] "The indices and atomic numbers of the bonding atoms"
                                                         0                           1                           2                           3

0                                                        0                           6                           1                           1
1                                                        0                           6                           2                           1
2                                                        0                           6                           3                           6
3                                                        3                           6                           4                           6
4                                                        3                           6                           7                           8
5                                                        4                           6                           5                           8
6                                                        4                           6                           6                           8
7                                                        5                           8                           6                           8
8                                                        6                           8                          18                           1
9                                                        7                           8                           8                           6
10                                                       8                           6                           9                           1
11                                                       8                           6                          10                           6
12                                                       8                           6                          17                           6
13                                                      10                           6                          11                           1
14                                                      10                           6                          12                           6
15                                                      12                           6                          13                           6
16                                                      12                           6                          21                           6
17                                                      13                           6                          14                           1
18                                                      13                           6                          15                           6
19                                                      15                           6                          16                           1
20                                                      15                           6                          17                           6
21                                                      17                           6                          18                           1
22                                                      17                           6                          19                           8
23                                                      19                           8                          20                           1
24                                                      21                           6                          22                           8
25                                                      21                           6                          23                           8
26                                                      22                           8                          23                           8
   &ATNO [&Type "ArrayOfIntegers", &Dim (24,1)] "Atomic number of the elements"
                                                         0

0                                                        6
1                                                        1
2                                                        1
3                                                        6
4                                                        6
5                                                        8
6                                                        8
7                                                        8
8                                                        6
9                                                        1
10                                                       6
11                                                       1
12                                                       6
13                                                       6
14                                                       1
15                                                       6
16                                                       1
17                                                       6
18                                                       1
19                                                       8
20                                                       1
21                                                       6
22                                                       8
23                                                       8
   &NA [&Type "ArrayOfDoubles", &Dim (24,1)] "Mulliken gross atomic population"
                                                         0

0                                      6.0031133976356594e+00
1                                      1.0466680043535792e+00
2                                      1.0301594943260528e+00
3                                      5.9529503890414528e+00
4                                      5.9081109114899961e+00
5                                      8.4072313841470070e+00
6                                      8.4226496888580673e+00
7                                      8.3762729188137346e+00
8                                      5.7347358940091562e+00
9                                      1.0879522453780213e+00
10                                     6.0962625593042263e+00
11                                     1.0635625079791251e+00
12                                     6.0221811133568384e+00
13                                     5.9515803661884394e+00
14                                     1.0570713928256890e+00
15                                     6.0146049810267037e+00
16                                     1.0730403049205710e+00
17                                     5.7979136107761615e+00
18                                     1.0083708677671130e+00
19                                     8.3361487452492575e+00
20                                     8.5744520334182406e-01
21                                     5.9307163724902567e+00
22                                     8.4155406596496292e+00
23                                     8.4057169870715498e+00
   &ZA [&Type "ArrayOfDoubles", &Dim (24,1)] "Total nuclear charge"
                                                         0

0                                      6.0000000000000000e+00
1                                      1.0000000000000000e+00
2                                      1.0000000000000000e+00
3                                      6.0000000000000000e+00
4                                      6.0000000000000000e+00
5                                      8.0000000000000000e+00
6                                      8.0000000000000000e+00
7                                      8.0000000000000000e+00
8                                      6.0000000000000000e+00
9                                      1.0000000000000000e+00
10                                     6.0000000000000000e+00
11                                     1.0000000000000000e+00
12                                     6.0000000000000000e+00
13                                     6.0000000000000000e+00
14                                     1.0000000000000000e+00
15                                     6.0000000000000000e+00
16                                     1.0000000000000000e+00
17                                     6.0000000000000000e+00
18                                     1.0000000000000000e+00
19                                     8.0000000000000000e+00
20                                     1.0000000000000000e+00
21                                     6.0000000000000000e+00
22                                     8.0000000000000000e+00
23                                     8.0000000000000000e+00
   &QA [&Type "ArrayOfDoubles", &Dim (24,1)] "Mulliken gross atomic charge"
                                                         0

0                                     -3.1133976356594317e-03
1                                     -4.6668004353579207e-02
2                                     -3.0159494326052805e-02
3                                      4.7049610958547206e-02
4                                      9.1889088510003880e-02
5                                     -4.0723138414700699e-01
6                                     -4.2264968885806731e-01
7                                     -3.7627291881373459e-01
8                                      2.6526410599084382e-01
9                                     -8.7952245378021265e-02
10                                    -9.6262559304226336e-02
11                                    -6.3562507979125105e-02
12                                    -2.2181113356838367e-02
13                                     4.8419633811560558e-02
14                                    -5.7071392825688960e-02
15                                    -1.4604981026703712e-02
16                                    -7.3040304920571009e-02
17                                     2.0208638922383848e-01
18                                    -8.3708677671130438e-03
19                                    -3.3614874524925753e-01
20                                     1.4255479665817594e-01
21                                     6.9283627509743262e-02
22                                    -4.1554065964962916e-01
23                                    -4.0571698707154980e-01
   &VA [&Type "ArrayOfDoubles", &Dim (24,1)] "Mayer's total valence"
                                                         0

0                                      3.9018966487181266e+00
1                                      9.8606662473892226e-01
2                                      1.0125393069573132e+00
3                                      3.9572907229641028e+00
4                                      4.4847433535727408e+00
5                                      2.0822506502146063e+00
6                                      2.0457132241644391e+00
7                                      2.0904883532031429e+00
8                                      3.8325737556795274e+00
9                                      9.9683153712044315e-01
10                                     3.8711173497025650e+00
11                                     1.0339516197521355e+00
12                                     3.7117154179075666e+00
13                                     3.9236785429841472e+00
14                                     1.0376759377482052e+00
15                                     3.8194119279982046e+00
16                                     9.8117100531790147e-01
17                                     3.8674987059609300e+00
18                                     1.0802460412169865e+00
19                                     2.0245175278384173e+00
20                                     1.0220774160878157e+00
21                                     4.5643616793832171e+00
22                                     2.0801843302702951e+00
23                                     2.0876369419127396e+00
   &BVA [&Type "ArrayOfDoubles", &Dim (24,1)] "Mayer's bonded valence"
                                                         0

0                                      3.9018966487181821e+00
1                                      9.8606662473893114e-01
2                                      1.0125393069573212e+00
3                                      3.9572907229641774e+00
4                                      4.4847433535727577e+00
5                                      2.0822506502145970e+00
6                                      2.0457132241644640e+00
7                                      2.0904883532031704e+00
8                                      3.8325737556795310e+00
9                                      9.9683153712045081e-01
10                                     3.8711173497026370e+00
11                                     1.0339516197521637e+00
12                                     3.7117154179075764e+00
13                                     3.9236785429841401e+00
14                                     1.0376759377482150e+00
15                                     3.8194119279981913e+00
16                                     9.8117100531790036e-01
17                                     3.8674987059609176e+00
18                                     1.0802460412169974e+00
19                                     2.0245175278384053e+00
20                                     1.0220774160878185e+00
21                                     4.5643616793831940e+00
22                                     2.0801843302702405e+00
23                                     2.0876369419127219e+00
   &FA [&Type "ArrayOfDoubles", &Dim (24,1)] "Mayer's free valence"
                                                         0

0                                      0.0000000000000000e+00
1                                      0.0000000000000000e+00
2                                      0.0000000000000000e+00
3                                      0.0000000000000000e+00
4                                      0.0000000000000000e+00
5                                      0.0000000000000000e+00
6                                      0.0000000000000000e+00
7                                      0.0000000000000000e+00
8                                      0.0000000000000000e+00
9                                      0.0000000000000000e+00
10                                     0.0000000000000000e+00
11                                     0.0000000000000000e+00
12                                     0.0000000000000000e+00
13                                     0.0000000000000000e+00
14                                     0.0000000000000000e+00
15                                     0.0000000000000000e+00
16                                     0.0000000000000000e+00
17                                     0.0000000000000000e+00
18                                     0.0000000000000000e+00
19                                     0.0000000000000000e+00
20                                     0.0000000000000000e+00
21                                     0.0000000000000000e+00
22                                     0.0000000000000000e+00
23                                     0.0000000000000000e+00
$End
$VdW_Correction
   &GeometryIndex 1
   &ListStatus       OUT
   &VDW [&Type "Double"]      -5.2185946298788435e-02
$End
$Calculation_Info
   &GeometryIndex 1
   &ListStatus       OUT
   &MULT [&Type "Integer"] 1
   &CHARGE [&Type "Integer"] -2
   &NUMOFATOMS [&Type "Integer"] 24
   &NUMOFELECTRONS [&Type "Integer"] 118
   &NUMOFFCELECTRONS [&Type "Integer"] 1
   &NUMOFCORRELECTRONS [&Type "Integer"] 0
   &NUMOFBASISFUNCTS [&Type "Integer"] 264
   &NUMOFAUXCBASISFUNCTS [&Type "Integer"] 0
   &NUMOFAUXJBASISFUNCTS [&Type "Integer"] 872
   &NUMOFAUXJKBASISFUNCTS [&Type "Integer"] 0
   &NUMOFCABSBASISFUNCTS [&Type "Integer"] 0
   &TOTALENERGY [&Type "Double"]      -8.3614162062615594e+02  "Hartrees"
$End
$SCF_Dipole_Moment
   &GeometryIndex 1
   &ListStatus       OUT
   &METHOD [&Type "String"] "SCF"
   &LEVEL [&Type "String"] "Relaxed density"
   &MULT [&Type "Integer"] 1
   &STATE [&Type "Integer"] -1
   &IRREP [&Type "Integer"] 0
   &NATOMS [&Type "Integer"] 24
   &DODIPOLEATOM [&Type "Boolean"] false
   &DIPOLEELECCONTRIB [&Type "ArrayOfDoubles", &Dim (3,1)] "Electronic contribution"
                                                         0

0                                      9.3232797310815951e-01
1                                      8.2695922942456557e-01
2                                      1.6306429383279195e-01
   &DIPOLENUCCONTRIB [&Type "ArrayOfDoubles", &Dim (3,1)] "Nuclear contribution"
                                                         0

0                                     -3.2576659110285675e+00
1                                     -2.8697087977068492e+00
2                                     -1.9391182850982318e+00
   &DIPOLETOTAL [&Type "ArrayOfDoubles", &Dim (3,1)] "Total"
                                                         0

0                                     -2.3253379379204082e+00
1                                     -2.0427495682822836e+00
2                                     -1.7760539912654398e+00
   &DIPOLEMAGNITUDE [&Type "Double", &Units "a.u."]       3.5685277222041152e+00
$End
