*************************************************
******************* ORCA 6.0.1 ******************
*************************************************
$Calculation_Status
   &GeometryIndex 1
   &ListStatus       OUT
   &VERSION [&Type "String"] "6.0.1"
   &PROGNAME [&Type "String"] "LeanSCF"
   &STATUS [&Type "String"] "NORMAL TERMINATION"
$End
$Geometry
   &GeometryIndex 1
   &ListStatus       OUT
   &NATOMS [&Type "Integer"] 24
   &NCORELESSECP [&Type "Integer"] 0
   &NGHOSTATOMS [&Type "Integer"] 0
   &CartesianCoordinates [&Type "Coordinates", &Dim(24,4), &Units "Bohr"] 
              C     88.359468676249   51.523506989590  107.053194037841
              H     90.113973627302   50.662903555411  106.453637363742
              H     88.409231119865   53.378651926302  107.943559692116
              C     86.269005239648   49.926144900767  107.333449733075
              C     83.832522530421   50.843659574607  108.657320792997
              O     84.047010290723   52.541426438402  110.281886436660
              O     81.790951722421   49.754702169908  108.063016545327
              O     86.275308824034   47.742842405104  106.354247958307
              C     85.495223980540   48.143320481906  102.198047302213
              H     85.343390532203   46.100260584311  101.974601635609
              C     87.794959490790   49.338176677388  101.967215405729
              H     89.540558019968   48.273697057508  101.738503784956
              C     87.985524003063   51.932704347172  102.460945114502
              C     85.680215491227   53.462848555921  102.528442994879
              H     85.898997957098   55.506461597821  102.662123107863
              C     83.392852268228   52.381102658511  102.393329988534
              H     81.700339862214   53.559370330049  102.406617092334
              C     83.026676549632   49.576267676555  102.145993764954
              H     81.865601678898   48.925809313802  103.751357944472
              O     81.818787451537   49.071066851511   99.806011946747
              H     80.345171708342   47.861435871108  100.086353609040
              C     90.503563132265   53.232583971776  101.957843430301
              O     92.470926059200   51.956936039158  101.682751065495
              O     90.463766355930   55.594193686529  101.772507032224
$End
$SCF_Energy
   &GeometryIndex 1
   &ListStatus       OUT
   &SCF_ENERGY [&Type "Double"]      -8.3605900523833191e+02
$End
$DFT_Energy
   &GeometryIndex 1
   &ListStatus       OUT
   &NALPHAEL [&Type "Integer"] 59
   &NBETAEL [&Type "Integer"] 59
   &NTOTALEL [&Type "Integer"] 118
   &EEXCHANGE [&Type "Double"]      -8.3094347780517722e+01
   &ECORR [&Type "Double"]      -4.8424139558846901e+00
   &ECNL [&Type "Double"]       0.0000000000000000e+00
   &EXC [&Type "Double"]      -8.7936761736402417e+01
   &EEMBED [&Type "Double"]       0.0000000000000000e+00
   &FINALEN [&Type "Double"]      -8.3605900523833191e+02  "No Van der Waals correction"
$End
$Mulliken_Population_Analysis
   &GeometryIndex 1
   &ListStatus       OUT
   &NATOMS [&Type "Integer"] 24
   &ATNO [&Type "ArrayOfIntegers", &Dim (24,1)] 
                                                         0

0                                                        6
1                                                        1
2                                                        1
3                                                        6
4                                                        6
5                                                        8
6                                                        8
7                                                        8
8                                                        6
9                                                        1
10                                                       6
11                                                       1
12                                                       6
13                                                       6
14                                                       1
15                                                       6
16                                                       1
17                                                       6
18                                                       1
19                                                       8
20                                                       1
21                                                       6
22                                                       8
23                                                       8
   &ATOMICCHARGES [&Type "ArrayOfDoubles", &Dim (24,1)] 
                                                         0

0                                      8.0964329898191245e-02
1                                     -2.6606942034627101e-02
2                                     -1.7468380457390742e-02
3                                     -3.0491613152260122e-02
4                                      7.5198400471542470e-02
5                                     -4.0542885811531093e-01
6                                     -4.1985174051477792e-01
7                                     -3.1788995852048174e-01
8                                      6.0840125182440197e-02
9                                     -7.5455930451765685e-02
10                                     3.4761551770133181e-02
11                                    -6.3619223982620543e-02
12                                    -1.3486268919989453e-01
13                                     6.3219054455049495e-02
14                                    -5.6055273929428440e-02
15                                    -3.4787198985172019e-02
16                                    -7.7749442960689974e-02
17                                     2.8021740171570197e-01
18                                     3.2022008053216311e-03
19                                    -3.5365329984206362e-01
20                                     1.4101735726559550e-01
21                                     7.8488824081897057e-02
22                                    -4.0320826378405350e-01
23                                    -4.0078042971549266e-01
$End
$Loewdin_Population_Analysis
   &GeometryIndex 1
   &ListStatus       OUT
   &NATOMS [&Type "Integer"] 24
   &ATNO [&Type "ArrayOfIntegers", &Dim (24,1)] 
                                                         0

0                                                        6
1                                                        1
2                                                        1
3                                                        6
4                                                        6
5                                                        8
6                                                        8
7                                                        8
8                                                        6
9                                                        1
10                                                       6
11                                                       1
12                                                       6
13                                                       6
14                                                       1
15                                                       6
16                                                       1
17                                                       6
18                                                       1
19                                                       8
20                                                       1
21                                                       6
22                                                       8
23                                                       8
   &ATOMICCHARGES [&Type "ArrayOfDoubles", &Dim (24,1)] 
                                                         0

0                                     -5.1592963556608140e-02
1                                      7.8422931361347148e-03
2                                      9.0568760385065783e-03
3                                     -2.6800434538367668e-02
4                                     -6.5737369334180507e-02
5                                     -3.6946001618454893e-01
6                                     -3.8385223374305077e-01
7                                     -2.0706027746946987e-01
8                                      3.6959824624897664e-02
9                                     -1.6519974873407950e-03
10                                    -4.5783868667839123e-02
11                                     7.5113202273356938e-03
12                                    -1.0921612301362238e-02
13                                    -1.0426830084979244e-02
14                                     1.2979421077866982e-02
15                                    -5.4781606169397534e-02
16                                    -1.3706817570122709e-03
17                                     4.3374561914268916e-02
18                                     1.5637169303292620e-02
19                                    -1.7932117444683371e-01
20                                     7.6985130984872030e-02
21                                    -5.0347002917613182e-02
22                                    -3.7749948311566328e-01
23                                    -3.7373904553312443e-01
$End
$Mayer_Population_Analysis
   &GeometryIndex 1
   &ListStatus       OUT
   &NATOMS [&Type "Integer"] 24 "Total number of atoms"
   &BONDTHRESH [&Type "Double"]       1.0000000000000001e-01  "The threshold for printing"
   &NBONDORDERSPRINT [&Type "Integer"] 29 "The number of bond orders larger than threshold"
   &BONDORDERS [&Type "ArrayOfDoubles", &Dim (29,1)] "The bond orders"
                                                         0

0                                      8.9884079454475962e-01
1                                      9.3227878681339771e-01
2                                      1.3903477931724091e+00
3                                      1.2733355672675020e-01
4                                      3.8187095401939319e-01
5                                      8.1696388945532727e-01
6                                      1.6781791809782773e+00
7                                      1.8638999163445220e+00
8                                      1.7838498286626101e+00
9                                      1.2559929495499275e-01
10                                     1.2974267728312364e-01
11                                     2.3107993807852550e-01
12                                     9.4614714154608559e-01
13                                     1.4897308902202304e+00
14                                     9.8968430995917556e-01
15                                     9.5429226221021346e-01
16                                     1.3203771274531997e+00
17                                     1.0621325087314246e+00
18                                     8.3232702600191233e-01
19                                     9.7037600062256391e-01
20                                     1.7699070650792077e+00
21                                     9.5711948267425040e-01
22                                     9.7489422090918754e-01
23                                     8.4900613003968128e-01
24                                     9.7794457961142878e-01
25                                     9.7081249609596598e-01
26                                     1.8598335528479508e+00
27                                     1.8834012600841108e+00
28                                     1.1530954659559317e-01
   &COMPONENTS [&Type "ArrayOfIntegers", &Dim (29,4)] "The indices and atomic numbers of the bonding atoms"
                                                         0                           1                           2                           3

0                                                        0                           6                           1                           1
1                                                        0                           6                           2                           1
2                                                        0                           6                           3                           6
3                                                        0                           6                           8                           6
4                                                        0                           6                          12                           6
5                                                        3                           6                           4                           6
6                                                        3                           6                           7                           8
7                                                        4                           6                           5                           8
8                                                        4                           6                           6                           8
9                                                        5                           8                           6                           8
10                                                       6                           8                          18                           1
11                                                       7                           8                           8                           6
12                                                       8                           6                           9                           1
13                                                       8                           6                          10                           6
14                                                       8                           6                          17                           6
15                                                      10                           6                          11                           1
16                                                      10                           6                          12                           6
17                                                      12                           6                          13                           6
18                                                      12                           6                          21                           6
19                                                      13                           6                          14                           1
20                                                      13                           6                          15                           6
21                                                      15                           6                          16                           1
22                                                      15                           6                          17                           6
23                                                      17                           6                          18                           1
24                                                      17                           6                          19                           8
25                                                      19                           8                          20                           1
26                                                      21                           6                          22                           8
27                                                      21                           6                          23                           8
28                                                      22                           8                          23                           8
   &ATNO [&Type "ArrayOfIntegers", &Dim (24,1)] "Atomic number of the elements"
                                                         0

0                                                        6
1                                                        1
2                                                        1
3                                                        6
4                                                        6
5                                                        8
6                                                        8
7                                                        8
8                                                        6
9                                                        1
10                                                       6
11                                                       1
12                                                       6
13                                                       6
14                                                       1
15                                                       6
16                                                       1
17                                                       6
18                                                       1
19                                                       8
20                                                       1
21                                                       6
22                                                       8
23                                                       8
   &NA [&Type "ArrayOfDoubles", &Dim (24,1)] "Mulliken gross atomic population"
                                                         0

0                                      5.9190356701018239e+00
1                                      1.0266069420346247e+00
2                                      1.0174683804573912e+00
3                                      6.0304916131522814e+00
4                                      5.9248015995284522e+00
5                                      8.4054288581152896e+00
6                                      8.4198517405147690e+00
7                                      8.3178899585204853e+00
8                                      5.9391598748175314e+00
9                                      1.0754559304517659e+00
10                                     5.9652384482298686e+00
11                                     1.0636192239826181e+00
12                                     6.1348626891998945e+00
13                                     5.9367809455449656e+00
14                                     1.0560552739294264e+00
15                                     6.0347871989851560e+00
16                                     1.0777494429606884e+00
17                                     5.7197825982842954e+00
18                                     9.9679779919467770e-01
19                                     8.3536532998420885e+00
20                                     8.5898264273440528e-01
21                                     5.9215111759181127e+00
22                                     8.4032082637840606e+00
23                                     8.4007804297155175e+00
   &ZA [&Type "ArrayOfDoubles", &Dim (24,1)] "Total nuclear charge"
                                                         0

0                                      6.0000000000000000e+00
1                                      1.0000000000000000e+00
2                                      1.0000000000000000e+00
3                                      6.0000000000000000e+00
4                                      6.0000000000000000e+00
5                                      8.0000000000000000e+00
6                                      8.0000000000000000e+00
7                                      8.0000000000000000e+00
8                                      6.0000000000000000e+00
9                                      1.0000000000000000e+00
10                                     6.0000000000000000e+00
11                                     1.0000000000000000e+00
12                                     6.0000000000000000e+00
13                                     6.0000000000000000e+00
14                                     1.0000000000000000e+00
15                                     6.0000000000000000e+00
16                                     1.0000000000000000e+00
17                                     6.0000000000000000e+00
18                                     1.0000000000000000e+00
19                                     8.0000000000000000e+00
20                                     1.0000000000000000e+00
21                                     6.0000000000000000e+00
22                                     8.0000000000000000e+00
23                                     8.0000000000000000e+00
   &QA [&Type "ArrayOfDoubles", &Dim (24,1)] "Mulliken gross atomic charge"
                                                         0

0                                      8.0964329898176146e-02
1                                     -2.6606942034624659e-02
2                                     -1.7468380457391186e-02
3                                     -3.0491613152281438e-02
4                                      7.5198400471547799e-02
5                                     -4.0542885811528961e-01
6                                     -4.1985174051476903e-01
7                                     -3.1788995852048529e-01
8                                      6.0840125182468618e-02
9                                     -7.5455930451765907e-02
10                                     3.4761551770131405e-02
11                                    -6.3619223982618101e-02
12                                    -1.3486268919989453e-01
13                                     6.3219054455034396e-02
14                                    -5.6055273929426441e-02
15                                    -3.4787198985156031e-02
16                                    -7.7749442960688420e-02
17                                     2.8021740171570464e-01
18                                     3.2022008053222972e-03
19                                    -3.5365329984208849e-01
20                                     1.4101735726559472e-01
21                                     7.8488824081887287e-02
22                                    -4.0320826378406061e-01
23                                    -4.0078042971551753e-01
   &VA [&Type "ArrayOfDoubles", &Dim (24,1)] "Mayer's total valence"
                                                         0

0                                      3.8153815342772672e+00
1                                      1.0215561767909538e+00
2                                      1.0134541210825150e+00
3                                      4.0225898185922864e+00
4                                      4.4668123277547265e+00
5                                      2.0809682916318386e+00
6                                      2.0657088479428762e+00
7                                      2.1340254902292584e+00
8                                      3.8929687644398601e+00
9                                      9.8910240122908122e-01
10                                     3.9042870064370736e+00
11                                     1.0372803610424977e+00
12                                     3.6807530916363396e+00
13                                     3.8992051756769208e+00
14                                     1.0351366075435278e+00
15                                     3.8646819938157142e+00
16                                     9.8314877391835720e-01
17                                     3.8052648439974162e+00
18                                     1.0869419749131883e+00
19                                     1.9958104352437087e+00
20                                     1.0232726385353705e+00
21                                     4.5677358224129954e+00
22                                     2.0842239192596956e+00
23                                     2.0968859834228124e+00
   &BVA [&Type "ArrayOfDoubles", &Dim (24,1)] "Mayer's bonded valence"
                                                         0

0                                      3.8153815342772308e+00
1                                      1.0215561767909671e+00
2                                      1.0134541210825063e+00
3                                      4.0225898185922597e+00
4                                      4.4668123277547389e+00
5                                      2.0809682916319323e+00
6                                      2.0657088479428625e+00
7                                      2.1340254902293090e+00
8                                      3.8929687644399213e+00
9                                      9.8910240122908155e-01
10                                     3.9042870064370674e+00
11                                     1.0372803610424886e+00
12                                     3.6807530916364599e+00
13                                     3.8992051756769315e+00
14                                     1.0351366075435571e+00
15                                     3.8646819938157217e+00
16                                     9.8314877391835509e-01
17                                     3.8052648439974290e+00
18                                     1.0869419749131819e+00
19                                     1.9958104352437358e+00
20                                     1.0232726385353650e+00
21                                     4.5677358224129820e+00
22                                     2.0842239192597489e+00
23                                     2.0968859834227134e+00
   &FA [&Type "ArrayOfDoubles", &Dim (24,1)] "Mayer's free valence"
                                                         0

0                                      0.0000000000000000e+00
1                                      0.0000000000000000e+00
2                                      0.0000000000000000e+00
3                                      0.0000000000000000e+00
4                                      0.0000000000000000e+00
5                                      0.0000000000000000e+00
6                                      0.0000000000000000e+00
7                                      0.0000000000000000e+00
8                                      0.0000000000000000e+00
9                                      0.0000000000000000e+00
10                                     0.0000000000000000e+00
11                                     0.0000000000000000e+00
12                                     0.0000000000000000e+00
13                                     0.0000000000000000e+00
14                                     0.0000000000000000e+00
15                                     0.0000000000000000e+00
16                                     0.0000000000000000e+00
17                                     0.0000000000000000e+00
18                                     0.0000000000000000e+00
19                                     0.0000000000000000e+00
20                                     0.0000000000000000e+00
21                                     0.0000000000000000e+00
22                                     0.0000000000000000e+00
23                                     0.0000000000000000e+00
$End
$VdW_Correction
   &GeometryIndex 1
   &ListStatus       OUT
   &VDW [&Type "Double"]      -5.5736158295047550e-02
$End
$Calculation_Info
   &GeometryIndex 1
   &ListStatus       OUT
   &MULT [&Type "Integer"] 1
   &CHARGE [&Type "Integer"] -2
   &NUMOFATOMS [&Type "Integer"] 24
   &NUMOFELECTRONS [&Type "Integer"] 118
   &NUMOFFCELECTRONS [&Type "Integer"] 1
   &NUMOFCORRELECTRONS [&Type "Integer"] 0
   &NUMOFBASISFUNCTS [&Type "Integer"] 264
   &NUMOFAUXCBASISFUNCTS [&Type "Integer"] 0
   &NUMOFAUXJBASISFUNCTS [&Type "Integer"] 872
   &NUMOFAUXJKBASISFUNCTS [&Type "Integer"] 0
   &NUMOFCABSBASISFUNCTS [&Type "Integer"] 0
   &TOTALENERGY [&Type "Double"]      -8.3611474139662698e+02  "Hartrees"
$End
$SCF_Dipole_Moment
   &GeometryIndex 1
   &ListStatus       OUT
   &METHOD [&Type "String"] "SCF"
   &LEVEL [&Type "String"] "Relaxed density"
   &MULT [&Type "Integer"] 1
   &STATE [&Type "Integer"] -1
   &IRREP [&Type "Integer"] 0
   &NATOMS [&Type "Integer"] 24
   &DODIPOLEATOM [&Type "Boolean"] false
   &DIPOLEELECCONTRIB [&Type "ArrayOfDoubles", &Dim (3,1)] "Electronic contribution"
                                                         0

0                                      1.3375931247488946e+00
1                                      2.7899603558786529e-01
2                                      1.4894951808985148e+00
   &DIPOLENUCCONTRIB [&Type "ArrayOfDoubles", &Dim (3,1)] "Nuclear contribution"
                                                         0

0                                     -3.0336837186000878e+00
1                                     -2.0471143466494297e+00
2                                     -3.2080227222290461e+00
   &DIPOLETOTAL [&Type "ArrayOfDoubles", &Dim (3,1)] "Total"
                                                         0

0                                     -1.6960905938511932e+00
1                                     -1.7681183110615644e+00
2                                     -1.7185275413305312e+00
   &DIPOLEMAGNITUDE [&Type "Double", &Units "a.u."]       2.9927082341540165e+00
$End
