*************************************************
******************* ORCA 6.0.1 ******************
*************************************************
$Calculation_Status
   &GeometryIndex 1
   &ListStatus       OUT
   &VERSION [&Type "String"] "6.0.1"
   &PROGNAME [&Type "String"] "LeanSCF"
   &STATUS [&Type "String"] "NORMAL TERMINATION"
$End
$Geometry
   &GeometryIndex 1
   &ListStatus       OUT
   &NATOMS [&Type "Integer"] 24
   &NCORELESSECP [&Type "Integer"] 0
   &NGHOSTATOMS [&Type "Integer"] 0
   &CartesianCoordinates [&Type "Coordinates", &Dim(24,4), &Units "Bohr"] 
              C     88.573353623023   53.936563314380  116.599881915209
              H     90.064347542687   52.700682422796  115.896903793390
              H     89.038226251968   55.584404503160  117.746945678499
              C     86.129937731863   53.509485208114  116.089655859050
              C     84.024782818675   55.200790097974  117.100659340698
              O     84.657841073538   57.160436098850  118.262840913060
              O     81.800575159049   54.469466084146  116.667912056030
              O     85.313576042009   51.453463174408  114.729053042627
              C     85.529004821276   51.459132352810  111.966273434834
              H     84.703194500752   49.631767181308  111.422032308265
              C     88.270997441596   51.542280302702  111.314317918631
              H     89.444517370761   49.939792541137  111.864228223602
              C     89.370818051538   53.611530419346  110.333550055126
              C     87.819352895588   55.843296983507  109.779860297887
              H     88.832246103370   57.538381325634  109.178927387300
              C     85.296568506804   55.865973697114  110.089775383850
              H     84.225093788870   57.602632014188  109.753404132012
              C     83.832030753015   53.509485208114  110.737951447785
              H     82.361823820824   53.951681123452  112.149576869825
              O     82.720871786269   52.606196116100  108.464610908678
              H     80.967205933990   51.988255670308  108.761297911704
              C     92.229973692161   53.732472891917  109.951825376074
              O     93.547112807504   51.999594027111  110.913695978240
              O     93.025548394541   55.601412038365  108.708385579954
$End
$SCF_Energy
   &GeometryIndex 1
   &ListStatus       OUT
   &SCF_ENERGY [&Type "Double"]      -8.3610106604445286e+02
$End
$DFT_Energy
   &GeometryIndex 1
   &ListStatus       OUT
   &NALPHAEL [&Type "Integer"] 59
   &NBETAEL [&Type "Integer"] 59
   &NTOTALEL [&Type "Integer"] 118
   &EEXCHANGE [&Type "Double"]      -8.3125634365871107e+01
   &ECORR [&Type "Double"]      -4.8451366611364879e+00
   &ECNL [&Type "Double"]       0.0000000000000000e+00
   &EXC [&Type "Double"]      -8.7970771027007601e+01
   &EEMBED [&Type "Double"]       0.0000000000000000e+00
   &FINALEN [&Type "Double"]      -8.3610106604445286e+02  "No Van der Waals correction"
$End
$Mulliken_Population_Analysis
   &GeometryIndex 1
   &ListStatus       OUT
   &NATOMS [&Type "Integer"] 24
   &ATNO [&Type "ArrayOfIntegers", &Dim (24,1)] 
                                                         0

0                                                        6
1                                                        1
2                                                        1
3                                                        6
4                                                        6
5                                                        8
6                                                        8
7                                                        8
8                                                        6
9                                                        1
10                                                       6
11                                                       1
12                                                       6
13                                                       6
14                                                       1
15                                                       6
16                                                       1
17                                                       6
18                                                       1
19                                                       8
20                                                       1
21                                                       6
22                                                       8
23                                                       8
   &ATOMICCHARGES [&Type "ArrayOfDoubles", &Dim (24,1)] 
                                                         0

0                                     -1.5497816482306526e-02
1                                     -9.5151360788248152e-03
2                                     -3.4983346646758617e-02
3                                      1.0751003589797747e-02
4                                      8.0750963845940049e-02
5                                     -4.0333335537436810e-01
6                                     -4.2169168682333513e-01
7                                     -3.6545514415944957e-01
8                                      2.9031581393951722e-01
9                                     -8.4591259234909177e-02
10                                    -9.7500667112318418e-02
11                                    -5.4293309973346027e-02
12                                    -1.8511361964539397e-02
13                                     3.5534761682254334e-02
14                                    -6.0999854359913730e-02
15                                    -2.4192065108954885e-02
16                                    -7.1635264239320318e-02
17                                     1.9564565159847547e-01
18                                    -6.9805187052021100e-03
19                                    -3.3972216276329625e-01
20                                     1.4284698359517223e-01
21                                     8.3073384389697580e-02
22                                    -4.1363482700817933e-01
23                                    -4.1638078660549915e-01
$End
$Loewdin_Population_Analysis
   &GeometryIndex 1
   &ListStatus       OUT
   &NATOMS [&Type "Integer"] 24
   &ATNO [&Type "ArrayOfIntegers", &Dim (24,1)] 
                                                         0

0                                                        6
1                                                        1
2                                                        1
3                                                        6
4                                                        6
5                                                        8
6                                                        8
7                                                        8
8                                                        6
9                                                        1
10                                                       6
11                                                       1
12                                                       6
13                                                       6
14                                                       1
15                                                       6
16                                                       1
17                                                       6
18                                                       1
19                                                       8
20                                                       1
21                                                       6
22                                                       8
23                                                       8
   &ATOMICCHARGES [&Type "ArrayOfDoubles", &Dim (24,1)] 
                                                         0

0                                     -1.0702501219584981e-01
1                                      9.3466736045291210e-03
2                                      8.4429797387644001e-03
3                                     -9.8527981170946077e-03
4                                     -6.1843805877932034e-02
5                                     -3.7713830795997616e-01
6                                     -3.8616036511204754e-01
7                                     -1.4995448465359829e-01
8                                      7.8955848338566170e-02
9                                     -2.1700778391895437e-03
10                                    -3.8797053504264767e-02
11                                     5.5432687966727734e-03
12                                    -6.5823785687151748e-02
13                                    -8.9749610192937368e-03
14                                     1.0840984255922947e-02
15                                    -5.9967395574240356e-02
16                                    -1.9989658743799765e-03
17                                     4.6799526704353056e-02
18                                     1.3103668517506883e-02
19                                    -1.6892357949399361e-01
20                                     7.0748222997078725e-02
21                                    -3.8818990247971641e-02
22                                    -3.8400693165235289e-01
23                                    -3.8232465814363437e-01
$End
$Mayer_Population_Analysis
   &GeometryIndex 1
   &ListStatus       OUT
   &NATOMS [&Type "Integer"] 24 "Total number of atoms"
   &BONDTHRESH [&Type "Double"]       1.0000000000000001e-01  "The threshold for printing"
   &NBONDORDERSPRINT [&Type "Integer"] 27 "The number of bond orders larger than threshold"
   &BONDORDERS [&Type "ArrayOfDoubles", &Dim (27,1)] "The bond orders"
                                                         0

0                                      9.1235255838302520e-01
1                                      9.0165319295486490e-01
2                                      1.9608205966549455e+00
3                                      8.3599727789218092e-01
4                                      1.0397190028084409e+00
5                                      1.8916394633516491e+00
6                                      1.7803076645683809e+00
7                                      1.2427131895655422e-01
8                                      1.1459105769079797e-01
9                                      9.5005998045518159e-01
10                                     8.8326668703475653e-01
11                                     9.7316056686671160e-01
12                                     9.5069753374941968e-01
13                                     9.3929011704503118e-01
14                                     1.7758627912043696e+00
15                                     1.0907983445550080e+00
16                                     8.3253974332651060e-01
17                                     9.6247740872776433e-01
18                                     1.7709697872649657e+00
19                                     9.5792081282466879e-01
20                                     9.7219116163975894e-01
21                                     8.8944232715402549e-01
22                                     1.0257875274797585e+00
23                                     9.7531586326571562e-01
24                                     1.8677667303694050e+00
25                                     1.8527250737846765e+00
26                                     1.2699790763321658e-01
   &COMPONENTS [&Type "ArrayOfIntegers", &Dim (27,4)] "The indices and atomic numbers of the bonding atoms"
                                                         0                           1                           2                           3

0                                                        0                           6                           1                           1
1                                                        0                           6                           2                           1
2                                                        0                           6                           3                           6
3                                                        3                           6                           4                           6
4                                                        3                           6                           7                           8
5                                                        4                           6                           5                           8
6                                                        4                           6                           6                           8
7                                                        5                           8                           6                           8
8                                                        6                           8                          18                           1
9                                                        7                           8                           8                           6
10                                                       8                           6                           9                           1
11                                                       8                           6                          10                           6
12                                                       8                           6                          17                           6
13                                                      10                           6                          11                           1
14                                                      10                           6                          12                           6
15                                                      12                           6                          13                           6
16                                                      12                           6                          21                           6
17                                                      13                           6                          14                           1
18                                                      13                           6                          15                           6
19                                                      15                           6                          16                           1
20                                                      15                           6                          17                           6
21                                                      17                           6                          18                           1
22                                                      17                           6                          19                           8
23                                                      19                           8                          20                           1
24                                                      21                           6                          22                           8
25                                                      21                           6                          23                           8
26                                                      22                           8                          23                           8
   &ATNO [&Type "ArrayOfIntegers", &Dim (24,1)] "Atomic number of the elements"
                                                         0

0                                                        6
1                                                        1
2                                                        1
3                                                        6
4                                                        6
5                                                        8
6                                                        8
7                                                        8
8                                                        6
9                                                        1
10                                                       6
11                                                       1
12                                                       6
13                                                       6
14                                                       1
15                                                       6
16                                                       1
17                                                       6
18                                                       1
19                                                       8
20                                                       1
21                                                       6
22                                                       8
23                                                       8
   &NA [&Type "ArrayOfDoubles", &Dim (24,1)] "Mulliken gross atomic population"
                                                         0

0                                      6.0154978164823021e+00
1                                      1.0095151360788255e+00
2                                      1.0349833466467575e+00
3                                      5.9892489964102049e+00
4                                      5.9192490361540573e+00
5                                      8.4033333553743645e+00
6                                      8.4216916868233369e+00
7                                      8.3654551441594425e+00
8                                      5.7096841860604819e+00
9                                      1.0845912592349090e+00
10                                     6.0975006671123211e+00
11                                     1.0542933099733467e+00
12                                     6.0185113619645385e+00
13                                     5.9644652383177474e+00
14                                     1.0609998543599140e+00
15                                     6.0241920651089540e+00
16                                     1.0716352642393194e+00
17                                     5.8043543484015228e+00
18                                     1.0069805187052019e+00
19                                     8.3397221627632927e+00
20                                     8.5715301640482799e-01
21                                     5.9169266156102989e+00
22                                     8.4136348270081811e+00
23                                     8.4163807866054992e+00
   &ZA [&Type "ArrayOfDoubles", &Dim (24,1)] "Total nuclear charge"
                                                         0

0                                      6.0000000000000000e+00
1                                      1.0000000000000000e+00
2                                      1.0000000000000000e+00
3                                      6.0000000000000000e+00
4                                      6.0000000000000000e+00
5                                      8.0000000000000000e+00
6                                      8.0000000000000000e+00
7                                      8.0000000000000000e+00
8                                      6.0000000000000000e+00
9                                      1.0000000000000000e+00
10                                     6.0000000000000000e+00
11                                     1.0000000000000000e+00
12                                     6.0000000000000000e+00
13                                     6.0000000000000000e+00
14                                     1.0000000000000000e+00
15                                     6.0000000000000000e+00
16                                     1.0000000000000000e+00
17                                     6.0000000000000000e+00
18                                     1.0000000000000000e+00
19                                     8.0000000000000000e+00
20                                     1.0000000000000000e+00
21                                     6.0000000000000000e+00
22                                     8.0000000000000000e+00
23                                     8.0000000000000000e+00
   &QA [&Type "ArrayOfDoubles", &Dim (24,1)] "Mulliken gross atomic charge"
                                                         0

0                                     -1.5497816482302085e-02
1                                     -9.5151360788254813e-03
2                                     -3.4983346646757507e-02
3                                      1.0751003589795083e-02
4                                      8.0750963845942714e-02
5                                     -4.0333335537436454e-01
6                                     -4.2169168682333691e-01
7                                     -3.6545514415944247e-01
8                                      2.9031581393951811e-01
9                                     -8.4591259234908955e-02
10                                    -9.7500667112321082e-02
11                                    -5.4293309973346693e-02
12                                    -1.8511361964538509e-02
13                                     3.5534761682252558e-02
14                                    -6.0999854359913952e-02
15                                    -2.4192065108953997e-02
16                                    -7.1635264239319429e-02
17                                     1.9564565159847724e-01
18                                    -6.9805187052018880e-03
19                                    -3.3972216276329270e-01
20                                     1.4284698359517201e-01
21                                     8.3073384389701133e-02
22                                    -4.1363482700818111e-01
23                                    -4.1638078660549915e-01
   &VA [&Type "ArrayOfDoubles", &Dim (24,1)] "Mayer's total valence"
                                                         0

0                                      3.8756280966164471e+00
1                                      1.0013915737607344e+00
2                                      1.0214564905147627e+00
3                                      3.9355280668839416e+00
4                                      4.5013526362412559e+00
5                                      2.0990217095699015e+00
6                                      2.0497314985834958e+00
7                                      2.0937598688779926e+00
8                                      3.7998436854575952e+00
9                                      9.9895389416554103e-01
10                                     3.8868621825653653e+00
11                                     1.0341118520872203e+00
12                                     3.7035686050280003e+00
13                                     3.9068028216599240e+00
14                                     1.0296753292832548e+00
15                                     3.8108298370714637e+00
16                                     9.7747851857659418e-01
17                                     3.8749381541980950e+00
18                                     1.0822055535329238e+00
19                                     2.0268546477443863e+00
20                                     1.0216181542056559e+00
21                                     4.5389294082729545e+00
22                                     2.0824720120812614e+00
23                                     2.0776529140132141e+00
   &BVA [&Type "ArrayOfDoubles", &Dim (24,1)] "Mayer's bonded valence"
                                                         0

0                                      3.8756280966164027e+00
1                                      1.0013915737607255e+00
2                                      1.0214564905147567e+00
3                                      3.9355280668839501e+00
4                                      4.5013526362412204e+00
5                                      2.0990217095698132e+00
6                                      2.0497314985834301e+00
7                                      2.0937598688779318e+00
8                                      3.7998436854575601e+00
9                                      9.9895389416553870e-01
10                                     3.8868621825653262e+00
11                                     1.0341118520872192e+00
12                                     3.7035686050279275e+00
13                                     3.9068028216598165e+00
14                                     1.0296753292832459e+00
15                                     3.8108298370713971e+00
16                                     9.7747851857659240e-01
17                                     3.8749381541981127e+00
18                                     1.0822055535329242e+00
19                                     2.0268546477443952e+00
20                                     1.0216181542056582e+00
21                                     4.5389294082729199e+00
22                                     2.0824720120812490e+00
23                                     2.0776529140131892e+00
   &FA [&Type "ArrayOfDoubles", &Dim (24,1)] "Mayer's free valence"
                                                         0

0                                      0.0000000000000000e+00
1                                      0.0000000000000000e+00
2                                      0.0000000000000000e+00
3                                      0.0000000000000000e+00
4                                      0.0000000000000000e+00
5                                      0.0000000000000000e+00
6                                      0.0000000000000000e+00
7                                      0.0000000000000000e+00
8                                      0.0000000000000000e+00
9                                      0.0000000000000000e+00
10                                     0.0000000000000000e+00
11                                     0.0000000000000000e+00
12                                     0.0000000000000000e+00
13                                     0.0000000000000000e+00
14                                     0.0000000000000000e+00
15                                     0.0000000000000000e+00
16                                     0.0000000000000000e+00
17                                     0.0000000000000000e+00
18                                     0.0000000000000000e+00
19                                     0.0000000000000000e+00
20                                     0.0000000000000000e+00
21                                     0.0000000000000000e+00
22                                     0.0000000000000000e+00
23                                     0.0000000000000000e+00
$End
$VdW_Correction
   &GeometryIndex 1
   &ListStatus       OUT
   &VDW [&Type "Double"]      -5.1068250819475990e-02
$End
$Calculation_Info
   &GeometryIndex 1
   &ListStatus       OUT
   &MULT [&Type "Integer"] 1
   &CHARGE [&Type "Integer"] -2
   &NUMOFATOMS [&Type "Integer"] 24
   &NUMOFELECTRONS [&Type "Integer"] 118
   &NUMOFFCELECTRONS [&Type "Integer"] 1
   &NUMOFCORRELECTRONS [&Type "Integer"] 0
   &NUMOFBASISFUNCTS [&Type "Integer"] 264
   &NUMOFAUXCBASISFUNCTS [&Type "Integer"] 0
   &NUMOFAUXJBASISFUNCTS [&Type "Integer"] 872
   &NUMOFAUXJKBASISFUNCTS [&Type "Integer"] 0
   &NUMOFCABSBASISFUNCTS [&Type "Integer"] 0
   &TOTALENERGY [&Type "Double"]      -8.3615213429527239e+02  "Hartrees"
$End
$SCF_Dipole_Moment
   &GeometryIndex 1
   &ListStatus       OUT
   &METHOD [&Type "String"] "SCF"
   &LEVEL [&Type "String"] "Relaxed density"
   &MULT [&Type "Integer"] 1
   &STATE [&Type "Integer"] -1
   &IRREP [&Type "Integer"] 0
   &NATOMS [&Type "Integer"] 24
   &DODIPOLEATOM [&Type "Boolean"] false
   &DIPOLEELECCONTRIB [&Type "ArrayOfDoubles", &Dim (3,1)] "Electronic contribution"
                                                         0

0                                      7.9710286217193627e-01
1                                     -5.3120677245020187e-01
2                                      5.4790336933125316e-01
   &DIPOLENUCCONTRIB [&Type "ArrayOfDoubles", &Dim (3,1)] "Nuclear contribution"
                                                         0

0                                     -3.0153233204948435e+00
1                                     -8.8189781165502268e-01
2                                     -2.0867291898091480e+00
   &DIPOLETOTAL [&Type "ArrayOfDoubles", &Dim (3,1)] "Total"
                                                         0

0                                     -2.2182204583229073e+00
1                                     -1.4131045841052245e+00
2                                     -1.5388258204778948e+00
   &DIPOLEMAGNITUDE [&Type "Double", &Units "a.u."]       3.0471874693085352e+00
$End
