*************************************************
******************* ORCA 6.0.1 ******************
*************************************************
$Calculation_Status
   &GeometryIndex 1
   &ListStatus       OUT
   &VERSION [&Type "String"] "6.0.1"
   &PROGNAME [&Type "String"] "LeanSCF"
   &STATUS [&Type "String"] "NORMAL TERMINATION"
$End
$Geometry
   &GeometryIndex 1
   &ListStatus       OUT
   &NATOMS [&Type "Integer"] 24
   &NCORELESSECP [&Type "Integer"] 0
   &NGHOSTATOMS [&Type "Integer"] 0
   &CartesianCoordinates [&Type "Coordinates", &Dim(24,4), &Units "Bohr"] 
              C     87.711638505955   58.957565652209  116.431696289290
              H     89.196963247217   57.610190918723  116.975937415859
              H     87.970530986302   60.739577396497  117.442699770938
              C     85.156728772893   57.920106004686  117.144123041778
              C     83.017558789294   59.722904736447  117.992610075909
              O     83.665734853229   61.578615799958  119.288962203779
              O     80.810358664874   59.114412921325  117.361441547179
              O     84.722091762091   55.659993548517  117.043967556681
              C     85.071691096867   56.232580567095  111.318097370899
              H     84.720202035958   54.346633885441  110.579214452536
              C     87.343141909840   56.878866904896  112.206268653842
              H     88.909724874861   55.535271623678  112.227055641315
              C     87.842029609195   59.384643758475  113.464826259034
              C     85.827581550435   61.287597975334  112.820429647367
              H     86.265998013505   63.256692606880  113.249397479767
              C     83.561799915864   60.626193828462  111.928478912156
              H     82.131277232485   62.077503499313  111.645019992068
              C     82.807799188429   57.950341622829  111.316207644765
              H     81.492549799220   57.313503915698  112.814760468965
              O     81.596484736586   57.819950519589  108.927593811489
              H     79.782347648021   57.356967616778  109.090110259006
              C     90.548117432971   60.359742443579  112.746730328144
              O     92.326349724991   58.798828656960  112.765627589483
              O     90.786222925845   62.657649422427  112.170363857298
$End
$SCF_Energy
   &GeometryIndex 1
   &ListStatus       OUT
   &SCF_ENERGY [&Type "Double"]      -8.3612233164234192e+02
$End
$DFT_Energy
   &GeometryIndex 1
   &ListStatus       OUT
   &NALPHAEL [&Type "Integer"] 59
   &NBETAEL [&Type "Integer"] 59
   &NTOTALEL [&Type "Integer"] 118
   &EEXCHANGE [&Type "Double"]      -8.3142798660316586e+01
   &ECORR [&Type "Double"]      -4.8467383523350200e+00
   &ECNL [&Type "Double"]       0.0000000000000000e+00
   &EXC [&Type "Double"]      -8.7989537012651610e+01
   &EEMBED [&Type "Double"]       0.0000000000000000e+00
   &FINALEN [&Type "Double"]      -8.3612233164234192e+02  "No Van der Waals correction"
$End
$Mulliken_Population_Analysis
   &GeometryIndex 1
   &ListStatus       OUT
   &NATOMS [&Type "Integer"] 24
   &ATNO [&Type "ArrayOfIntegers", &Dim (24,1)] 
                                                         0

0                                                        6
1                                                        1
2                                                        1
3                                                        6
4                                                        6
5                                                        8
6                                                        8
7                                                        8
8                                                        6
9                                                        1
10                                                       6
11                                                       1
12                                                       6
13                                                       6
14                                                       1
15                                                       6
16                                                       1
17                                                       6
18                                                       1
19                                                       8
20                                                       1
21                                                       6
22                                                       8
23                                                       8
   &ATOMICCHARGES [&Type "ArrayOfDoubles", &Dim (24,1)] 
                                                         0

0                                      2.3406935066957324e-01
1                                     -5.2189088792280458e-02
2                                     -2.7022541404791545e-02
3                                     -4.6257828056913475e-02
4                                      9.5605586333830317e-02
5                                     -4.0228020386631691e-01
6                                     -4.1171449722252440e-01
7                                     -2.7052134445425402e-01
8                                     -7.0412478909871012e-02
9                                     -9.7661298283032050e-02
10                                     6.6716293243399782e-02
11                                    -5.6319200588799134e-02
12                                    -2.1310749024493969e-01
13                                     6.1309779646836482e-02
14                                    -4.4845180480776348e-02
15                                    -6.1770766901128482e-02
16                                    -8.5135743359476157e-02
17                                     3.1631529960357252e-01
18                                     2.6663900257846151e-03
19                                    -3.5442245592182431e-01
20                                     1.3862017249334735e-01
21                                     9.8674247080941413e-02
22                                    -4.1459820127793279e-01
23                                    -4.0571879933237653e-01
$End
$Loewdin_Population_Analysis
   &GeometryIndex 1
   &ListStatus       OUT
   &NATOMS [&Type "Integer"] 24
   &ATNO [&Type "ArrayOfIntegers", &Dim (24,1)] 
                                                         0

0                                                        6
1                                                        1
2                                                        1
3                                                        6
4                                                        6
5                                                        8
6                                                        8
7                                                        8
8                                                        6
9                                                        1
10                                                       6
11                                                       1
12                                                       6
13                                                       6
14                                                       1
15                                                       6
16                                                       1
17                                                       6
18                                                       1
19                                                       8
20                                                       1
21                                                       6
22                                                       8
23                                                       8
   &ATOMICCHARGES [&Type "ArrayOfDoubles", &Dim (24,1)] 
                                                         0

0                                     -2.9935660662957275e-02
1                                      7.3366876135392278e-03
2                                      1.6148669791893000e-02
3                                      3.8382494134184597e-02
4                                     -7.6762073305871148e-02
5                                     -3.5882187970039503e-01
6                                     -3.7075944271383854e-01
7                                     -1.9716230474456609e-01
8                                     -7.0796498446583200e-02
9                                     -1.0337740323237421e-02
10                                     2.9283508675623793e-03
11                                     7.9479765176470041e-03
12                                    -7.7978555164649244e-02
13                                     6.1949682099795567e-03
14                                     1.4386079770745241e-02
15                                    -6.7030022323617544e-02
16                                    -3.3436491077236674e-03
17                                     4.9827527473703448e-02
18                                     1.3326860740124014e-02
19                                    -1.7663141693841311e-01
20                                     6.8218769537690349e-02
21                                    -2.4540904815595788e-02
22                                    -3.8071883165675580e-01
23                                    -3.7987940475284709e-01
$End
$Mayer_Population_Analysis
   &GeometryIndex 1
   &ListStatus       OUT
   &NATOMS [&Type "Integer"] 24 "Total number of atoms"
   &BONDTHRESH [&Type "Double"]       1.0000000000000001e-01  "The threshold for printing"
   &NBONDORDERSPRINT [&Type "Integer"] 26 "The number of bond orders larger than threshold"
   &BONDORDERS [&Type "ArrayOfDoubles", &Dim (26,1)] "The bond orders"
                                                         0

0                                      8.9018254381947548e-01
1                                      9.0440535284225099e-01
2                                      9.7896870811345416e-01
3                                      9.9885667418598290e-01
4                                      8.1667873239419253e-01
5                                      2.0516714722575866e+00
6                                      1.8292918240961749e+00
7                                      1.8260328906510503e+00
8                                      1.2924173012887716e-01
9                                      9.5410672024854715e-01
10                                     1.8684372617221985e+00
11                                     9.6858200912472936e-01
12                                     9.6041797813641017e-01
13                                     9.7724302330479373e-01
14                                     9.7338689682372570e-01
15                                     7.7636939882932532e-01
16                                     9.5832347855535416e-01
17                                     1.8742800513853850e+00
18                                     9.5218397772820618e-01
19                                     9.7755846879731445e-01
20                                     8.5258463190005740e-01
21                                     9.8189783691383004e-01
22                                     9.7821620512340113e-01
23                                     1.8511656075655822e+00
24                                     1.8928556081864234e+00
25                                     1.1399836427005741e-01
   &COMPONENTS [&Type "ArrayOfIntegers", &Dim (26,4)] "The indices and atomic numbers of the bonding atoms"
                                                         0                           1                           2                           3

0                                                        0                           6                           1                           1
1                                                        0                           6                           2                           1
2                                                        0                           6                           3                           6
3                                                        0                           6                          12                           6
4                                                        3                           6                           4                           6
5                                                        3                           6                           7                           8
6                                                        4                           6                           5                           8
7                                                        4                           6                           6                           8
8                                                        5                           8                           6                           8
9                                                        8                           6                           9                           1
10                                                       8                           6                          10                           6
11                                                       8                           6                          17                           6
12                                                      10                           6                          11                           1
13                                                      10                           6                          12                           6
14                                                      12                           6                          13                           6
15                                                      12                           6                          21                           6
16                                                      13                           6                          14                           1
17                                                      13                           6                          15                           6
18                                                      15                           6                          16                           1
19                                                      15                           6                          17                           6
20                                                      17                           6                          18                           1
21                                                      17                           6                          19                           8
22                                                      19                           8                          20                           1
23                                                      21                           6                          22                           8
24                                                      21                           6                          23                           8
25                                                      22                           8                          23                           8
   &ATNO [&Type "ArrayOfIntegers", &Dim (24,1)] "Atomic number of the elements"
                                                         0

0                                                        6
1                                                        1
2                                                        1
3                                                        6
4                                                        6
5                                                        8
6                                                        8
7                                                        8
8                                                        6
9                                                        1
10                                                       6
11                                                       1
12                                                       6
13                                                       6
14                                                       1
15                                                       6
16                                                       1
17                                                       6
18                                                       1
19                                                       8
20                                                       1
21                                                       6
22                                                       8
23                                                       8
   &NA [&Type "ArrayOfDoubles", &Dim (24,1)] "Mulliken gross atomic population"
                                                         0

0                                      5.7659306493304197e+00
1                                      1.0521890887922811e+00
2                                      1.0270225414047922e+00
3                                      6.0462578280569161e+00
4                                      5.9043944136661697e+00
5                                      8.4022802038663151e+00
6                                      8.4117144972225226e+00
7                                      8.2705213444542522e+00
8                                      6.0704124789098675e+00
9                                      1.0976612982830320e+00
10                                     5.9332837067565984e+00
11                                     1.0563192005887987e+00
12                                     6.2131074902449397e+00
13                                     5.9386902203531626e+00
14                                     1.0448451804807757e+00
15                                     6.0617707669011285e+00
16                                     1.0851357433594764e+00
17                                     5.6836847003964239e+00
18                                     9.9733360997421561e-01
19                                     8.3544224559218172e+00
20                                     8.6137982750665254e-01
21                                     5.9013257529190604e+00
22                                     8.4145982012779346e+00
23                                     8.4057187993323748e+00
   &ZA [&Type "ArrayOfDoubles", &Dim (24,1)] "Total nuclear charge"
                                                         0

0                                      6.0000000000000000e+00
1                                      1.0000000000000000e+00
2                                      1.0000000000000000e+00
3                                      6.0000000000000000e+00
4                                      6.0000000000000000e+00
5                                      8.0000000000000000e+00
6                                      8.0000000000000000e+00
7                                      8.0000000000000000e+00
8                                      6.0000000000000000e+00
9                                      1.0000000000000000e+00
10                                     6.0000000000000000e+00
11                                     1.0000000000000000e+00
12                                     6.0000000000000000e+00
13                                     6.0000000000000000e+00
14                                     1.0000000000000000e+00
15                                     6.0000000000000000e+00
16                                     1.0000000000000000e+00
17                                     6.0000000000000000e+00
18                                     1.0000000000000000e+00
19                                     8.0000000000000000e+00
20                                     1.0000000000000000e+00
21                                     6.0000000000000000e+00
22                                     8.0000000000000000e+00
23                                     8.0000000000000000e+00
   &QA [&Type "ArrayOfDoubles", &Dim (24,1)] "Mulliken gross atomic charge"
                                                         0

0                                      2.3406935066958034e-01
1                                     -5.2189088792281124e-02
2                                     -2.7022541404792211e-02
3                                     -4.6257828056916139e-02
4                                      9.5605586333830317e-02
5                                     -4.0228020386631513e-01
6                                     -4.1171449722252262e-01
7                                     -2.7052134445425224e-01
8                                     -7.0412478909867460e-02
9                                     -9.7661298283032050e-02
10                                     6.6716293243401559e-02
11                                    -5.6319200588798690e-02
12                                    -2.1310749024493969e-01
13                                     6.1309779646837370e-02
14                                    -4.4845180480775682e-02
15                                    -6.1770766901128482e-02
16                                    -8.5135743359476379e-02
17                                     3.1631529960357607e-01
18                                     2.6663900257843931e-03
19                                    -3.5442245592181720e-01
20                                     1.3862017249334746e-01
21                                     9.8674247080939637e-02
22                                    -4.1459820127793456e-01
23                                    -4.0571879933237476e-01
   &VA [&Type "ArrayOfDoubles", &Dim (24,1)] "Mayer's total valence"
                                                         0

0                                      3.7690471436341109e+00
1                                      1.0238804992684958e+00
2                                      1.0380488106344461e+00
3                                      3.9812949036419947e+00
4                                      4.4826346054831756e+00
5                                      2.0797631298596038e+00
6                                      2.0795972199373658e+00
7                                      2.1821338230066529e+00
8                                      3.9131131820558460e+00
9                                      9.8214603946793799e-01
10                                     3.8958708838230209e+00
11                                     1.0322798080507045e+00
12                                     3.7065714180475826e+00
13                                     3.9123689823591263e+00
14                                     1.0320002530542300e+00
15                                     3.9474773221328832e+00
16                                     9.8593492264018256e-01
17                                     3.7736564750720052e+00
18                                     1.0513216957653397e+00
19                                     1.9987235529098495e+00
20                                     1.0244001211087819e+00
21                                     4.5433002451402942e+00
22                                     2.0660115771259591e+00
23                                     2.0924982345516456e+00
   &BVA [&Type "ArrayOfDoubles", &Dim (24,1)] "Mayer's bonded valence"
                                                         0

0                                      3.7690471436341246e+00
1                                      1.0238804992684900e+00
2                                      1.0380488106344443e+00
3                                      3.9812949036420027e+00
4                                      4.4826346054831685e+00
5                                      2.0797631298596304e+00
6                                      2.0795972199373587e+00
7                                      2.1821338230066658e+00
8                                      3.9131131820558505e+00
9                                      9.8214603946794554e-01
10                                     3.8958708838230165e+00
11                                     1.0322798080507085e+00
12                                     3.7065714180475635e+00
13                                     3.9123689823590979e+00
14                                     1.0320002530542289e+00
15                                     3.9474773221328863e+00
16                                     9.8593492264018134e-01
17                                     3.7736564750720194e+00
18                                     1.0513216957653397e+00
19                                     1.9987235529098690e+00
20                                     1.0244001211087743e+00
21                                     4.5433002451402658e+00
22                                     2.0660115771259413e+00
23                                     2.0924982345516092e+00
   &FA [&Type "ArrayOfDoubles", &Dim (24,1)] "Mayer's free valence"
                                                         0

0                                      0.0000000000000000e+00
1                                      0.0000000000000000e+00
2                                      0.0000000000000000e+00
3                                      0.0000000000000000e+00
4                                      0.0000000000000000e+00
5                                      0.0000000000000000e+00
6                                      0.0000000000000000e+00
7                                      0.0000000000000000e+00
8                                      0.0000000000000000e+00
9                                      0.0000000000000000e+00
10                                     0.0000000000000000e+00
11                                     0.0000000000000000e+00
12                                     0.0000000000000000e+00
13                                     0.0000000000000000e+00
14                                     0.0000000000000000e+00
15                                     0.0000000000000000e+00
16                                     0.0000000000000000e+00
17                                     0.0000000000000000e+00
18                                     0.0000000000000000e+00
19                                     0.0000000000000000e+00
20                                     0.0000000000000000e+00
21                                     0.0000000000000000e+00
22                                     0.0000000000000000e+00
23                                     0.0000000000000000e+00
$End
$VdW_Correction
   &GeometryIndex 1
   &ListStatus       OUT
   &VDW [&Type "Double"]      -5.4767535294665146e-02
$End
$Calculation_Info
   &GeometryIndex 1
   &ListStatus       OUT
   &MULT [&Type "Integer"] 1
   &CHARGE [&Type "Integer"] -2
   &NUMOFATOMS [&Type "Integer"] 24
   &NUMOFELECTRONS [&Type "Integer"] 118
   &NUMOFFCELECTRONS [&Type "Integer"] 1
   &NUMOFCORRELECTRONS [&Type "Integer"] 0
   &NUMOFBASISFUNCTS [&Type "Integer"] 264
   &NUMOFAUXCBASISFUNCTS [&Type "Integer"] 0
   &NUMOFAUXJBASISFUNCTS [&Type "Integer"] 872
   &NUMOFAUXJKBASISFUNCTS [&Type "Integer"] 0
   &NUMOFCABSBASISFUNCTS [&Type "Integer"] 0
   &TOTALENERGY [&Type "Double"]      -8.3617709917763659e+02  "Hartrees"
$End
$SCF_Dipole_Moment
   &GeometryIndex 1
   &ListStatus       OUT
   &METHOD [&Type "String"] "SCF"
   &LEVEL [&Type "String"] "Relaxed density"
   &MULT [&Type "Integer"] 1
   &STATE [&Type "Integer"] -1
   &IRREP [&Type "Integer"] 0
   &NATOMS [&Type "Integer"] 24
   &DODIPOLEATOM [&Type "Boolean"] false
   &DIPOLEELECCONTRIB [&Type "ArrayOfDoubles", &Dim (3,1)] "Electronic contribution"
                                                         0

0                                      1.1073014319958407e+00
1                                      6.4271754809347992e-01
2                                      2.9012294562473047e+00
   &DIPOLENUCCONTRIB [&Type "ArrayOfDoubles", &Dim (3,1)] "Nuclear contribution"
                                                         0

0                                     -2.7792097248071457e+00
1                                     -2.1087960467569076e+00
2                                     -4.2417712274077672e+00
   &DIPOLETOTAL [&Type "ArrayOfDoubles", &Dim (3,1)] "Total"
                                                         0

0                                     -1.6719082928113049e+00
1                                     -1.4660784986634277e+00
2                                     -1.3405417711604626e+00
   &DIPOLEMAGNITUDE [&Type "Double", &Units "a.u."]       2.5964814160783920e+00
$End
