*************************************************
******************* ORCA 6.0.1 ******************
*************************************************
$Calculation_Status
   &GeometryIndex 1
   &ListStatus       OUT
   &VERSION [&Type "String"] "6.0.1"
   &PROGNAME [&Type "String"] "LeanSCF"
   &STATUS [&Type "String"] "NORMAL TERMINATION"
$End
$Geometry
   &GeometryIndex 1
   &ListStatus       OUT
   &NATOMS [&Type "Integer"] 24
   &NCORELESSECP [&Type "Integer"] 0
   &NGHOSTATOMS [&Type "Integer"] 0
   &CartesianCoordinates [&Type "Coordinates", &Dim(24,4), &Units "Bohr"] 
              C     88.195408396239   51.181342611123  107.986510196796
              H     89.913169451973   50.616314497081  107.017080690094
              H     88.242651549587   52.710131053465  109.362230822291
              C     86.003326080890   50.024830217163  107.483843045173
              C     83.563689641998   50.829853550214  108.793423255980
              O     83.718647184979   52.570291319555  110.378903482340
              O     81.549241583238   49.711135678932  108.171703357920
              O     85.850258264042   47.980146540261  105.888914188143
              C     85.615932223436   48.271164364884  103.129914032618
              H     85.432628788446   46.315297816276  102.462840707344
              C     88.008325508981   49.463581555389  102.207727679265
              H     89.720417386313   48.322186970500  102.100013289631
              C     88.150054969025   51.982586491906  101.878915331963
              C     85.855927442444   53.534051647855  102.073557123756
              H     86.088363756917   55.578735324758  101.962063281855
              C     83.558020463596   52.492812548065  102.366464674514
              H     81.891282013477   53.709796178310  102.466620159612
              C     83.161177975473   49.673341156254  102.409928375594
              H     81.798685432915   49.195240444372  103.906591473660
              O     82.269227240262   48.894773989078  100.011865911648
              H     80.734769619518   47.776056117797  100.238633047719
              C     90.686067440747   53.292166702713  101.599235864142
              O     92.685397690436   52.058175537263  101.364909823536
              O     90.638824287399   55.659993548517  101.746634502588
$End
$SCF_Energy
   &GeometryIndex 1
   &ListStatus       OUT
   &SCF_ENERGY [&Type "Double"]      -8.3609346071663924e+02
$End
$DFT_Energy
   &GeometryIndex 1
   &ListStatus       OUT
   &NALPHAEL [&Type "Integer"] 59
   &NBETAEL [&Type "Integer"] 59
   &NTOTALEL [&Type "Integer"] 118
   &EEXCHANGE [&Type "Double"]      -8.3137442503016615e+01
   &ECORR [&Type "Double"]      -4.8468368917601197e+00
   &ECNL [&Type "Double"]       0.0000000000000000e+00
   &EXC [&Type "Double"]      -8.7984279394776735e+01
   &EEMBED [&Type "Double"]       0.0000000000000000e+00
   &FINALEN [&Type "Double"]      -8.3609346071663924e+02  "No Van der Waals correction"
$End
$Mulliken_Population_Analysis
   &GeometryIndex 1
   &ListStatus       OUT
   &NATOMS [&Type "Integer"] 24
   &ATNO [&Type "ArrayOfIntegers", &Dim (24,1)] 
                                                         0

0                                                        6
1                                                        1
2                                                        1
3                                                        6
4                                                        6
5                                                        8
6                                                        8
7                                                        8
8                                                        6
9                                                        1
10                                                       6
11                                                       1
12                                                       6
13                                                       6
14                                                       1
15                                                       6
16                                                       1
17                                                       6
18                                                       1
19                                                       8
20                                                       1
21                                                       6
22                                                       8
23                                                       8
   &ATOMICCHARGES [&Type "ArrayOfDoubles", &Dim (24,1)] 
                                                         0

0                                      1.4054247126340513e-03
1                                     -1.7457252990357830e-02
2                                     -3.1394361582707919e-02
3                                      1.3711822711813149e-02
4                                      8.3688206463134129e-02
5                                     -4.0002679560888588e-01
6                                     -4.1869567832184806e-01
7                                     -3.7421872806943668e-01
8                                      2.7460264292770287e-01
9                                     -9.0616117801019191e-02
10                                    -8.0226367435317414e-02
11                                    -6.4343731879436206e-02
12                                    -3.5488280432347530e-02
13                                     4.2778631699144753e-02
14                                    -5.9694596802027933e-02
15                                    -2.2578943021292375e-02
16                                    -7.2262987811597679e-02
17                                     2.0247136098514851e-01
18                                    -1.0414292131178282e-02
19                                    -3.3878678870451395e-01
20                                     1.4690023951445097e-01
21                                     6.0449771195790092e-02
22                                    -4.0435661830488812e-01
23                                    -4.0544655931281426e-01
$End
$Loewdin_Population_Analysis
   &GeometryIndex 1
   &ListStatus       OUT
   &NATOMS [&Type "Integer"] 24
   &ATNO [&Type "ArrayOfIntegers", &Dim (24,1)] 
                                                         0

0                                                        6
1                                                        1
2                                                        1
3                                                        6
4                                                        6
5                                                        8
6                                                        8
7                                                        8
8                                                        6
9                                                        1
10                                                       6
11                                                       1
12                                                       6
13                                                       6
14                                                       1
15                                                       6
16                                                       1
17                                                       6
18                                                       1
19                                                       8
20                                                       1
21                                                       6
22                                                       8
23                                                       8
   &ATOMICCHARGES [&Type "ArrayOfDoubles", &Dim (24,1)] 
                                                         0

0                                     -9.8155471751131707e-02
1                                      7.3798656264475460e-03
2                                      9.6622352979429671e-03
3                                     -7.8293868137517819e-03
4                                     -5.6850337966898756e-02
5                                     -3.7277501282820857e-01
6                                     -3.8634846772283282e-01
7                                     -1.5422016737471367e-01
8                                      8.2641962622965970e-02
9                                     -5.9221421596975521e-03
10                                    -4.8255889140709662e-02
11                                     1.7330572782594533e-03
12                                    -6.0277901589659955e-02
13                                    -8.0865708235675626e-03
14                                     1.1489055917122348e-02
15                                    -5.6186622039493983e-02
16                                    -1.5306519537816587e-03
17                                     3.8442739260724501e-02
18                                     8.8419942009397845e-03
19                                    -1.7178163421591641e-01
20                                     7.9094897843879353e-02
21                                    -5.2328028159370987e-02
22                                    -3.8322984659114034e-01
23                                    -3.7550767691728026e-01
$End
$Mayer_Population_Analysis
   &GeometryIndex 1
   &ListStatus       OUT
   &NATOMS [&Type "Integer"] 24 "Total number of atoms"
   &BONDTHRESH [&Type "Double"]       1.0000000000000001e-01  "The threshold for printing"
   &NBONDORDERSPRINT [&Type "Integer"] 27 "The number of bond orders larger than threshold"
   &BONDORDERS [&Type "ArrayOfDoubles", &Dim (27,1)] "The bond orders"
                                                         0

0                                      9.1236898808171341e-01
1                                      9.0595740202291086e-01
2                                      1.9593573428344544e+00
3                                      8.3572414064494793e-01
4                                      1.0308903400642107e+00
5                                      1.8960131141173464e+00
6                                      1.7742884537456782e+00
7                                      1.2307745798081640e-01
8                                      1.3761452301911320e-01
9                                      9.4085615440743964e-01
10                                     8.8964513842781190e-01
11                                     9.7366153845324088e-01
12                                     9.6004190429292380e-01
13                                     9.3689914569319221e-01
14                                     1.7760335317010338e+00
15                                     1.0923538034761726e+00
16                                     8.3363664474509602e-01
17                                     9.6279053698144401e-01
18                                     1.7728786644401109e+00
19                                     9.5517364793949822e-01
20                                     9.6334463183215591e-01
21                                     8.7911230574258725e-01
22                                     1.0267072873319369e+00
23                                     9.7523962662170505e-01
24                                     1.9003677849023795e+00
25                                     1.8601572860647335e+00
26                                     1.1638101856297468e-01
   &COMPONENTS [&Type "ArrayOfIntegers", &Dim (27,4)] "The indices and atomic numbers of the bonding atoms"
                                                         0                           1                           2                           3

0                                                        0                           6                           1                           1
1                                                        0                           6                           2                           1
2                                                        0                           6                           3                           6
3                                                        3                           6                           4                           6
4                                                        3                           6                           7                           8
5                                                        4                           6                           5                           8
6                                                        4                           6                           6                           8
7                                                        5                           8                           6                           8
8                                                        6                           8                          18                           1
9                                                        7                           8                           8                           6
10                                                       8                           6                           9                           1
11                                                       8                           6                          10                           6
12                                                       8                           6                          17                           6
13                                                      10                           6                          11                           1
14                                                      10                           6                          12                           6
15                                                      12                           6                          13                           6
16                                                      12                           6                          21                           6
17                                                      13                           6                          14                           1
18                                                      13                           6                          15                           6
19                                                      15                           6                          16                           1
20                                                      15                           6                          17                           6
21                                                      17                           6                          18                           1
22                                                      17                           6                          19                           8
23                                                      19                           8                          20                           1
24                                                      21                           6                          22                           8
25                                                      21                           6                          23                           8
26                                                      22                           8                          23                           8
   &ATNO [&Type "ArrayOfIntegers", &Dim (24,1)] "Atomic number of the elements"
                                                         0

0                                                        6
1                                                        1
2                                                        1
3                                                        6
4                                                        6
5                                                        8
6                                                        8
7                                                        8
8                                                        6
9                                                        1
10                                                       6
11                                                       1
12                                                       6
13                                                       6
14                                                       1
15                                                       6
16                                                       1
17                                                       6
18                                                       1
19                                                       8
20                                                       1
21                                                       6
22                                                       8
23                                                       8
   &NA [&Type "ArrayOfDoubles", &Dim (24,1)] "Mulliken gross atomic population"
                                                         0

0                                      5.9985945752873704e+00
1                                      1.0174572529903581e+00
2                                      1.0313943615827081e+00
3                                      5.9862881772881895e+00
4                                      5.9163117935368703e+00
5                                      8.4000267956088823e+00
6                                      8.4186956783218410e+00
7                                      8.3742187280694331e+00
8                                      5.7253973570722945e+00
9                                      1.0906161178010199e+00
10                                     6.0802263674353192e+00
11                                     1.0643437318794364e+00
12                                     6.0354882804323458e+00
13                                     5.9572213683008579e+00
14                                     1.0596945968020270e+00
15                                     6.0225789430212924e+00
16                                     1.0722629878115972e+00
17                                     5.7975286390148497e+00
18                                     1.0104142921311783e+00
19                                     8.3387867887045140e+00
20                                     8.5309976048554903e-01
21                                     5.9395502288042099e+00
22                                     8.4043566183048846e+00
23                                     8.4054465593128125e+00
   &ZA [&Type "ArrayOfDoubles", &Dim (24,1)] "Total nuclear charge"
                                                         0

0                                      6.0000000000000000e+00
1                                      1.0000000000000000e+00
2                                      1.0000000000000000e+00
3                                      6.0000000000000000e+00
4                                      6.0000000000000000e+00
5                                      8.0000000000000000e+00
6                                      8.0000000000000000e+00
7                                      8.0000000000000000e+00
8                                      6.0000000000000000e+00
9                                      1.0000000000000000e+00
10                                     6.0000000000000000e+00
11                                     1.0000000000000000e+00
12                                     6.0000000000000000e+00
13                                     6.0000000000000000e+00
14                                     1.0000000000000000e+00
15                                     6.0000000000000000e+00
16                                     1.0000000000000000e+00
17                                     6.0000000000000000e+00
18                                     1.0000000000000000e+00
19                                     8.0000000000000000e+00
20                                     1.0000000000000000e+00
21                                     6.0000000000000000e+00
22                                     8.0000000000000000e+00
23                                     8.0000000000000000e+00
   &QA [&Type "ArrayOfDoubles", &Dim (24,1)] "Mulliken gross atomic charge"
                                                         0

0                                      1.4054247126296104e-03
1                                     -1.7457252990358052e-02
2                                     -3.1394361582708141e-02
3                                      1.3711822711810484e-02
4                                      8.3688206463129688e-02
5                                     -4.0002679560888232e-01
6                                     -4.1869567832184096e-01
7                                     -3.7421872806943313e-01
8                                      2.7460264292770553e-01
9                                     -9.0616117801019858e-02
10                                    -8.0226367435319190e-02
11                                    -6.4343731879436428e-02
12                                    -3.5488280432345753e-02
13                                     4.2778631699142089e-02
14                                    -5.9694596802027045e-02
15                                    -2.2578943021292375e-02
16                                    -7.2262987811597235e-02
17                                     2.0247136098515028e-01
18                                    -1.0414292131178282e-02
19                                    -3.3878678870451395e-01
20                                     1.4690023951445097e-01
21                                     6.0449771195790092e-02
22                                    -4.0435661830488456e-01
23                                    -4.0544655931281248e-01
   &VA [&Type "ArrayOfDoubles", &Dim (24,1)] "Mayer's total valence"
                                                         0

0                                      3.8884431788581986e+00
1                                      9.9312215134488691e-01
2                                      1.0223486369824974e+00
3                                      3.9299919485551040e+00
4                                      4.5085475268229684e+00
5                                      2.1038893160785452e+00
6                                      2.0645418269854092e+00
7                                      2.0834930377565071e+00
8                                      3.8347937925213085e+00
9                                      9.9283946151708813e-01
10                                     3.8659497384904555e+00
11                                     1.0311430032292099e+00
12                                     3.7129272241886464e+00
13                                     3.9160363455597773e+00
14                                     1.0371866233599951e+00
15                                     3.8129531271542456e+00
16                                     9.7877416400782236e-01
17                                     3.8590458152356280e+00
18                                     1.0950507874496715e+00
19                                     2.0228508276368782e+00
20                                     1.0172256052611406e+00
21                                     4.5795804773196851e+00
22                                     2.0896379354863757e+00
23                                     2.0859380514123105e+00
   &BVA [&Type "ArrayOfDoubles", &Dim (24,1)] "Mayer's bonded valence"
                                                         0

0                                      3.8884431788581644e+00
1                                      9.9312215134488391e-01
2                                      1.0223486369825034e+00
3                                      3.9299919485550596e+00
4                                      4.5085475268229951e+00
5                                      2.1038893160785470e+00
6                                      2.0645418269854368e+00
7                                      2.0834930377564902e+00
8                                      3.8347937925212725e+00
9                                      9.9283946151707869e-01
10                                     3.8659497384903818e+00
11                                     1.0311430032291822e+00
12                                     3.7129272241886255e+00
13                                     3.9160363455596832e+00
14                                     1.0371866233599836e+00
15                                     3.8129531271542287e+00
16                                     9.7877416400782069e-01
17                                     3.8590458152355693e+00
18                                     1.0950507874496715e+00
19                                     2.0228508276369297e+00
20                                     1.0172256052611404e+00
21                                     4.5795804773196815e+00
22                                     2.0896379354864116e+00
23                                     2.0859380514123274e+00
   &FA [&Type "ArrayOfDoubles", &Dim (24,1)] "Mayer's free valence"
                                                         0

0                                      0.0000000000000000e+00
1                                      0.0000000000000000e+00
2                                      0.0000000000000000e+00
3                                      0.0000000000000000e+00
4                                      0.0000000000000000e+00
5                                      0.0000000000000000e+00
6                                      0.0000000000000000e+00
7                                      0.0000000000000000e+00
8                                      0.0000000000000000e+00
9                                      0.0000000000000000e+00
10                                     0.0000000000000000e+00
11                                     0.0000000000000000e+00
12                                     0.0000000000000000e+00
13                                     0.0000000000000000e+00
14                                     0.0000000000000000e+00
15                                     0.0000000000000000e+00
16                                     0.0000000000000000e+00
17                                     0.0000000000000000e+00
18                                     0.0000000000000000e+00
19                                     0.0000000000000000e+00
20                                     0.0000000000000000e+00
21                                     0.0000000000000000e+00
22                                     0.0000000000000000e+00
23                                     0.0000000000000000e+00
$End
$VdW_Correction
   &GeometryIndex 1
   &ListStatus       OUT
   &VDW [&Type "Double"]      -5.2156736684564532e-02
$End
$Calculation_Info
   &GeometryIndex 1
   &ListStatus       OUT
   &MULT [&Type "Integer"] 1
   &CHARGE [&Type "Integer"] -2
   &NUMOFATOMS [&Type "Integer"] 24
   &NUMOFELECTRONS [&Type "Integer"] 118
   &NUMOFFCELECTRONS [&Type "Integer"] 1
   &NUMOFCORRELECTRONS [&Type "Integer"] 0
   &NUMOFBASISFUNCTS [&Type "Integer"] 264
   &NUMOFAUXCBASISFUNCTS [&Type "Integer"] 0
   &NUMOFAUXJBASISFUNCTS [&Type "Integer"] 872
   &NUMOFAUXJKBASISFUNCTS [&Type "Integer"] 0
   &NUMOFCABSBASISFUNCTS [&Type "Integer"] 0
   &TOTALENERGY [&Type "Double"]      -8.3614561745332378e+02  "Hartrees"
$End
$SCF_Dipole_Moment
   &GeometryIndex 1
   &ListStatus       OUT
   &METHOD [&Type "String"] "SCF"
   &LEVEL [&Type "String"] "Relaxed density"
   &MULT [&Type "Integer"] 1
   &STATE [&Type "Integer"] -1
   &IRREP [&Type "Integer"] 0
   &NATOMS [&Type "Integer"] 24
   &DODIPOLEATOM [&Type "Boolean"] false
   &DIPOLEELECCONTRIB [&Type "ArrayOfDoubles", &Dim (3,1)] "Electronic contribution"
                                                         0

0                                      9.2151476106752195e-01
1                                      4.5073429196639765e-02
2                                      4.6754944769972023e-01
   &DIPOLENUCCONTRIB [&Type "ArrayOfDoubles", &Dim (3,1)] "Nuclear contribution"
                                                         0

0                                     -2.7997121507228258e+00
1                                     -2.2110709573983058e+00
2                                     -2.1671248943003008e+00
   &DIPOLETOTAL [&Type "ArrayOfDoubles", &Dim (3,1)] "Total"
                                                         0

0                                     -1.8781973896553037e+00
1                                     -2.1659975282016659e+00
2                                     -1.6995754466005806e+00
   &DIPOLEMAGNITUDE [&Type "Double", &Units "a.u."]       3.3328257418249887e+00
$End
