*************************************************
******************* ORCA 6.0.1 ******************
*************************************************
$Calculation_Status
   &GeometryIndex 1
   &ListStatus       OUT
   &VERSION [&Type "String"] "6.0.1"
   &PROGNAME [&Type "String"] "LeanSCF"
   &STATUS [&Type "String"] "NORMAL TERMINATION"
$End
$Geometry
   &GeometryIndex 1
   &ListStatus       OUT
   &NATOMS [&Type "Integer"] 24
   &NCORELESSECP [&Type "Integer"] 0
   &NGHOSTATOMS [&Type "Integer"] 0
   &CartesianCoordinates [&Type "Coordinates", &Dim(24,4), &Units "Bohr"] 
              C     88.346586486952   51.566846742443  106.238513522919
              H     90.187179741392   50.686234364036  106.516303264605
              H     88.303122785872   53.403660544615  107.187156042147
              C     86.504103506379   49.779165819754  107.481953319039
              C     84.017223914139   50.758043957125  108.651693795936
              O     84.259108859281   52.458797477654  110.261740462037
              O     81.991437498575   49.707356226665  107.990289649064
              O     87.023778193208   47.541730077191  107.644469766556
              C     85.323024672678   48.257936281947  101.620022851615
              H     85.141610963822   46.324746446946  100.924603634332
              C     87.581247402714   49.236814419318  102.173712608854
              H     89.317905719788   48.148332166180  101.956394103453
              C     87.902500845481   51.835187853460  103.296209932403
              C     85.568689070088   53.426337258222  102.906926348816
              H     85.780338397087   55.459682578321  103.158259924627
              C     83.321804696856   52.439900216315  102.332449604104
              H     81.685301864880   53.679560560167  102.122690003238
              C     82.868270424715   49.671451430120  101.882694784230
              H     81.861046395335   48.919340428819  103.553212686617
              O     81.381055957319   49.372874700961   99.688722742748
              H     79.988327796619   48.101089012832  100.015645363916
              C     90.321350296900   53.133429707464  102.173712608854
              O     92.262099036437   51.848415936397  101.810885191141
              O     90.223084537936   55.465351756723  101.761752311659
$End
$SCF_Energy
   &GeometryIndex 1
   &ListStatus       OUT
   &SCF_ENERGY [&Type "Double"]      -8.3612344107125546e+02
$End
$DFT_Energy
   &GeometryIndex 1
   &ListStatus       OUT
   &NALPHAEL [&Type "Integer"] 58
   &NBETAEL [&Type "Integer"] 58
   &NTOTALEL [&Type "Integer"] 117
   &EEXCHANGE [&Type "Double"]      -8.3149894618003515e+01
   &ECORR [&Type "Double"]      -4.8460600912020526e+00
   &ECNL [&Type "Double"]       0.0000000000000000e+00
   &EXC [&Type "Double"]      -8.7995954709205563e+01
   &EEMBED [&Type "Double"]       0.0000000000000000e+00
   &FINALEN [&Type "Double"]      -8.3612344107125546e+02  "No Van der Waals correction"
$End
$Mulliken_Population_Analysis
   &GeometryIndex 1
   &ListStatus       OUT
   &NATOMS [&Type "Integer"] 24
   &ATNO [&Type "ArrayOfIntegers", &Dim (24,1)] 
                                                         0

0                                                        6
1                                                        1
2                                                        1
3                                                        6
4                                                        6
5                                                        8
6                                                        8
7                                                        8
8                                                        6
9                                                        1
10                                                       6
11                                                       1
12                                                       6
13                                                       6
14                                                       1
15                                                       6
16                                                       1
17                                                       6
18                                                       1
19                                                       8
20                                                       1
21                                                       6
22                                                       8
23                                                       8
   &ATOMICCHARGES [&Type "ArrayOfDoubles", &Dim (24,1)] 
                                                         0

0                                      2.1992301488521004e-01
1                                     -5.1806655769772503e-02
2                                     -2.5458542912162319e-02
3                                     -1.4892153096388583e-03
4                                      1.0412603425897071e-01
5                                     -4.1390222607851435e-01
6                                     -4.0908486250052256e-01
7                                     -2.9541036308749113e-01
8                                     -7.2513236221428912e-02
9                                     -9.9245844545295059e-02
10                                     5.8764942016211741e-02
11                                    -5.2633666726531914e-02
12                                    -1.9864967771587860e-01
13                                     6.3618977798810761e-02
14                                    -5.1326834493122364e-02
15                                    -6.8401040081232267e-02
16                                    -8.6515655747779086e-02
17                                     3.1357945295112000e-01
18                                     5.4458837247350900e-03
19                                    -3.5803633265759238e-01
20                                     1.4274970130447207e-01
21                                     8.2891918272745002e-02
22                                    -4.0244548986020945e-01
23                                    -4.0418028150506835e-01
$End
$Loewdin_Population_Analysis
   &GeometryIndex 1
   &ListStatus       OUT
   &NATOMS [&Type "Integer"] 24
   &ATNO [&Type "ArrayOfIntegers", &Dim (24,1)] 
                                                         0

0                                                        6
1                                                        1
2                                                        1
3                                                        6
4                                                        6
5                                                        8
6                                                        8
7                                                        8
8                                                        6
9                                                        1
10                                                       6
11                                                       1
12                                                       6
13                                                       6
14                                                       1
15                                                       6
16                                                       1
17                                                       6
18                                                       1
19                                                       8
20                                                       1
21                                                       6
22                                                       8
23                                                       8
   &ATOMICCHARGES [&Type "ArrayOfDoubles", &Dim (24,1)] 
                                                         0

0                                     -2.8416575631585062e-02
1                                      9.0817382572756511e-03
2                                      1.6624761243402064e-02
3                                      4.6072135214786591e-02
4                                     -7.0649316743689461e-02
5                                     -3.5805531672244229e-01
6                                     -3.6387324387469455e-01
7                                     -2.0971005808273446e-01
8                                     -7.5454609697809261e-02
9                                     -1.1007752026133799e-02
10                                     3.8041380682178882e-03
11                                     9.3204526495876960e-03
12                                    -7.8603276428966140e-02
13                                     2.5554168465493632e-03
14                                     1.0669677364969377e-02
15                                    -6.6242860744820220e-02
16                                    -4.2446600428922565e-03
17                                     4.3260755703066422e-02
18                                     1.1104965602924843e-02
19                                    -1.7912822288147190e-01
20                                     7.6714037779080479e-02
21                                    -3.1176228158072306e-02
22                                    -3.7384452034242877e-01
23                                    -3.7880143735210048e-01
$End
$Mayer_Population_Analysis
   &GeometryIndex 1
   &ListStatus       OUT
   &NATOMS [&Type "Integer"] 24 "Total number of atoms"
   &BONDTHRESH [&Type "Double"]       1.0000000000000001e-01  "The threshold for printing"
   &NBONDORDERSPRINT [&Type "Integer"] 27 "The number of bond orders larger than threshold"
   &BONDORDERS [&Type "ArrayOfDoubles", &Dim (27,1)] "The bond orders"
                                                         0

0                                      8.8547758901465434e-01
1                                      9.1531374715859370e-01
2                                      9.8129038641317079e-01
3                                      1.0092340482761457e+00
4                                      8.3100858394603427e-01
5                                      2.0331510051844841e+00
6                                      1.8218033863814442e+00
7                                      1.7851060779076464e+00
8                                      1.2301399790085585e-01
9                                      1.1180177560604275e-01
10                                     9.5189648683532757e-01
11                                     1.8689982778551524e+00
12                                     9.7078928833622280e-01
13                                     9.6007075571820322e-01
14                                     9.7890874847592257e-01
15                                     9.6672304126461062e-01
16                                     7.7429309724334039e-01
17                                     9.5824755295432917e-01
18                                     1.8809920930793869e+00
19                                     9.5454302448445250e-01
20                                     9.7100280742020884e-01
21                                     8.4485290990822803e-01
22                                     9.7579122909372529e-01
23                                     9.7550794156449072e-01
24                                     1.8632940818264734e+00
25                                     1.8938825957691623e+00
26                                     1.0840521550907448e-01
   &COMPONENTS [&Type "ArrayOfIntegers", &Dim (27,4)] "The indices and atomic numbers of the bonding atoms"
                                                         0                           1                           2                           3

0                                                        0                           6                           1                           1
1                                                        0                           6                           2                           1
2                                                        0                           6                           3                           6
3                                                        0                           6                          12                           6
4                                                        3                           6                           4                           6
5                                                        3                           6                           7                           8
6                                                        4                           6                           5                           8
7                                                        4                           6                           6                           8
8                                                        5                           8                           6                           8
9                                                        6                           8                          18                           1
10                                                       8                           6                           9                           1
11                                                       8                           6                          10                           6
12                                                       8                           6                          17                           6
13                                                      10                           6                          11                           1
14                                                      10                           6                          12                           6
15                                                      12                           6                          13                           6
16                                                      12                           6                          21                           6
17                                                      13                           6                          14                           1
18                                                      13                           6                          15                           6
19                                                      15                           6                          16                           1
20                                                      15                           6                          17                           6
21                                                      17                           6                          18                           1
22                                                      17                           6                          19                           8
23                                                      19                           8                          20                           1
24                                                      21                           6                          22                           8
25                                                      21                           6                          23                           8
26                                                      22                           8                          23                           8
   &ATNO [&Type "ArrayOfIntegers", &Dim (24,1)] "Atomic number of the elements"
                                                         0

0                                                        6
1                                                        1
2                                                        1
3                                                        6
4                                                        6
5                                                        8
6                                                        8
7                                                        8
8                                                        6
9                                                        1
10                                                       6
11                                                       1
12                                                       6
13                                                       6
14                                                       1
15                                                       6
16                                                       1
17                                                       6
18                                                       1
19                                                       8
20                                                       1
21                                                       6
22                                                       8
23                                                       8
   &NA [&Type "ArrayOfDoubles", &Dim (24,1)] "Mulliken gross atomic population"
                                                         0

0                                      5.7800769851147917e+00
1                                      1.0518066557697721e+00
2                                      1.0254585429121623e+00
3                                      6.0014892153096415e+00
4                                      5.8958739657410293e+00
5                                      8.4139022260785179e+00
6                                      8.4090848625005208e+00
7                                      8.2954103630874929e+00
8                                      6.0725132362214334e+00
9                                      1.0992458445452951e+00
10                                     5.9412350579837900e+00
11                                     1.0526336667265321e+00
12                                     6.1986496777158751e+00
13                                     5.9363810222011875e+00
14                                     1.0513268344931219e+00
15                                     6.0684010400812314e+00
16                                     1.0865156557477793e+00
17                                     5.6864205470488827e+00
18                                     9.9455411627526513e-01
19                                     8.3580363326575888e+00
20                                     8.5725029869552793e-01
21                                     5.9171080817272568e+00
22                                     8.4024454898602077e+00
23                                     8.4041802815050719e+00
   &ZA [&Type "ArrayOfDoubles", &Dim (24,1)] "Total nuclear charge"
                                                         0

0                                      6.0000000000000000e+00
1                                      1.0000000000000000e+00
2                                      1.0000000000000000e+00
3                                      6.0000000000000000e+00
4                                      6.0000000000000000e+00
5                                      8.0000000000000000e+00
6                                      8.0000000000000000e+00
7                                      8.0000000000000000e+00
8                                      6.0000000000000000e+00
9                                      1.0000000000000000e+00
10                                     6.0000000000000000e+00
11                                     1.0000000000000000e+00
12                                     6.0000000000000000e+00
13                                     6.0000000000000000e+00
14                                     1.0000000000000000e+00
15                                     6.0000000000000000e+00
16                                     1.0000000000000000e+00
17                                     6.0000000000000000e+00
18                                     1.0000000000000000e+00
19                                     8.0000000000000000e+00
20                                     1.0000000000000000e+00
21                                     6.0000000000000000e+00
22                                     8.0000000000000000e+00
23                                     8.0000000000000000e+00
   &QA [&Type "ArrayOfDoubles", &Dim (24,1)] "Mulliken gross atomic charge"
                                                         0

0                                      2.1992301488520827e-01
1                                     -5.1806655769772059e-02
2                                     -2.5458542912162319e-02
3                                     -1.4892153096415228e-03
4                                      1.0412603425897071e-01
5                                     -4.1390222607851790e-01
6                                     -4.0908486250052079e-01
7                                     -2.9541036308749291e-01
8                                     -7.2513236221433353e-02
9                                     -9.9245844545295059e-02
10                                     5.8764942016209964e-02
11                                    -5.2633666726532136e-02
12                                    -1.9864967771587505e-01
13                                     6.3618977798812537e-02
14                                    -5.1326834493121920e-02
15                                    -6.8401040081231379e-02
16                                    -8.6515655747779308e-02
17                                     3.1357945295111733e-01
18                                     5.4458837247348679e-03
19                                    -3.5803633265758883e-01
20                                     1.4274970130447207e-01
21                                     8.2891918272743226e-02
22                                    -4.0244548986020767e-01
23                                    -4.0418028150507190e-01
   &VA [&Type "ArrayOfDoubles", &Dim (24,1)] "Mayer's total valence"
                                                         0

0                                      3.7804882290280282e+00
1                                      1.0396270737608320e+00
2                                      1.0236449457798675e+00
3                                      3.9853766192843314e+00
4                                      4.4616129548874781e+00
5                                      2.0659285511242089e+00
6                                      2.0723737323693383e+00
7                                      2.1761324861892892e+00
8                                      3.9127275629837444e+00
9                                      9.8057254412066286e-01
10                                     3.8963846797733579e+00
11                                     1.0370874801673058e+00
12                                     3.7014737254680594e+00
13                                     3.8962647684331051e+00
14                                     1.0349458927625053e+00
15                                     3.9323404738839232e+00
16                                     9.8393746464801879e-01
17                                     3.7522611707765834e+00
18                                     1.0676912418864952e+00
19                                     1.9957599880510011e+00
20                                     1.0197255352053869e+00
21                                     4.5542576557111794e+00
22                                     2.0769649351128194e+00
23                                     2.0894395290683385e+00
   &BVA [&Type "ArrayOfDoubles", &Dim (24,1)] "Mayer's bonded valence"
                                                         0

0                                      3.7804882290280371e+00
1                                      1.0396270737608302e+00
2                                      1.0236449457798664e+00
3                                      3.9853766192843776e+00
4                                      4.4616129548874870e+00
5                                      2.0659285511242320e+00
6                                      2.0723737323692895e+00
7                                      2.1761324861892763e+00
8                                      3.9127275629836737e+00
9                                      9.8057254412064843e-01
10                                     3.8963846797733233e+00
11                                     1.0370874801672938e+00
12                                     3.7014737254680359e+00
13                                     3.8962647684331095e+00
14                                     1.0349458927625026e+00
15                                     3.9323404738839356e+00
16                                     9.8393746464800813e-01
17                                     3.7522611707766420e+00
18                                     1.0676912418865043e+00
19                                     1.9957599880509935e+00
20                                     1.0197255352053778e+00
21                                     4.5542576557111722e+00
22                                     2.0769649351128514e+00
23                                     2.0894395290683256e+00
   &FA [&Type "ArrayOfDoubles", &Dim (24,1)] "Mayer's free valence"
                                                         0

0                                      0.0000000000000000e+00
1                                      0.0000000000000000e+00
2                                      0.0000000000000000e+00
3                                      0.0000000000000000e+00
4                                      0.0000000000000000e+00
5                                      0.0000000000000000e+00
6                                      0.0000000000000000e+00
7                                      0.0000000000000000e+00
8                                      0.0000000000000000e+00
9                                      0.0000000000000000e+00
10                                     0.0000000000000000e+00
11                                     0.0000000000000000e+00
12                                     0.0000000000000000e+00
13                                     0.0000000000000000e+00
14                                     0.0000000000000000e+00
15                                     0.0000000000000000e+00
16                                     0.0000000000000000e+00
17                                     0.0000000000000000e+00
18                                     0.0000000000000000e+00
19                                     0.0000000000000000e+00
20                                     0.0000000000000000e+00
21                                     0.0000000000000000e+00
22                                     0.0000000000000000e+00
23                                     0.0000000000000000e+00
$End
$VdW_Correction
   &GeometryIndex 1
   &ListStatus       OUT
   &VDW [&Type "Double"]      -5.3587377474260352e-02
$End
$Calculation_Info
   &GeometryIndex 1
   &ListStatus       OUT
   &MULT [&Type "Integer"] 1
   &CHARGE [&Type "Integer"] -2
   &NUMOFATOMS [&Type "Integer"] 24
   &NUMOFELECTRONS [&Type "Integer"] 118
   &NUMOFFCELECTRONS [&Type "Integer"] 1
   &NUMOFCORRELECTRONS [&Type "Integer"] 0
   &NUMOFBASISFUNCTS [&Type "Integer"] 264
   &NUMOFAUXCBASISFUNCTS [&Type "Integer"] 0
   &NUMOFAUXJBASISFUNCTS [&Type "Integer"] 872
   &NUMOFAUXJKBASISFUNCTS [&Type "Integer"] 0
   &NUMOFCABSBASISFUNCTS [&Type "Integer"] 0
   &TOTALENERGY [&Type "Double"]      -8.3617702844872974e+02  "Hartrees"
$End
$SCF_Dipole_Moment
   &GeometryIndex 1
   &ListStatus       OUT
   &METHOD [&Type "String"] "SCF"
   &LEVEL [&Type "String"] "Relaxed density"
   &MULT [&Type "Integer"] 1
   &STATE [&Type "Integer"] -1
   &IRREP [&Type "Integer"] 0
   &NATOMS [&Type "Integer"] 24
   &DODIPOLEATOM [&Type "Boolean"] false
   &DIPOLEELECCONTRIB [&Type "ArrayOfDoubles", &Dim (3,1)] "Electronic contribution"
                                                         0

0                                      1.7493097893606284e+00
1                                      2.8815251054584096e-01
2                                      3.0505200629364686e+00
   &DIPOLENUCCONTRIB [&Type "ArrayOfDoubles", &Dim (3,1)] "Nuclear contribution"
                                                         0

0                                     -3.4397008738404935e+00
1                                     -1.7005581816149373e+00
2                                     -4.3125147009547931e+00
   &DIPOLETOTAL [&Type "ArrayOfDoubles", &Dim (3,1)] "Total"
                                                         0

0                                     -1.6903910844798651e+00
1                                     -1.4124056710690964e+00
2                                     -1.2619946380183245e+00
   &DIPOLEMAGNITUDE [&Type "Double", &Units "a.u."]       2.5386890838667426e+00
$End
