*************************************************
******************* ORCA 6.0.1 ******************
*************************************************
$Calculation_Status
   &GeometryIndex 1
   &ListStatus       OUT
   &VERSION [&Type "String"] "6.0.1"
   &PROGNAME [&Type "String"] "LeanSCF"
   &STATUS [&Type "String"] "NORMAL TERMINATION"
$End
$Geometry
   &GeometryIndex 1
   &ListStatus       OUT
   &NATOMS [&Type "Integer"] 24
   &NCORELESSECP [&Type "Integer"] 0
   &NGHOSTATOMS [&Type "Integer"] 0
   &CartesianCoordinates [&Type "Coordinates", &Dim(24,4), &Units "Bohr"] 
              C     90.929842112023   58.058056012463  110.426146635688
              H     92.322570272723   56.618084698415  110.970387762258
              H     91.424950359110   59.747471176188  111.531636424032
              C     88.318240594944   57.077288148957  111.053535712150
              C     86.247100752166   58.670327279853  112.346108387752
              O     86.951968600119   60.165100651785  114.026074920808
              O     84.032341723210   58.226241638382  111.631791909130
              O     87.747543302499   54.913551725618  110.528191846920
              C     88.444852245916   55.512594910071  105.287981277556
              H     87.919508380686   53.649324942024  104.600120964809
              C     90.763546212238   56.022820966229  106.161034751428
              H     92.239422322830   54.577180473780  106.217726535446
              C     91.347471587619   58.494582749398  107.463056057700
              C     89.635379710287   60.522258891096  106.399140244302
              H     90.387490711587   62.444110369294  106.385912161365
              C     87.337472731438   60.030930096276  105.469394986413
              H     86.145055540934   61.554049360217  104.739960698719
              C     86.296233631648   57.392872413322  105.250186754878
              H     85.077360275269   57.028155269476  106.913145752729
              O     84.865710948269   57.158546372716  103.010861286181
              H     83.206531402687   56.298720981782  103.385027060698
              C     94.202847775974   59.275039642708  107.257075909102
              O     95.792107454602   57.678221059544  108.022414993341
              O     94.731971093472   61.438776066048  106.457721754454
$End
$SCF_Energy
   &GeometryIndex 1
   &ListStatus       OUT
   &SCF_ENERGY [&Type "Double"]      -8.3611793468136125e+02
$End
$DFT_Energy
   &GeometryIndex 1
   &ListStatus       OUT
   &NALPHAEL [&Type "Integer"] 59
   &NBETAEL [&Type "Integer"] 59
   &NTOTALEL [&Type "Integer"] 118
   &EEXCHANGE [&Type "Double"]      -8.3131449572538912e+01
   &ECORR [&Type "Double"]      -4.8459598624565814e+00
   &ECNL [&Type "Double"]       0.0000000000000000e+00
   &EXC [&Type "Double"]      -8.7977409434995494e+01
   &EEMBED [&Type "Double"]       0.0000000000000000e+00
   &FINALEN [&Type "Double"]      -8.3611793468136125e+02  "No Van der Waals correction"
$End
$Mulliken_Population_Analysis
   &GeometryIndex 1
   &ListStatus       OUT
   &NATOMS [&Type "Integer"] 24
   &ATNO [&Type "ArrayOfIntegers", &Dim (24,1)] 
                                                         0

0                                                        6
1                                                        1
2                                                        1
3                                                        6
4                                                        6
5                                                        8
6                                                        8
7                                                        8
8                                                        6
9                                                        1
10                                                       6
11                                                       1
12                                                       6
13                                                       6
14                                                       1
15                                                       6
16                                                       1
17                                                       6
18                                                       1
19                                                       8
20                                                       1
21                                                       6
22                                                       8
23                                                       8
   &ATOMICCHARGES [&Type "ArrayOfDoubles", &Dim (24,1)] 
                                                         0

0                                      2.2808700967185658e-01
1                                     -3.6228142654360473e-02
2                                     -3.2844976858369623e-02
3                                     -2.6454468448541490e-02
4                                      7.4182248908195803e-02
5                                     -4.0775077085107014e-01
6                                     -4.0808181809331323e-01
7                                     -2.6977165363686240e-01
8                                     -5.4650531622089993e-02
9                                     -9.5184738129371560e-02
10                                     5.3888296488763920e-02
11                                    -5.6821154461928147e-02
12                                    -2.0784109081543356e-01
13                                     6.1245401418949186e-02
14                                    -4.4824318695031229e-02
15                                    -7.3685311999215131e-02
16                                    -8.2621641475796315e-02
17                                     2.8710304616553994e-01
18                                     2.2485378409398571e-02
19                                    -3.5716534831714952e-01
20                                     1.5058602419063738e-01
21                                     9.4659787764595826e-02
22                                    -4.2593890149857394e-01
23                                    -3.9237232546070544e-01
$End
$Loewdin_Population_Analysis
   &GeometryIndex 1
   &ListStatus       OUT
   &NATOMS [&Type "Integer"] 24
   &ATNO [&Type "ArrayOfIntegers", &Dim (24,1)] 
                                                         0

0                                                        6
1                                                        1
2                                                        1
3                                                        6
4                                                        6
5                                                        8
6                                                        8
7                                                        8
8                                                        6
9                                                        1
10                                                       6
11                                                       1
12                                                       6
13                                                       6
14                                                       1
15                                                       6
16                                                       1
17                                                       6
18                                                       1
19                                                       8
20                                                       1
21                                                       6
22                                                       8
23                                                       8
   &ATOMICCHARGES [&Type "ArrayOfDoubles", &Dim (24,1)] 
                                                         0

0                                     -3.1059896278151200e-02
1                                      1.7283021476982685e-02
2                                      1.5552118944335946e-02
3                                      3.4759601861756195e-02
4                                     -8.3660050445199197e-02
5                                     -3.6458852715744072e-01
6                                     -3.6949872142724516e-01
7                                     -1.8960893884391616e-01
8                                     -6.4820776284510551e-02
9                                     -1.0495266512544843e-02
10                                    -3.6768922245888902e-03
11                                     7.1098219164180687e-03
12                                    -7.6799343283490806e-02
13                                    -8.6008229879741549e-04
14                                     1.0406976300014970e-02
15                                    -7.1648508445241177e-02
16                                    -4.5964982294144363e-03
17                                     4.4084076127364646e-02
18                                     1.9592382833483524e-02
19                                    -1.7768923484974941e-01
20                                     8.0518674413396329e-02
21                                    -2.3925396072799643e-02
22                                    -3.8674690519486887e-01
23                                    -3.6963163632568374e-01
$End
$Mayer_Population_Analysis
   &GeometryIndex 1
   &ListStatus       OUT
   &NATOMS [&Type "Integer"] 24 "Total number of atoms"
   &BONDTHRESH [&Type "Double"]       1.0000000000000001e-01  "The threshold for printing"
   &NBONDORDERSPRINT [&Type "Integer"] 26 "The number of bond orders larger than threshold"
   &BONDORDERS [&Type "ArrayOfDoubles", &Dim (26,1)] "The bond orders"
                                                         0

0                                      8.8312707057267881e-01
1                                      9.1797459941788850e-01
2                                      9.6572503192784409e-01
3                                      9.9656174559441513e-01
4                                      8.1898375082727093e-01
5                                      2.0246461441452501e+00
6                                      1.8467791664798772e+00
7                                      1.8300481525987151e+00
8                                      1.3391158101957432e-01
9                                      9.5002069222806940e-01
10                                     1.8657102826576852e+00
11                                     9.8240971724374826e-01
12                                     9.5897882787686883e-01
13                                     9.8403178501655808e-01
14                                     9.6899601373427369e-01
15                                     7.8182191708717763e-01
16                                     9.5588660817029358e-01
17                                     1.8635286419838106e+00
18                                     9.5682520702016238e-01
19                                     9.8079931111079155e-01
20                                     8.5471231964838146e-01
21                                     9.8819068920798248e-01
22                                     9.7551938462127896e-01
23                                     1.8240784745363021e+00
24                                     1.8979477115974324e+00
25                                     1.1470713549825985e-01
   &COMPONENTS [&Type "ArrayOfIntegers", &Dim (26,4)] "The indices and atomic numbers of the bonding atoms"
                                                         0                           1                           2                           3

0                                                        0                           6                           1                           1
1                                                        0                           6                           2                           1
2                                                        0                           6                           3                           6
3                                                        0                           6                          12                           6
4                                                        3                           6                           4                           6
5                                                        3                           6                           7                           8
6                                                        4                           6                           5                           8
7                                                        4                           6                           6                           8
8                                                        5                           8                           6                           8
9                                                        8                           6                           9                           1
10                                                       8                           6                          10                           6
11                                                       8                           6                          17                           6
12                                                      10                           6                          11                           1
13                                                      10                           6                          12                           6
14                                                      12                           6                          13                           6
15                                                      12                           6                          21                           6
16                                                      13                           6                          14                           1
17                                                      13                           6                          15                           6
18                                                      15                           6                          16                           1
19                                                      15                           6                          17                           6
20                                                      17                           6                          18                           1
21                                                      17                           6                          19                           8
22                                                      19                           8                          20                           1
23                                                      21                           6                          22                           8
24                                                      21                           6                          23                           8
25                                                      22                           8                          23                           8
   &ATNO [&Type "ArrayOfIntegers", &Dim (24,1)] "Atomic number of the elements"
                                                         0

0                                                        6
1                                                        1
2                                                        1
3                                                        6
4                                                        6
5                                                        8
6                                                        8
7                                                        8
8                                                        6
9                                                        1
10                                                       6
11                                                       1
12                                                       6
13                                                       6
14                                                       1
15                                                       6
16                                                       1
17                                                       6
18                                                       1
19                                                       8
20                                                       1
21                                                       6
22                                                       8
23                                                       8
   &NA [&Type "ArrayOfDoubles", &Dim (24,1)] "Mulliken gross atomic population"
                                                         0

0                                      5.7719129903281434e+00
1                                      1.0362281426543609e+00
2                                      1.0328449768583701e+00
3                                      6.0264544684485415e+00
4                                      5.9258177510918051e+00
5                                      8.4077507708510630e+00
6                                      8.4080818180933132e+00
7                                      8.2697716536368659e+00
8                                      6.0546505316220927e+00
9                                      1.0951847381293718e+00
10                                     5.9461117035112352e+00
11                                     1.0568211544619284e+00
12                                     6.2078410908154300e+00
13                                     5.9387545985810526e+00
14                                     1.0448243186950317e+00
15                                     6.0736853119992178e+00
16                                     1.0826216414757961e+00
17                                     5.7128969538344601e+00
18                                     9.7751462159060121e-01
19                                     8.3571653483171531e+00
20                                     8.4941397580936251e-01
21                                     5.9053402122354060e+00
22                                     8.4259389014985739e+00
23                                     8.3923723254607037e+00
   &ZA [&Type "ArrayOfDoubles", &Dim (24,1)] "Total nuclear charge"
                                                         0

0                                      6.0000000000000000e+00
1                                      1.0000000000000000e+00
2                                      1.0000000000000000e+00
3                                      6.0000000000000000e+00
4                                      6.0000000000000000e+00
5                                      8.0000000000000000e+00
6                                      8.0000000000000000e+00
7                                      8.0000000000000000e+00
8                                      6.0000000000000000e+00
9                                      1.0000000000000000e+00
10                                     6.0000000000000000e+00
11                                     1.0000000000000000e+00
12                                     6.0000000000000000e+00
13                                     6.0000000000000000e+00
14                                     1.0000000000000000e+00
15                                     6.0000000000000000e+00
16                                     1.0000000000000000e+00
17                                     6.0000000000000000e+00
18                                     1.0000000000000000e+00
19                                     8.0000000000000000e+00
20                                     1.0000000000000000e+00
21                                     6.0000000000000000e+00
22                                     8.0000000000000000e+00
23                                     8.0000000000000000e+00
   &QA [&Type "ArrayOfDoubles", &Dim (24,1)] "Mulliken gross atomic charge"
                                                         0

0                                      2.2808700967185658e-01
1                                     -3.6228142654360918e-02
2                                     -3.2844976858370067e-02
3                                     -2.6454468448541490e-02
4                                      7.4182248908194914e-02
5                                     -4.0775077085106304e-01
6                                     -4.0808181809331323e-01
7                                     -2.6977165363686595e-01
8                                     -5.4650531622092657e-02
9                                     -9.5184738129371782e-02
10                                     5.3888296488764809e-02
11                                    -5.6821154461928369e-02
12                                    -2.0784109081543001e-01
13                                     6.1245401418947409e-02
14                                    -4.4824318695031673e-02
15                                    -7.3685311999217795e-02
16                                    -8.2621641475796093e-02
17                                     2.8710304616553994e-01
18                                     2.2485378409398793e-02
19                                    -3.5716534831715308e-01
20                                     1.5058602419063749e-01
21                                     9.4659787764594050e-02
22                                    -4.2593890149857394e-01
23                                    -3.9237232546070366e-01
   &VA [&Type "ArrayOfDoubles", &Dim (24,1)] "Mayer's total valence"
                                                         0

0                                      3.7735467575527961e+00
1                                      1.0486677833606615e+00
2                                      1.0192365317250305e+00
3                                      3.9237824553840213e+00
4                                      4.5008447867965788e+00
5                                      2.0733368878660201e+00
6                                      2.0772051472614277e+00
7                                      2.1726023253296134e+00
8                                      3.9151444485421605e+00
9                                      9.8604939157736915e-01
10                                     3.9076028537129588e+00
11                                     1.0218447321807294e+00
12                                     3.7151193296588465e+00
13                                     3.8611308212464679e+00
14                                     1.0427796163591372e+00
15                                     3.8838382729560017e+00
16                                     9.8683282719195620e-01
17                                     3.8026707871037524e+00
18                                     1.0682317741278078e+00
19                                     2.0072465784514018e+00
20                                     1.0153353440182009e+00
21                                     4.5334713302277860e+00
22                                     2.0557737071495774e+00
23                                     2.1087738802531129e+00
   &BVA [&Type "ArrayOfDoubles", &Dim (24,1)] "Mayer's bonded valence"
                                                         0

0                                      3.7735467575528263e+00
1                                      1.0486677833606612e+00
2                                      1.0192365317250247e+00
3                                      3.9237824553840395e+00
4                                      4.5008447867965531e+00
5                                      2.0733368878660841e+00
6                                      2.0772051472614983e+00
7                                      2.1726023253296205e+00
8                                      3.9151444485420805e+00
9                                      9.8604939157736038e-01
10                                     3.9076028537128882e+00
11                                     1.0218447321807116e+00
12                                     3.7151193296588083e+00
13                                     3.8611308212464395e+00
14                                     1.0427796163591219e+00
15                                     3.8838382729560248e+00
16                                     9.8683282719193988e-01
17                                     3.8026707871037204e+00
18                                     1.0682317741278136e+00
19                                     2.0072465784513778e+00
20                                     1.0153353440182029e+00
21                                     4.5334713302277772e+00
22                                     2.0557737071495659e+00
23                                     2.1087738802530520e+00
   &FA [&Type "ArrayOfDoubles", &Dim (24,1)] "Mayer's free valence"
                                                         0

0                                      0.0000000000000000e+00
1                                      0.0000000000000000e+00
2                                      0.0000000000000000e+00
3                                      0.0000000000000000e+00
4                                      0.0000000000000000e+00
5                                      0.0000000000000000e+00
6                                      0.0000000000000000e+00
7                                      0.0000000000000000e+00
8                                      0.0000000000000000e+00
9                                      0.0000000000000000e+00
10                                     0.0000000000000000e+00
11                                     0.0000000000000000e+00
12                                     0.0000000000000000e+00
13                                     0.0000000000000000e+00
14                                     0.0000000000000000e+00
15                                     0.0000000000000000e+00
16                                     0.0000000000000000e+00
17                                     0.0000000000000000e+00
18                                     0.0000000000000000e+00
19                                     0.0000000000000000e+00
20                                     0.0000000000000000e+00
21                                     0.0000000000000000e+00
22                                     0.0000000000000000e+00
23                                     0.0000000000000000e+00
$End
$VdW_Correction
   &GeometryIndex 1
   &ListStatus       OUT
   &VDW [&Type "Double"]      -5.3482197310089089e-02
$End
$Calculation_Info
   &GeometryIndex 1
   &ListStatus       OUT
   &MULT [&Type "Integer"] 1
   &CHARGE [&Type "Integer"] -2
   &NUMOFATOMS [&Type "Integer"] 24
   &NUMOFELECTRONS [&Type "Integer"] 118
   &NUMOFFCELECTRONS [&Type "Integer"] 1
   &NUMOFCORRELECTRONS [&Type "Integer"] 0
   &NUMOFBASISFUNCTS [&Type "Integer"] 264
   &NUMOFAUXCBASISFUNCTS [&Type "Integer"] 0
   &NUMOFAUXJBASISFUNCTS [&Type "Integer"] 872
   &NUMOFAUXJKBASISFUNCTS [&Type "Integer"] 0
   &NUMOFCABSBASISFUNCTS [&Type "Integer"] 0
   &TOTALENERGY [&Type "Double"]      -8.3617141687867138e+02  "Hartrees"
$End
$SCF_Dipole_Moment
   &GeometryIndex 1
   &ListStatus       OUT
   &METHOD [&Type "String"] "SCF"
   &LEVEL [&Type "String"] "Relaxed density"
   &MULT [&Type "Integer"] 1
   &STATE [&Type "Integer"] -1
   &IRREP [&Type "Integer"] 0
   &NATOMS [&Type "Integer"] 24
   &DODIPOLEATOM [&Type "Boolean"] false
   &DIPOLEELECCONTRIB [&Type "ArrayOfDoubles", &Dim (3,1)] "Electronic contribution"
                                                         0

0                                      7.8594569546631943e-01
1                                      3.5465401542942399e-01
2                                      3.3584571596271333e+00
   &DIPOLENUCCONTRIB [&Type "ArrayOfDoubles", &Dim (3,1)] "Nuclear contribution"
                                                         0

0                                     -2.3602497662874100e+00
1                                     -1.6649088127019525e+00
2                                     -5.3903661739856972e+00
   &DIPOLETOTAL [&Type "ArrayOfDoubles", &Dim (3,1)] "Total"
                                                         0

0                                     -1.5743040708210905e+00
1                                     -1.3102547972725285e+00
2                                     -2.0319090143585639e+00
   &DIPOLEMAGNITUDE [&Type "Double", &Units "a.u."]       2.8851092152310498e+00
$End
