*************************************************
******************* ORCA 6.0.1 ******************
*************************************************
$Calculation_Status
   &GeometryIndex 1
   &ListStatus       OUT
   &VERSION [&Type "String"] "6.0.1"
   &PROGNAME [&Type "String"] "LeanSCF"
   &STATUS [&Type "String"] "NORMAL TERMINATION"
$End
$Geometry
   &GeometryIndex 1
   &ListStatus       OUT
   &NATOMS [&Type "Integer"] 24
   &NCORELESSECP [&Type "Integer"] 0
   &NGHOSTATOMS [&Type "Integer"] 0
   &CartesianCoordinates [&Type "Coordinates", &Dim(24,4), &Units "Bohr"] 
              C     90.848583888264   56.776821693664  117.387897713054
              H     92.201627800152   55.240474346786  117.697812799017
              H     91.349361313753   58.420883430175  118.534961476344
              C     88.303122785872   55.733692867739  118.174023784765
              C     86.220644586291   57.504366255224  119.258726585636
              O     86.870710376360   59.683220487635  119.940917719982
              O     84.045569806148   56.614305246147  119.349433440064
              O     87.847698787597   53.496257125177  117.928359387356
              C     88.112260446346   54.556393486307  112.281857699199
              H     87.675733709410   52.736587219340  111.433370665068
              C     90.449851674007   55.166775027563  113.018850891428
              H     92.037221626501   53.860974269024  112.818539921233
              C     90.982754443773   57.542160777902  114.496616728155
              C     88.985313920218   59.513145135582  113.995839302666
              H     89.489870797975   61.461452779655  114.430476313467
              C     86.668509680030   58.921660855665  113.181367338946
              H     85.241766448920   60.395647240123  112.988615273286
              C     85.852147990176   56.268485363639  112.542639905680
              H     84.650282169002   55.569286694088  114.107333144567
              O     84.461309555610   56.215573031889  110.252291831368
              H     82.707643703331   55.569286694088  110.537640477590
              C     93.747423777699   58.562612890220  114.073318074156
              O     95.510538260648   56.969573759324  113.946706423184
              O     94.091353934073   60.903983570148  114.012846837871
$End
$SCF_Energy
   &GeometryIndex 1
   &ListStatus       OUT
   &SCF_ENERGY [&Type "Double"]      -8.3611891966289659e+02
$End
$DFT_Energy
   &GeometryIndex 1
   &ListStatus       OUT
   &NALPHAEL [&Type "Integer"] 59
   &NBETAEL [&Type "Integer"] 59
   &NTOTALEL [&Type "Integer"] 118
   &EEXCHANGE [&Type "Double"]      -8.3135911016213882e+01
   &ECORR [&Type "Double"]      -4.8458387931503566e+00
   &ECNL [&Type "Double"]       0.0000000000000000e+00
   &EXC [&Type "Double"]      -8.7981749809364231e+01
   &EEMBED [&Type "Double"]       0.0000000000000000e+00
   &FINALEN [&Type "Double"]      -8.3611891966289659e+02  "No Van der Waals correction"
$End
$Mulliken_Population_Analysis
   &GeometryIndex 1
   &ListStatus       OUT
   &NATOMS [&Type "Integer"] 24
   &ATNO [&Type "ArrayOfIntegers", &Dim (24,1)] 
                                                         0

0                                                        6
1                                                        1
2                                                        1
3                                                        6
4                                                        6
5                                                        8
6                                                        8
7                                                        8
8                                                        6
9                                                        1
10                                                       6
11                                                       1
12                                                       6
13                                                       6
14                                                       1
15                                                       6
16                                                       1
17                                                       6
18                                                       1
19                                                       8
20                                                       1
21                                                       6
22                                                       8
23                                                       8
   &ATOMICCHARGES [&Type "ArrayOfDoubles", &Dim (24,1)] 
                                                         0

0                                      2.4225898275581148e-01
1                                     -5.2818410879540423e-02
2                                     -2.4462986516440521e-02
3                                     -6.2780909309723576e-02
4                                      6.5197585109897815e-02
5                                     -4.0095933723439892e-01
6                                     -3.9813527391636860e-01
7                                     -2.4862621538324170e-01
8                                     -6.0511620487314843e-02
9                                     -9.5644860503620199e-02
10                                     5.8163721595132500e-02
11                                    -5.4949173867512080e-02
12                                    -2.1633449927527515e-01
13                                     7.8519375249846313e-02
14                                    -4.0968084796250359e-02
15                                    -6.8222909707420065e-02
16                                    -8.1587220539254490e-02
17                                     2.9481129592098210e-01
18                                     7.2090268191944418e-03
19                                    -3.5479269975713734e-01
20                                     1.4270547851000015e-01
21                                     9.2988624584336321e-02
22                                    -4.2462737502203041e-01
23                                    -3.9643251334942775e-01
$End
$Loewdin_Population_Analysis
   &GeometryIndex 1
   &ListStatus       OUT
   &NATOMS [&Type "Integer"] 24
   &ATNO [&Type "ArrayOfIntegers", &Dim (24,1)] 
                                                         0

0                                                        6
1                                                        1
2                                                        1
3                                                        6
4                                                        6
5                                                        8
6                                                        8
7                                                        8
8                                                        6
9                                                        1
10                                                       6
11                                                       1
12                                                       6
13                                                       6
14                                                       1
15                                                       6
16                                                       1
17                                                       6
18                                                       1
19                                                       8
20                                                       1
21                                                       6
22                                                       8
23                                                       8
   &ATOMICCHARGES [&Type "ArrayOfDoubles", &Dim (24,1)] 
                                                         0

0                                     -2.7900382453646344e-02
1                                      8.8504674962943675e-03
2                                      1.8707450487294941e-02
3                                      3.4757506973166485e-02
4                                     -8.9196245588852641e-02
5                                     -3.6889390590729576e-01
6                                     -3.6381210427299671e-01
7                                     -1.8433162083004007e-01
8                                     -7.2202753439378320e-02
9                                     -1.0514721568577912e-02
10                                    -8.1607990096266292e-05
11                                     7.7901308974983596e-03
12                                    -7.7695568116200597e-02
13                                     1.5465236487340661e-02
14                                     1.5268192104211487e-02
15                                    -7.4731153556531815e-02
16                                    -2.7937413202800965e-03
17                                     4.8660887117812024e-02
18                                     1.5048953139934929e-02
19                                    -1.7719799935868608e-01
20                                     7.2592058269589033e-02
21                                    -2.4828635188177017e-02
22                                    -3.9069958235517177e-01
23                                    -3.7226086102702283e-01
$End
$Mayer_Population_Analysis
   &GeometryIndex 1
   &ListStatus       OUT
   &NATOMS [&Type "Integer"] 24 "Total number of atoms"
   &BONDTHRESH [&Type "Double"]       1.0000000000000001e-01  "The threshold for printing"
   &NBONDORDERSPRINT [&Type "Integer"] 26 "The number of bond orders larger than threshold"
   &BONDORDERS [&Type "ArrayOfDoubles", &Dim (26,1)] "The bond orders"
                                                         0

0                                      8.8807575379785131e-01
1                                      9.0106886052029900e-01
2                                      9.5666149398564171e-01
3                                      9.9978485443350906e-01
4                                      7.9777138362588684e-01
5                                      2.0831406254773883e+00
6                                      1.8379938092385886e+00
7                                      1.8612480252278005e+00
8                                      1.3652959566582168e-01
9                                      9.5453034368416090e-01
10                                     1.8590217555694861e+00
11                                     9.7276597638843809e-01
12                                     9.5939207091523449e-01
13                                     9.7879983128766690e-01
14                                     9.7505106733891100e-01
15                                     7.7861306964671062e-01
16                                     9.5779525506238139e-01
17                                     1.8683376875220155e+00
18                                     9.5585356038523228e-01
19                                     9.8188054448683082e-01
20                                     8.6553420214673271e-01
21                                     9.8503024537759576e-01
22                                     9.7654136527563329e-01
23                                     1.8407085371270471e+00
24                                     1.8939112094926740e+00
25                                     1.1284136612831761e-01
   &COMPONENTS [&Type "ArrayOfIntegers", &Dim (26,4)] "The indices and atomic numbers of the bonding atoms"
                                                         0                           1                           2                           3

0                                                        0                           6                           1                           1
1                                                        0                           6                           2                           1
2                                                        0                           6                           3                           6
3                                                        0                           6                          12                           6
4                                                        3                           6                           4                           6
5                                                        3                           6                           7                           8
6                                                        4                           6                           5                           8
7                                                        4                           6                           6                           8
8                                                        5                           8                           6                           8
9                                                        8                           6                           9                           1
10                                                       8                           6                          10                           6
11                                                       8                           6                          17                           6
12                                                      10                           6                          11                           1
13                                                      10                           6                          12                           6
14                                                      12                           6                          13                           6
15                                                      12                           6                          21                           6
16                                                      13                           6                          14                           1
17                                                      13                           6                          15                           6
18                                                      15                           6                          16                           1
19                                                      15                           6                          17                           6
20                                                      17                           6                          18                           1
21                                                      17                           6                          19                           8
22                                                      19                           8                          20                           1
23                                                      21                           6                          22                           8
24                                                      21                           6                          23                           8
25                                                      22                           8                          23                           8
   &ATNO [&Type "ArrayOfIntegers", &Dim (24,1)] "Atomic number of the elements"
                                                         0

0                                                        6
1                                                        1
2                                                        1
3                                                        6
4                                                        6
5                                                        8
6                                                        8
7                                                        8
8                                                        6
9                                                        1
10                                                       6
11                                                       1
12                                                       6
13                                                       6
14                                                       1
15                                                       6
16                                                       1
17                                                       6
18                                                       1
19                                                       8
20                                                       1
21                                                       6
22                                                       8
23                                                       8
   &NA [&Type "ArrayOfDoubles", &Dim (24,1)] "Mulliken gross atomic population"
                                                         0

0                                      5.7577410172441832e+00
1                                      1.0528184108795402e+00
2                                      1.0244629865164401e+00
3                                      6.0627809093097227e+00
4                                      5.9348024148901048e+00
5                                      8.4009593372344025e+00
6                                      8.3981352739163651e+00
7                                      8.2486262153832399e+00
8                                      6.0605116204873148e+00
9                                      1.0956448605036198e+00
10                                     5.9418362784048702e+00
11                                     1.0549491738675116e+00
12                                     6.2163344992752760e+00
13                                     5.9214806247501590e+00
14                                     1.0409680847962501e+00
15                                     6.0682229097074174e+00
16                                     1.0815872205392540e+00
17                                     5.7051887040790188e+00
18                                     9.9279097318080511e-01
19                                     8.3547926997571373e+00
20                                     8.5729452148999996e-01
21                                     5.9070113754156628e+00
22                                     8.4246273750220322e+00
23                                     8.3964325133494242e+00
   &ZA [&Type "ArrayOfDoubles", &Dim (24,1)] "Total nuclear charge"
                                                         0

0                                      6.0000000000000000e+00
1                                      1.0000000000000000e+00
2                                      1.0000000000000000e+00
3                                      6.0000000000000000e+00
4                                      6.0000000000000000e+00
5                                      8.0000000000000000e+00
6                                      8.0000000000000000e+00
7                                      8.0000000000000000e+00
8                                      6.0000000000000000e+00
9                                      1.0000000000000000e+00
10                                     6.0000000000000000e+00
11                                     1.0000000000000000e+00
12                                     6.0000000000000000e+00
13                                     6.0000000000000000e+00
14                                     1.0000000000000000e+00
15                                     6.0000000000000000e+00
16                                     1.0000000000000000e+00
17                                     6.0000000000000000e+00
18                                     1.0000000000000000e+00
19                                     8.0000000000000000e+00
20                                     1.0000000000000000e+00
21                                     6.0000000000000000e+00
22                                     8.0000000000000000e+00
23                                     8.0000000000000000e+00
   &QA [&Type "ArrayOfDoubles", &Dim (24,1)] "Mulliken gross atomic charge"
                                                         0

0                                      2.4225898275581681e-01
1                                     -5.2818410879540201e-02
2                                     -2.4462986516440077e-02
3                                     -6.2780909309722688e-02
4                                      6.5197585109895151e-02
5                                     -4.0095933723440247e-01
6                                     -3.9813527391636505e-01
7                                     -2.4862621538323992e-01
8                                     -6.0511620487314843e-02
9                                     -9.5644860503619755e-02
10                                     5.8163721595129836e-02
11                                    -5.4949173867511636e-02
12                                    -2.1633449927527604e-01
13                                     7.8519375249840984e-02
14                                    -4.0968084796250137e-02
15                                    -6.8222909707417401e-02
16                                    -8.1587220539254046e-02
17                                     2.9481129592098121e-01
18                                     7.2090268191948859e-03
19                                    -3.5479269975713734e-01
20                                     1.4270547851000004e-01
21                                     9.2988624584337209e-02
22                                    -4.2462737502203218e-01
23                                    -3.9643251334942420e-01
   &VA [&Type "ArrayOfDoubles", &Dim (24,1)] "Mayer's total valence"
                                                         0

0                                      3.7368122685704517e+00
1                                      1.0302175336480450e+00
2                                      1.0366679599175597e+00
3                                      3.9589136948696022e+00
4                                      4.4937178039465868e+00
5                                      2.0854808909163083e+00
6                                      2.0837679103933149e+00
7                                      2.1998066801503486e+00
8                                      3.8905084160987604e+00
9                                      9.8496367602980095e-01
10                                     3.8809043457353978e+00
11                                     1.0351464122342171e+00
12                                     3.7338375746959231e+00
13                                     3.8995072161385647e+00
14                                     1.0414359236327744e+00
15                                     3.9075696036955136e+00
16                                     9.8547801180894745e-01
17                                     3.8084646760972207e+00
18                                     1.0345190260750696e+00
19                                     2.0011522322863970e+00
20                                     1.0218086886903304e+00
21                                     4.5429380245151627e+00
22                                     2.0569385766424539e+00
23                                     2.0970353267077160e+00
   &BVA [&Type "ArrayOfDoubles", &Dim (24,1)] "Mayer's bonded valence"
                                                         0

0                                      3.7368122685704015e+00
1                                      1.0302175336480355e+00
2                                      1.0366679599175437e+00
3                                      3.9589136948695631e+00
4                                      4.4937178039465371e+00
5                                      2.0854808909162550e+00
6                                      2.0837679103933162e+00
7                                      2.1998066801503242e+00
8                                      3.8905084160987160e+00
9                                      9.8496367602979584e-01
10                                     3.8809043457353276e+00
11                                     1.0351464122341980e+00
12                                     3.7338375746958343e+00
13                                     3.8995072161385420e+00
14                                     1.0414359236327855e+00
15                                     3.9075696036955154e+00
16                                     9.8547801180894778e-01
17                                     3.8084646760971967e+00
18                                     1.0345190260750754e+00
19                                     2.0011522322864046e+00
20                                     1.0218086886903308e+00
21                                     4.5429380245151645e+00
22                                     2.0569385766424499e+00
23                                     2.0970353267076778e+00
   &FA [&Type "ArrayOfDoubles", &Dim (24,1)] "Mayer's free valence"
                                                         0

0                                      0.0000000000000000e+00
1                                      0.0000000000000000e+00
2                                      0.0000000000000000e+00
3                                      0.0000000000000000e+00
4                                      0.0000000000000000e+00
5                                      0.0000000000000000e+00
6                                      0.0000000000000000e+00
7                                      0.0000000000000000e+00
8                                      0.0000000000000000e+00
9                                      0.0000000000000000e+00
10                                     0.0000000000000000e+00
11                                     0.0000000000000000e+00
12                                     0.0000000000000000e+00
13                                     0.0000000000000000e+00
14                                     0.0000000000000000e+00
15                                     0.0000000000000000e+00
16                                     0.0000000000000000e+00
17                                     0.0000000000000000e+00
18                                     0.0000000000000000e+00
19                                     0.0000000000000000e+00
20                                     0.0000000000000000e+00
21                                     0.0000000000000000e+00
22                                     0.0000000000000000e+00
23                                     0.0000000000000000e+00
$End
$VdW_Correction
   &GeometryIndex 1
   &ListStatus       OUT
   &VDW [&Type "Double"]      -5.4514557372041292e-02
$End
$Calculation_Info
   &GeometryIndex 1
   &ListStatus       OUT
   &MULT [&Type "Integer"] 1
   &CHARGE [&Type "Integer"] -2
   &NUMOFATOMS [&Type "Integer"] 24
   &NUMOFELECTRONS [&Type "Integer"] 118
   &NUMOFFCELECTRONS [&Type "Integer"] 1
   &NUMOFCORRELECTRONS [&Type "Integer"] 0
   &NUMOFBASISFUNCTS [&Type "Integer"] 264
   &NUMOFAUXCBASISFUNCTS [&Type "Integer"] 0
   &NUMOFAUXJBASISFUNCTS [&Type "Integer"] 872
   &NUMOFAUXJKBASISFUNCTS [&Type "Integer"] 0
   &NUMOFCABSBASISFUNCTS [&Type "Integer"] 0
   &TOTALENERGY [&Type "Double"]      -8.3617343422026863e+02  "Hartrees"
$End
$SCF_Dipole_Moment
   &GeometryIndex 1
   &ListStatus       OUT
   &METHOD [&Type "String"] "SCF"
   &LEVEL [&Type "String"] "Relaxed density"
   &MULT [&Type "Integer"] 1
   &STATE [&Type "Integer"] -1
   &IRREP [&Type "Integer"] 0
   &NATOMS [&Type "Integer"] 24
   &DODIPOLEATOM [&Type "Boolean"] false
   &DIPOLEELECCONTRIB [&Type "ArrayOfDoubles", &Dim (3,1)] "Electronic contribution"
                                                         0

0                                      1.1563185050167053e+00
1                                      5.2248021634377573e-01
2                                      3.0713815946816361e+00
   &DIPOLENUCCONTRIB [&Type "ArrayOfDoubles", &Dim (3,1)] "Nuclear contribution"
                                                         0

0                                     -2.8891585245712719e+00
1                                     -1.9562770874141435e+00
2                                     -4.7375530953272431e+00
   &DIPOLETOTAL [&Type "ArrayOfDoubles", &Dim (3,1)] "Total"
                                                         0

0                                     -1.7328400195545666e+00
1                                     -1.4337968710703679e+00
2                                     -1.6661715006456070e+00
   &DIPOLEMAGNITUDE [&Type "Double", &Units "a.u."]       2.7990418843641267e+00
$End
