*************************************************
******************* ORCA 6.0.1 ******************
*************************************************
$Calculation_Status
   &GeometryIndex 1
   &ListStatus       OUT
   &VERSION [&Type "String"] "6.0.1"
   &PROGNAME [&Type "String"] "LeanSCF"
   &STATUS [&Type "String"] "NORMAL TERMINATION"
$End
$Geometry
   &GeometryIndex 1
   &ListStatus       OUT
   &NATOMS [&Type "Integer"] 24
   &NCORELESSECP [&Type "Integer"] 0
   &NGHOSTATOMS [&Type "Integer"] 0
   &CartesianCoordinates [&Type "Coordinates", &Dim(24,4), &Units "Bohr"] 
              C     89.161058450672   53.430116710489  114.872672228805
              H     90.362924271846   51.820070044389  115.405574998571
              H     90.071906447223   55.155436670760  115.571870898356
              C     86.647722692557   52.995479699688  116.180362713479
              C     84.720202035958   55.093075708340  116.877671656895
              O     85.542232904213   56.977132663860  118.034184050855
              O     82.448751222984   54.584739378315  116.380673683674
              O     86.078915126247   50.850640537687  116.769957267262
              C     85.186964391036   50.684344637902  110.815430219276
              H     84.251549954745   48.851310287998  110.671811033098
              C     87.641718639000   50.831743276348  111.380458333319
              H     88.745318701210   49.149887017158  111.813205617987
              C     88.977755015682   53.294056428847  111.868007675870
              C     87.499989178956   55.431336686312  110.700156925107
              H     88.554456361684   57.130200480707  110.206938404153
              C     85.066021918465   55.289607226268  110.059539765708
              H     84.140056112844   56.918551153708  109.184596565702
              C     83.505108131846   52.936898189536  110.329770602858
              H     82.216314908512   53.190121491481  111.962493982566
              O     82.091592983673   52.613755020635  108.075327325090
              H     80.353044940466   51.992035122575  108.460831456410
              C     91.814233942698   53.356417391267  110.862673372624
              O     93.227749090871   51.540390576568  111.440929569604
              O     92.452961375963   55.282048321732  109.630571933307
$End
$SCF_Energy
   &GeometryIndex 1
   &ListStatus       OUT
   &SCF_ENERGY [&Type "Double"]      -8.3612040031672325e+02
$End
$DFT_Energy
   &GeometryIndex 1
   &ListStatus       OUT
   &NALPHAEL [&Type "Integer"] 59
   &NBETAEL [&Type "Integer"] 59
   &NTOTALEL [&Type "Integer"] 118
   &EEXCHANGE [&Type "Double"]      -8.3127906240478978e+01
   &ECORR [&Type "Double"]      -4.8442653864572067e+00
   &ECNL [&Type "Double"]       0.0000000000000000e+00
   &EXC [&Type "Double"]      -8.7972171626936188e+01
   &EEMBED [&Type "Double"]       0.0000000000000000e+00
   &FINALEN [&Type "Double"]      -8.3612040031672325e+02  "No Van der Waals correction"
$End
$Mulliken_Population_Analysis
   &GeometryIndex 1
   &ListStatus       OUT
   &NATOMS [&Type "Integer"] 24
   &ATNO [&Type "ArrayOfIntegers", &Dim (24,1)] 
                                                         0

0                                                        6
1                                                        1
2                                                        1
3                                                        6
4                                                        6
5                                                        8
6                                                        8
7                                                        8
8                                                        6
9                                                        1
10                                                       6
11                                                       1
12                                                       6
13                                                       6
14                                                       1
15                                                       6
16                                                       1
17                                                       6
18                                                       1
19                                                       8
20                                                       1
21                                                       6
22                                                       8
23                                                       8
   &ATOMICCHARGES [&Type "ArrayOfDoubles", &Dim (24,1)] 
                                                         0

0                                      2.1141968629463026e-01
1                                     -4.1170906744519620e-02
2                                     -3.2297558331909837e-02
3                                     -6.7590940863917481e-03
4                                      9.7929958800094141e-02
5                                     -4.1377273144394344e-01
6                                     -4.1548848594993792e-01
7                                     -2.8531649596172493e-01
8                                     -6.2858361761245263e-02
9                                     -9.5288243682921658e-02
10                                     4.8170082209024301e-02
11                                    -5.4429689361212841e-02
12                                    -2.0994589357583937e-01
13                                     7.4103740188830258e-02
14                                    -4.6269613886745109e-02
15                                    -7.9498029711253082e-02
16                                    -8.5648806091470631e-02
17                                     3.1252710708300846e-01
18                                     9.0478885404006171e-03
19                                    -3.5729410489081381e-01
20                                     1.3780833966669348e-01
21                                     1.0883335091067892e-01
22                                    -4.1538819817123951e-01
23                                    -3.9841394004240271e-01
$End
$Loewdin_Population_Analysis
   &GeometryIndex 1
   &ListStatus       OUT
   &NATOMS [&Type "Integer"] 24
   &ATNO [&Type "ArrayOfIntegers", &Dim (24,1)] 
                                                         0

0                                                        6
1                                                        1
2                                                        1
3                                                        6
4                                                        6
5                                                        8
6                                                        8
7                                                        8
8                                                        6
9                                                        1
10                                                       6
11                                                       1
12                                                       6
13                                                       6
14                                                       1
15                                                       6
16                                                       1
17                                                       6
18                                                       1
19                                                       8
20                                                       1
21                                                       6
22                                                       8
23                                                       8
   &ATOMICCHARGES [&Type "ArrayOfDoubles", &Dim (24,1)] 
                                                         0

0                                     -3.2400638313657026e-02
1                                      1.2636789913693436e-02
2                                      1.3499094643919518e-02
3                                      4.0085271944326095e-02
4                                     -7.0826489595762432e-02
5                                     -3.6380274474782048e-01
6                                     -3.6925078063540795e-01
7                                     -1.9898630359798730e-01
8                                     -7.2315970770207905e-02
9                                     -9.5640557098972678e-03
10                                     3.0258699091527674e-03
11                                     8.9852529990832597e-03
12                                    -8.1139103487560149e-02
13                                    -2.9715294154186722e-04
14                                     1.0529779849099641e-02
15                                    -7.0445993950250418e-02
16                                    -4.4497796498659259e-03
17                                     4.7687609994536473e-02
18                                     1.2811876853283000e-02
19                                    -1.7666096713101354e-01
20                                     6.8699217512472432e-02
21                                    -1.7290491119725360e-02
22                                    -3.8019289995102490e-01
23                                    -3.7033739201804572e-01
$End
$Mayer_Population_Analysis
   &GeometryIndex 1
   &ListStatus       OUT
   &NATOMS [&Type "Integer"] 24 "Total number of atoms"
   &BONDTHRESH [&Type "Double"]       1.0000000000000001e-01  "The threshold for printing"
   &NBONDORDERSPRINT [&Type "Integer"] 27 "The number of bond orders larger than threshold"
   &BONDORDERS [&Type "ArrayOfDoubles", &Dim (27,1)] "The bond orders"
                                                         0

0                                      8.9162179199275537e-01
1                                      9.1727571820656206e-01
2                                      9.7026541182351855e-01
3                                      1.0016557382616722e+00
4                                      8.1802009118623142e-01
5                                      2.0347235711030391e+00
6                                      1.8395038337583300e+00
7                                      1.7764311409361617e+00
8                                      1.2793461150237112e-01
9                                      1.0521093187176585e-01
10                                     9.4900744917912983e-01
11                                     1.8836597061216378e+00
12                                     9.7726127678181474e-01
13                                     9.5830306305885893e-01
14                                     9.8229448217871718e-01
15                                     9.7183604372921883e-01
16                                     7.6665623249683912e-01
17                                     9.5072808737600389e-01
18                                     1.8829663407313348e+00
19                                     9.5397207092884195e-01
20                                     9.7558819893658544e-01
21                                     8.4722454608942144e-01
22                                     9.7125562551815170e-01
23                                     9.7847977021435739e-01
24                                     1.8495940427033737e+00
25                                     1.8750043723695289e+00
26                                     1.1798569390075227e-01
   &COMPONENTS [&Type "ArrayOfIntegers", &Dim (27,4)] "The indices and atomic numbers of the bonding atoms"
                                                         0                           1                           2                           3

0                                                        0                           6                           1                           1
1                                                        0                           6                           2                           1
2                                                        0                           6                           3                           6
3                                                        0                           6                          12                           6
4                                                        3                           6                           4                           6
5                                                        3                           6                           7                           8
6                                                        4                           6                           5                           8
7                                                        4                           6                           6                           8
8                                                        5                           8                           6                           8
9                                                        6                           8                          18                           1
10                                                       8                           6                           9                           1
11                                                       8                           6                          10                           6
12                                                       8                           6                          17                           6
13                                                      10                           6                          11                           1
14                                                      10                           6                          12                           6
15                                                      12                           6                          13                           6
16                                                      12                           6                          21                           6
17                                                      13                           6                          14                           1
18                                                      13                           6                          15                           6
19                                                      15                           6                          16                           1
20                                                      15                           6                          17                           6
21                                                      17                           6                          18                           1
22                                                      17                           6                          19                           8
23                                                      19                           8                          20                           1
24                                                      21                           6                          22                           8
25                                                      21                           6                          23                           8
26                                                      22                           8                          23                           8
   &ATNO [&Type "ArrayOfIntegers", &Dim (24,1)] "Atomic number of the elements"
                                                         0

0                                                        6
1                                                        1
2                                                        1
3                                                        6
4                                                        6
5                                                        8
6                                                        8
7                                                        8
8                                                        6
9                                                        1
10                                                       6
11                                                       1
12                                                       6
13                                                       6
14                                                       1
15                                                       6
16                                                       1
17                                                       6
18                                                       1
19                                                       8
20                                                       1
21                                                       6
22                                                       8
23                                                       8
   &NA [&Type "ArrayOfDoubles", &Dim (24,1)] "Mulliken gross atomic population"
                                                         0

0                                      5.7885803137053715e+00
1                                      1.0411709067445196e+00
2                                      1.0322975583319114e+00
3                                      6.0067590940863891e+00
4                                      5.9020700411999059e+00
5                                      8.4137727314439452e+00
6                                      8.4154884859499326e+00
7                                      8.2853164959617249e+00
8                                      6.0628583617612479e+00
9                                      1.0952882436829214e+00
10                                     5.9518299177909775e+00
11                                     1.0544296893612133e+00
12                                     6.2099458935758385e+00
13                                     5.9258962598111706e+00
14                                     1.0462696138867451e+00
15                                     6.0794980297112522e+00
16                                     1.0856488060914711e+00
17                                     5.6874728929169907e+00
18                                     9.9095211145959983e-01
19                                     8.3572941048908191e+00
20                                     8.6219166033330641e-01
21                                     5.8911666490893202e+00
22                                     8.4153881981712395e+00
23                                     8.3984139400424027e+00
   &ZA [&Type "ArrayOfDoubles", &Dim (24,1)] "Total nuclear charge"
                                                         0

0                                      6.0000000000000000e+00
1                                      1.0000000000000000e+00
2                                      1.0000000000000000e+00
3                                      6.0000000000000000e+00
4                                      6.0000000000000000e+00
5                                      8.0000000000000000e+00
6                                      8.0000000000000000e+00
7                                      8.0000000000000000e+00
8                                      6.0000000000000000e+00
9                                      1.0000000000000000e+00
10                                     6.0000000000000000e+00
11                                     1.0000000000000000e+00
12                                     6.0000000000000000e+00
13                                     6.0000000000000000e+00
14                                     1.0000000000000000e+00
15                                     6.0000000000000000e+00
16                                     1.0000000000000000e+00
17                                     6.0000000000000000e+00
18                                     1.0000000000000000e+00
19                                     8.0000000000000000e+00
20                                     1.0000000000000000e+00
21                                     6.0000000000000000e+00
22                                     8.0000000000000000e+00
23                                     8.0000000000000000e+00
   &QA [&Type "ArrayOfDoubles", &Dim (24,1)] "Mulliken gross atomic charge"
                                                         0

0                                      2.1141968629462848e-01
1                                     -4.1170906744519620e-02
2                                     -3.2297558331911391e-02
3                                     -6.7590940863890836e-03
4                                      9.7929958800094141e-02
5                                     -4.1377273144394522e-01
6                                     -4.1548848594993260e-01
7                                     -2.8531649596172493e-01
8                                     -6.2858361761247927e-02
9                                     -9.5288243682921436e-02
10                                     4.8170082209022524e-02
11                                    -5.4429689361213285e-02
12                                    -2.0994589357583848e-01
13                                     7.4103740188829370e-02
14                                    -4.6269613886745109e-02
15                                    -7.9498029711252194e-02
16                                    -8.5648806091471075e-02
17                                     3.1252710708300935e-01
18                                     9.0478885404001730e-03
19                                    -3.5729410489081914e-01
20                                     1.3780833966669359e-01
21                                     1.0883335091067980e-01
22                                    -4.1538819817123951e-01
23                                    -3.9841394004240271e-01
   &VA [&Type "ArrayOfDoubles", &Dim (24,1)] "Mayer's total valence"
                                                         0

0                                      3.7740328520388569e+00
1                                      1.0504031189252778e+00
2                                      1.0094949187279703e+00
3                                      3.9517497418518781e+00
4                                      4.4531413694361275e+00
5                                      2.0670622990178100e+00
6                                      2.0588765769968473e+00
7                                      2.1734147352390325e+00
8                                      3.9361667078186651e+00
9                                      9.8028223623099453e-01
10                                     3.9234032456668029e+00
11                                     1.0209225559809891e+00
12                                     3.7054302636350482e+00
13                                     3.8860459158534328e+00
14                                     1.0428077703709515e+00
15                                     3.9234571059844909e+00
16                                     9.8418671192491958e-01
17                                     3.7642552430842988e+00
18                                     1.0649532842426888e+00
19                                     1.9983971726824956e+00
20                                     1.0239305737168460e+00
21                                     4.5127615894439987e+00
22                                     2.0690061826891375e+00
23                                     2.1013750041735686e+00
   &BVA [&Type "ArrayOfDoubles", &Dim (24,1)] "Mayer's bonded valence"
                                                         0

0                                      3.7740328520388671e+00
1                                      1.0504031189252843e+00
2                                      1.0094949187279723e+00
3                                      3.9517497418518799e+00
4                                      4.4531413694361053e+00
5                                      2.0670622990178860e+00
6                                      2.0588765769969282e+00
7                                      2.1734147352390334e+00
8                                      3.9361667078186127e+00
9                                      9.8028223623097444e-01
10                                     3.9234032456668730e+00
11                                     1.0209225559810087e+00
12                                     3.7054302636350815e+00
13                                     3.8860459158534275e+00
14                                     1.0428077703709466e+00
15                                     3.9234571059845562e+00
16                                     9.8418671192493223e-01
17                                     3.7642552430843521e+00
18                                     1.0649532842426990e+00
19                                     1.9983971726825338e+00
20                                     1.0239305737168498e+00
21                                     4.5127615894440485e+00
22                                     2.0690061826891259e+00
23                                     2.1013750041735832e+00
   &FA [&Type "ArrayOfDoubles", &Dim (24,1)] "Mayer's free valence"
                                                         0

0                                      0.0000000000000000e+00
1                                      0.0000000000000000e+00
2                                      0.0000000000000000e+00
3                                      0.0000000000000000e+00
4                                      0.0000000000000000e+00
5                                      0.0000000000000000e+00
6                                      0.0000000000000000e+00
7                                      0.0000000000000000e+00
8                                      0.0000000000000000e+00
9                                      0.0000000000000000e+00
10                                     0.0000000000000000e+00
11                                     0.0000000000000000e+00
12                                     0.0000000000000000e+00
13                                     0.0000000000000000e+00
14                                     0.0000000000000000e+00
15                                     0.0000000000000000e+00
16                                     0.0000000000000000e+00
17                                     0.0000000000000000e+00
18                                     0.0000000000000000e+00
19                                     0.0000000000000000e+00
20                                     0.0000000000000000e+00
21                                     0.0000000000000000e+00
22                                     0.0000000000000000e+00
23                                     0.0000000000000000e+00
$End
$VdW_Correction
   &GeometryIndex 1
   &ListStatus       OUT
   &VDW [&Type "Double"]      -5.3079908799231641e-02
$End
$Calculation_Info
   &GeometryIndex 1
   &ListStatus       OUT
   &MULT [&Type "Integer"] 1
   &CHARGE [&Type "Integer"] -2
   &NUMOFATOMS [&Type "Integer"] 24
   &NUMOFELECTRONS [&Type "Integer"] 118
   &NUMOFFCELECTRONS [&Type "Integer"] 1
   &NUMOFCORRELECTRONS [&Type "Integer"] 0
   &NUMOFBASISFUNCTS [&Type "Integer"] 264
   &NUMOFAUXCBASISFUNCTS [&Type "Integer"] 0
   &NUMOFAUXJBASISFUNCTS [&Type "Integer"] 872
   &NUMOFAUXJKBASISFUNCTS [&Type "Integer"] 0
   &NUMOFCABSBASISFUNCTS [&Type "Integer"] 0
   &TOTALENERGY [&Type "Double"]      -8.3617348022552244e+02  "Hartrees"
$End
$SCF_Dipole_Moment
   &GeometryIndex 1
   &ListStatus       OUT
   &METHOD [&Type "String"] "SCF"
   &LEVEL [&Type "String"] "Relaxed density"
   &MULT [&Type "Integer"] 1
   &STATE [&Type "Integer"] -1
   &IRREP [&Type "Integer"] 0
   &NATOMS [&Type "Integer"] 24
   &DODIPOLEATOM [&Type "Boolean"] false
   &DIPOLEELECCONTRIB [&Type "ArrayOfDoubles", &Dim (3,1)] "Electronic contribution"
                                                         0

0                                      1.6105031499383304e+00
1                                      6.2810673947361262e-01
2                                      3.1606105740017711e+00
   &DIPOLENUCCONTRIB [&Type "ArrayOfDoubles", &Dim (3,1)] "Nuclear contribution"
                                                         0

0                                     -3.4978881318603499e+00
1                                     -1.6942532160110986e+00
2                                     -4.4767420246845830e+00
   &DIPOLETOTAL [&Type "ArrayOfDoubles", &Dim (3,1)] "Total"
                                                         0

0                                     -1.8873849819220194e+00
1                                     -1.0661464765374860e+00
2                                     -1.3161314506828119e+00
   &DIPOLEMAGNITUDE [&Type "Double", &Units "a.u."]       2.5359598527765619e+00
$End
