*************************************************
******************* ORCA 6.0.1 ******************
*************************************************
$Calculation_Status
   &GeometryIndex 1
   &ListStatus       OUT
   &VERSION [&Type "String"] "6.0.1"
   &PROGNAME [&Type "String"] "LeanSCF"
   &STATUS [&Type "String"] "NORMAL TERMINATION"
$End
$Geometry
   &GeometryIndex 1
   &ListStatus       OUT
   &NATOMS [&Type "Integer"] 24
   &NCORELESSECP [&Type "Integer"] 0
   &NGHOSTATOMS [&Type "Integer"] 0
   &CartesianCoordinates [&Type "Coordinates", &Dim(24,4), &Units "Bohr"] 
              C     87.521744664146   58.966381616589  117.369966223671
              H     89.168145560650   57.756658830803  117.148353665268
              H     87.764623033770   60.831119430345  118.191930179424
              C     85.082381687011   57.979307793346  117.249607415539
              C     82.811082870011   59.667774391059  117.962320951919
              O     83.270343428891   61.749619452149  119.002612767483
              O     80.627853251878   58.875224985375  117.473807120531
              O     84.647096722883   55.792027802318  116.329907197112
              C     84.881807093980   56.123480413795  112.187089554632
              H     84.435020230958   54.131692774233  111.917252024710
              C     87.368991853400   56.916287084031  112.262515518368
              H     88.921856868199   55.559893461571  112.297406291431
              C     87.922443245260   59.462681241007  112.739861621935
              C     85.906936703110   61.342020845979  112.508226270636
              H     86.451078219491   63.318275766487  112.732691415261
              C     83.512755870243   60.644351390753  112.047412540344
              H     82.028012714895   62.065469511490  111.923144489956
              C     82.722743956424   57.935410701972  111.711157786538
              H     81.231922085829   57.542211362798  113.104027246563
              O     81.821480440616   57.529247079391  109.207286355205
              H     79.976098335678   57.122608963631  109.205894370950
              C     90.662740548264   60.369965162318  112.553628990565
              O     92.403725666726   58.771544589676  112.675354920377
              O     90.982860279829   62.703006242239  112.170572237381
$End
$SCF_Energy
   &GeometryIndex 1
   &ListStatus       OUT
   &SCF_ENERGY [&Type "Double"]      -8.3606150302756839e+02
$End
$DFT_Energy
   &GeometryIndex 1
   &ListStatus       OUT
   &NALPHAEL [&Type "Integer"] 59
   &NBETAEL [&Type "Integer"] 59
   &NTOTALEL [&Type "Integer"] 118
   &EEXCHANGE [&Type "Double"]      -8.3083825512484722e+01
   &ECORR [&Type "Double"]      -4.8420888632225418e+00
   &ECNL [&Type "Double"]       0.0000000000000000e+00
   &EXC [&Type "Double"]      -8.7925914375707265e+01
   &EEMBED [&Type "Double"]       0.0000000000000000e+00
   &FINALEN [&Type "Double"]      -8.3606150302756839e+02  "No Van der Waals correction"
$End
$Mulliken_Population_Analysis
   &GeometryIndex 1
   &ListStatus       OUT
   &NATOMS [&Type "Integer"] 24
   &ATNO [&Type "ArrayOfIntegers", &Dim (24,1)] 
                                                         0

0                                                        6
1                                                        1
2                                                        1
3                                                        6
4                                                        6
5                                                        8
6                                                        8
7                                                        8
8                                                        6
9                                                        1
10                                                       6
11                                                       1
12                                                       6
13                                                       6
14                                                       1
15                                                       6
16                                                       1
17                                                       6
18                                                       1
19                                                       8
20                                                       1
21                                                       6
22                                                       8
23                                                       8
   &ATOMICCHARGES [&Type "ArrayOfDoubles", &Dim (24,1)] 
                                                         0

0                                      7.5696577650854913e-02
1                                     -3.1520094858888292e-02
2                                     -1.6724387919174521e-02
3                                     -4.6098366965029669e-02
4                                      7.5068331334263050e-02
5                                     -4.0527631925267116e-01
6                                     -4.1349539294470183e-01
7                                     -3.2251187216906629e-01
8                                      6.1838367975527220e-02
9                                     -7.3604951819545184e-02
10                                     2.4663260448367197e-02
11                                    -6.2439126190916960e-02
12                                    -1.2356101312974399e-01
13                                     6.7518238451029333e-02
14                                    -4.9073138763007007e-02
15                                    -2.8875827360601569e-02
16                                    -7.3099037497966091e-02
17                                     2.7825974593721448e-01
18                                    -2.2088219005831355e-03
19                                    -3.4901253542367350e-01
20                                     1.3690316953584758e-01
21                                     9.3063483825313043e-02
22                                    -4.0791554795957730e-01
23                                    -4.0759474100352300e-01
$End
$Loewdin_Population_Analysis
   &GeometryIndex 1
   &ListStatus       OUT
   &NATOMS [&Type "Integer"] 24
   &ATNO [&Type "ArrayOfIntegers", &Dim (24,1)] 
                                                         0

0                                                        6
1                                                        1
2                                                        1
3                                                        6
4                                                        6
5                                                        8
6                                                        8
7                                                        8
8                                                        6
9                                                        1
10                                                       6
11                                                       1
12                                                       6
13                                                       6
14                                                       1
15                                                       6
16                                                       1
17                                                       6
18                                                       1
19                                                       8
20                                                       1
21                                                       6
22                                                       8
23                                                       8
   &ATOMICCHARGES [&Type "ArrayOfDoubles", &Dim (24,1)] 
                                                         0

0                                     -5.6488259474570590e-02
1                                      4.1433795068976931e-03
2                                      9.4557105960453303e-03
3                                     -3.1763996083761015e-02
4                                     -6.8280897527642104e-02
5                                     -3.7494174499138389e-01
6                                     -3.8054275010688343e-01
7                                     -2.1210884150175069e-01
8                                      3.9640657319012895e-02
9                                     -1.3846290127730310e-03
10                                    -5.1618568829611355e-02
11                                     7.4100491091964038e-03
12                                    -4.5131548996026893e-03
13                                    -7.4833773324263220e-03
14                                     1.6199390985812578e-02
15                                    -4.9920900229011522e-02
16                                     3.5115602381741162e-04
17                                     4.7363936009831242e-02
18                                     1.5424205116952194e-02
19                                    -1.7595098963689360e-01
20                                     6.8485315665022695e-02
21                                    -3.9882636271148186e-02
22                                    -3.7731662542088529e-01
23                                    -3.7627642901448155e-01
$End
$Mayer_Population_Analysis
   &GeometryIndex 1
   &ListStatus       OUT
   &NATOMS [&Type "Integer"] 24 "Total number of atoms"
   &BONDTHRESH [&Type "Double"]       1.0000000000000001e-01  "The threshold for printing"
   &NBONDORDERSPRINT [&Type "Integer"] 29 "The number of bond orders larger than threshold"
   &BONDORDERS [&Type "ArrayOfDoubles", &Dim (29,1)] "The bond orders"
                                                         0

0                                      9.0822367777106683e-01
1                                      9.1656015621822540e-01
2                                      1.4374998386519855e+00
3                                      1.1966861835528037e-01
4                                      3.4715931102548025e-01
5                                      8.1182316423417056e-01
6                                      1.6434247777303483e+00
7                                      1.8605071483411462e+00
8                                      1.8090457846945032e+00
9                                      1.2290048209950452e-01
10                                     1.0841525935980628e-01
11                                     2.7182192777683467e-01
12                                     9.4304843837472108e-01
13                                     1.4811709928823698e+00
14                                     9.9235726069644348e-01
15                                     9.5559437760505506e-01
16                                     1.3355080436138198e+00
17                                     1.0728493409493345e+00
18                                     8.3126642357707681e-01
19                                     9.6901827322615353e-01
20                                     1.7651678903034045e+00
21                                     9.5330298183204965e-01
22                                     9.7525740455899257e-01
23                                     8.5838298601483598e-01
24                                     9.8682573457694611e-01
25                                     9.7532337101084687e-01
26                                     1.8552656299860850e+00
27                                     1.8646572862730988e+00
28                                     1.2337724217228990e-01
   &COMPONENTS [&Type "ArrayOfIntegers", &Dim (29,4)] "The indices and atomic numbers of the bonding atoms"
                                                         0                           1                           2                           3

0                                                        0                           6                           1                           1
1                                                        0                           6                           2                           1
2                                                        0                           6                           3                           6
3                                                        0                           6                           8                           6
4                                                        0                           6                          12                           6
5                                                        3                           6                           4                           6
6                                                        3                           6                           7                           8
7                                                        4                           6                           5                           8
8                                                        4                           6                           6                           8
9                                                        5                           8                           6                           8
10                                                       6                           8                          18                           1
11                                                       7                           8                           8                           6
12                                                       8                           6                           9                           1
13                                                       8                           6                          10                           6
14                                                       8                           6                          17                           6
15                                                      10                           6                          11                           1
16                                                      10                           6                          12                           6
17                                                      12                           6                          13                           6
18                                                      12                           6                          21                           6
19                                                      13                           6                          14                           1
20                                                      13                           6                          15                           6
21                                                      15                           6                          16                           1
22                                                      15                           6                          17                           6
23                                                      17                           6                          18                           1
24                                                      17                           6                          19                           8
25                                                      19                           8                          20                           1
26                                                      21                           6                          22                           8
27                                                      21                           6                          23                           8
28                                                      22                           8                          23                           8
   &ATNO [&Type "ArrayOfIntegers", &Dim (24,1)] "Atomic number of the elements"
                                                         0

0                                                        6
1                                                        1
2                                                        1
3                                                        6
4                                                        6
5                                                        8
6                                                        8
7                                                        8
8                                                        6
9                                                        1
10                                                       6
11                                                       1
12                                                       6
13                                                       6
14                                                       1
15                                                       6
16                                                       1
17                                                       6
18                                                       1
19                                                       8
20                                                       1
21                                                       6
22                                                       8
23                                                       8
   &NA [&Type "ArrayOfDoubles", &Dim (24,1)] "Mulliken gross atomic population"
                                                         0

0                                      5.9243034223491584e+00
1                                      1.0315200948588932e+00
2                                      1.0167243879191741e+00
3                                      6.0460983669650314e+00
4                                      5.9249316686657298e+00
5                                      8.4052763192526605e+00
6                                      8.4134953929447232e+00
7                                      8.3225118721691089e+00
8                                      5.9381616320244905e+00
9                                      1.0736049518195501e+00
10                                     5.9753367395516559e+00
11                                     1.0624391261909154e+00
12                                     6.1235610131297511e+00
13                                     5.9324817615489867e+00
14                                     1.0490731387630061e+00
15                                     6.0288758273605652e+00
16                                     1.0730990374979639e+00
17                                     5.7217402540627758e+00
18                                     1.0022088219005825e+00
19                                     8.3490125354236771e+00
20                                     8.6309683046415253e-01
21                                     5.9069365161746834e+00
22                                     8.4079155479595684e+00
23                                     8.4075947410035088e+00
   &ZA [&Type "ArrayOfDoubles", &Dim (24,1)] "Total nuclear charge"
                                                         0

0                                      6.0000000000000000e+00
1                                      1.0000000000000000e+00
2                                      1.0000000000000000e+00
3                                      6.0000000000000000e+00
4                                      6.0000000000000000e+00
5                                      8.0000000000000000e+00
6                                      8.0000000000000000e+00
7                                      8.0000000000000000e+00
8                                      6.0000000000000000e+00
9                                      1.0000000000000000e+00
10                                     6.0000000000000000e+00
11                                     1.0000000000000000e+00
12                                     6.0000000000000000e+00
13                                     6.0000000000000000e+00
14                                     1.0000000000000000e+00
15                                     6.0000000000000000e+00
16                                     1.0000000000000000e+00
17                                     6.0000000000000000e+00
18                                     1.0000000000000000e+00
19                                     8.0000000000000000e+00
20                                     1.0000000000000000e+00
21                                     6.0000000000000000e+00
22                                     8.0000000000000000e+00
23                                     8.0000000000000000e+00
   &QA [&Type "ArrayOfDoubles", &Dim (24,1)] "Mulliken gross atomic charge"
                                                         0

0                                      7.5696577650841590e-02
1                                     -3.1520094858893177e-02
2                                     -1.6724387919174077e-02
3                                     -4.6098366965031445e-02
4                                      7.5068331334270155e-02
5                                     -4.0527631925266050e-01
6                                     -4.1349539294472315e-01
7                                     -3.2251187216910893e-01
8                                      6.1838367975509456e-02
9                                     -7.3604951819550068e-02
10                                     2.4663260448344104e-02
11                                    -6.2439126190915406e-02
12                                    -1.2356101312975110e-01
13                                     6.7518238451013346e-02
14                                    -4.9073138763006119e-02
15                                    -2.8875827360565154e-02
16                                    -7.3099037497963870e-02
17                                     2.7825974593722425e-01
18                                    -2.2088219005824694e-03
19                                    -3.4901253542367705e-01
20                                     1.3690316953584747e-01
21                                     9.3063483825316595e-02
22                                    -4.0791554795956841e-01
23                                    -4.0759474100350879e-01
   &VA [&Type "ArrayOfDoubles", &Dim (24,1)] "Mayer's total valence"
                                                         0

0                                      3.8163815678294788e+00
1                                      1.0121405496491964e+00
2                                      1.0301113694732469e+00
3                                      4.0369717472320374e+00
4                                      4.4763982453554503e+00
5                                      2.0913516851093195e+00
6                                      2.0726820245595641e+00
7                                      2.1274535712464515e+00
8                                      3.9118503912687195e+00
9                                      9.8968930966313140e-01
10                                     3.9021113802839187e+00
11                                     1.0316284325645593e+00
12                                     3.6873817548035639e+00
13                                     3.9093630201229548e+00
14                                     1.0347340948503334e+00
15                                     3.8634435002292298e+00
16                                     9.8508149634202713e-01
17                                     3.8312157922171584e+00
18                                     1.0767768764604817e+00
19                                     1.9995282929489657e+00
20                                     1.0279920813900121e+00
21                                     4.5454265646626615e+00
22                                     2.0792653927083471e+00
23                                     2.0946815603918076e+00
   &BVA [&Type "ArrayOfDoubles", &Dim (24,1)] "Mayer's bonded valence"
                                                         0

0                                      3.8163815678294402e+00
1                                      1.0121405496491744e+00
2                                      1.0301113694732436e+00
3                                      4.0369717472320783e+00
4                                      4.4763982453555000e+00
5                                      2.0913516851093532e+00
6                                      2.0726820245595454e+00
7                                      2.1274535712463716e+00
8                                      3.9118503912687075e+00
9                                      9.8968930966313040e-01
10                                     3.9021113802838960e+00
11                                     1.0316284325645666e+00
12                                     3.6873817548036429e+00
13                                     3.9093630201229370e+00
14                                     1.0347340948503363e+00
15                                     3.8634435002293541e+00
16                                     9.8508149634203945e-01
17                                     3.8312157922172374e+00
18                                     1.0767768764604886e+00
19                                     1.9995282929489901e+00
20                                     1.0279920813900181e+00
21                                     4.5454265646626766e+00
22                                     2.0792653927084688e+00
23                                     2.0946815603917956e+00
   &FA [&Type "ArrayOfDoubles", &Dim (24,1)] "Mayer's free valence"
                                                         0

0                                      0.0000000000000000e+00
1                                      0.0000000000000000e+00
2                                      0.0000000000000000e+00
3                                      0.0000000000000000e+00
4                                      0.0000000000000000e+00
5                                      0.0000000000000000e+00
6                                      0.0000000000000000e+00
7                                      0.0000000000000000e+00
8                                      0.0000000000000000e+00
9                                      0.0000000000000000e+00
10                                     0.0000000000000000e+00
11                                     0.0000000000000000e+00
12                                     0.0000000000000000e+00
13                                     0.0000000000000000e+00
14                                     0.0000000000000000e+00
15                                     0.0000000000000000e+00
16                                     0.0000000000000000e+00
17                                     0.0000000000000000e+00
18                                     0.0000000000000000e+00
19                                     0.0000000000000000e+00
20                                     0.0000000000000000e+00
21                                     0.0000000000000000e+00
22                                     0.0000000000000000e+00
23                                     0.0000000000000000e+00
$End
$VdW_Correction
   &GeometryIndex 1
   &ListStatus       OUT
   &VDW [&Type "Double"]      -5.6418395611030278e-02
$End
$Calculation_Info
   &GeometryIndex 1
   &ListStatus       OUT
   &MULT [&Type "Integer"] 1
   &CHARGE [&Type "Integer"] -2
   &NUMOFATOMS [&Type "Integer"] 24
   &NUMOFELECTRONS [&Type "Integer"] 118
   &NUMOFFCELECTRONS [&Type "Integer"] 1
   &NUMOFCORRELECTRONS [&Type "Integer"] 0
   &NUMOFBASISFUNCTS [&Type "Integer"] 264
   &NUMOFAUXCBASISFUNCTS [&Type "Integer"] 0
   &NUMOFAUXJBASISFUNCTS [&Type "Integer"] 872
   &NUMOFAUXJKBASISFUNCTS [&Type "Integer"] 0
   &NUMOFCABSBASISFUNCTS [&Type "Integer"] 0
   &TOTALENERGY [&Type "Double"]      -8.3611792142317938e+02  "Hartrees"
$End
$SCF_Dipole_Moment
   &GeometryIndex 1
   &ListStatus       OUT
   &METHOD [&Type "String"] "SCF"
   &LEVEL [&Type "String"] "Relaxed density"
   &MULT [&Type "Integer"] 1
   &STATE [&Type "Integer"] -1
   &IRREP [&Type "Integer"] 0
   &NATOMS [&Type "Integer"] 24
   &DODIPOLEATOM [&Type "Boolean"] false
   &DIPOLEELECCONTRIB [&Type "ArrayOfDoubles", &Dim (3,1)] "Electronic contribution"
                                                         0

0                                      1.1508321016544025e+00
1                                      3.7976939190619985e-01
2                                      1.3409693521770902e+00
   &DIPOLENUCCONTRIB [&Type "ArrayOfDoubles", &Dim (3,1)] "Nuclear contribution"
                                                         0

0                                     -2.8655800800177929e+00
1                                     -2.0254918230793848e+00
2                                     -3.1158069116929141e+00
   &DIPOLETOTAL [&Type "ArrayOfDoubles", &Dim (3,1)] "Total"
                                                         0

0                                     -1.7147479783633903e+00
1                                     -1.6457224311731848e+00
2                                     -1.7748375595158239e+00
   &DIPOLEMAGNITUDE [&Type "Double", &Units "a.u."]       2.9662790348239318e+00
$End
