*************************************************
******************* ORCA 6.0.1 ******************
*************************************************
$Calculation_Status
   &GeometryIndex 1
   &ListStatus       OUT
   &VERSION [&Type "String"] "6.0.1"
   &PROGNAME [&Type "String"] "LeanSCF"
   &STATUS [&Type "String"] "NORMAL TERMINATION"
$End
$Geometry
   &GeometryIndex 1
   &ListStatus       OUT
   &NATOMS [&Type "Integer"] 24
   &NCORELESSECP [&Type "Integer"] 0
   &NGHOSTATOMS [&Type "Integer"] 0
   &CartesianCoordinates [&Type "Coordinates", &Dim(24,4), &Units "Bohr"] 
              C     90.799491237157   57.933869898773  111.295523823788
              H     92.386649906301   56.684502991222  110.936943782322
              H     91.217549609460   59.638123727244  112.380233261130
              C     88.308877554702   57.043661823340  111.149439855703
              C     86.091795516464   58.615797429395  112.211541964985
              O     86.597724209704   60.226572217615  113.867502174952
              O     83.918970586992   58.140261226134  111.368511513423
              O     87.760307658318   55.015155033979  109.991675053536
              C     88.177834565832   55.583000334285  105.852202527992
              H     87.576945857821   53.642401590236  105.527427919278
              C     90.695450327343   56.176568427532  106.157409810600
              H     92.122212625667   54.692576205022  106.309501486791
              C     91.404818598856   58.664472285660  106.768705454022
              C     89.633184265423   60.685410719423  106.110332208896
              H     90.373129450729   62.611302270289  106.121923700884
              C     87.220097968606   60.187583319547  105.485329119076
              H     85.931528835046   61.719892472310  104.974357251191
              C     86.151730236301   57.557639474969  105.440781436859
              H     84.820282959432   57.393085773395  107.047367372788
              O     84.898394354202   57.127715109254  103.119454428661
              H     83.244595021232   56.216481938720  103.442349358857
              C     94.204222496329   59.340642058472  107.076118682976
              O     95.675439508014   57.670701617386  107.908635330783
              O     94.843001999475   61.534116795152  106.438009391448
$End
$SCF_Energy
   &GeometryIndex 1
   &ListStatus       OUT
   &SCF_ENERGY [&Type "Double"]      -8.3606385412977352e+02
$End
$DFT_Energy
   &GeometryIndex 1
   &ListStatus       OUT
   &NALPHAEL [&Type "Integer"] 59
   &NBETAEL [&Type "Integer"] 59
   &NTOTALEL [&Type "Integer"] 118
   &EEXCHANGE [&Type "Double"]      -8.3078524867885761e+01
   &ECORR [&Type "Double"]      -4.8416000940241091e+00
   &ECNL [&Type "Double"]       0.0000000000000000e+00
   &EXC [&Type "Double"]      -8.7920124961909863e+01
   &EEMBED [&Type "Double"]       0.0000000000000000e+00
   &FINALEN [&Type "Double"]      -8.3606385412977352e+02  "No Van der Waals correction"
$End
$Mulliken_Population_Analysis
   &GeometryIndex 1
   &ListStatus       OUT
   &NATOMS [&Type "Integer"] 24
   &ATNO [&Type "ArrayOfIntegers", &Dim (24,1)] 
                                                         0

0                                                        6
1                                                        1
2                                                        1
3                                                        6
4                                                        6
5                                                        8
6                                                        8
7                                                        8
8                                                        6
9                                                        1
10                                                       6
11                                                       1
12                                                       6
13                                                       6
14                                                       1
15                                                       6
16                                                       1
17                                                       6
18                                                       1
19                                                       8
20                                                       1
21                                                       6
22                                                       8
23                                                       8
   &ATOMICCHARGES [&Type "ArrayOfDoubles", &Dim (24,1)] 
                                                         0

0                                      5.3351865084781736e-02
1                                     -1.5946694934507066e-02
2                                     -2.0542935428607079e-02
3                                     -2.0025919546982962e-02
4                                      6.7018831695732750e-02
5                                     -4.0651323421908536e-01
6                                     -4.1334462753922985e-01
7                                     -3.2413214446685679e-01
8                                      4.0206115954565469e-02
9                                     -7.6935778343254491e-02
10                                     3.2473924029392087e-02
11                                    -6.0729822600904093e-02
12                                    -1.2247308016302139e-01
13                                     6.0071847270798173e-02
14                                    -5.4066537523862923e-02
15                                    -5.1626958354677122e-02
16                                    -7.6653084583532038e-02
17                                     2.8470753028255391e-01
18                                     1.9980074922410052e-02
19                                    -3.5701159692792928e-01
20                                     1.4967063750889031e-01
21                                     1.0554104059294289e-01
22                                    -4.1345280541447416e-01
23                                    -3.9956664729506741e-01
$End
$Loewdin_Population_Analysis
   &GeometryIndex 1
   &ListStatus       OUT
   &NATOMS [&Type "Integer"] 24
   &ATNO [&Type "ArrayOfIntegers", &Dim (24,1)] 
                                                         0

0                                                        6
1                                                        1
2                                                        1
3                                                        6
4                                                        6
5                                                        8
6                                                        8
7                                                        8
8                                                        6
9                                                        1
10                                                       6
11                                                       1
12                                                       6
13                                                       6
14                                                       1
15                                                       6
16                                                       1
17                                                       6
18                                                       1
19                                                       8
20                                                       1
21                                                       6
22                                                       8
23                                                       8
   &ATOMICCHARGES [&Type "ArrayOfDoubles", &Dim (24,1)] 
                                                         0

0                                     -5.1919296989813013e-02
1                                      7.1299681919291258e-03
2                                      8.4343501976226198e-03
3                                     -3.0743043081391086e-02
4                                     -6.9559528980547292e-02
5                                     -3.7185494836386468e-01
6                                     -3.8188149550074435e-01
7                                     -2.1316913745449639e-01
8                                      2.7289587500826329e-02
9                                     -1.8932013271151238e-03
10                                    -4.6547166959348907e-02
11                                     8.3168867210636765e-03
12                                    -1.3671831098031717e-02
13                                    -1.3609894004303236e-02
14                                     1.2971742314775714e-02
15                                    -5.0719363513919369e-02
16                                    -1.7229738459969557e-03
17                                     4.1621169669938674e-02
18                                     2.4239013823880384e-02
19                                    -1.7850901941768704e-01
20                                     8.1047463782979889e-02
21                                    -3.7108547481717657e-02
22                                    -3.7944863578963428e-01
23                                    -3.6869209839434447e-01
$End
$Mayer_Population_Analysis
   &GeometryIndex 1
   &ListStatus       OUT
   &NATOMS [&Type "Integer"] 24 "Total number of atoms"
   &BONDTHRESH [&Type "Double"]       1.0000000000000001e-01  "The threshold for printing"
   &NBONDORDERSPRINT [&Type "Integer"] 29 "The number of bond orders larger than threshold"
   &BONDORDERS [&Type "ArrayOfDoubles", &Dim (29,1)] "The bond orders"
                                                         0

0                                      9.0357893488081842e-01
1                                      9.3051107226083185e-01
2                                      1.3860923939980478e+00
3                                      1.1874212236005374e-01
4                                      3.8376628567438381e-01
5                                      8.1559608877602652e-01
6                                      1.6664614988368394e+00
7                                      1.8610435907650897e+00
8                                      1.7872990238510043e+00
9                                      1.2508428396280663e-01
10                                     1.4259120539052134e-01
11                                     2.3904644102728909e-01
12                                     9.4277396293509796e-01
13                                     1.5265938283687810e+00
14                                     9.9112929151448870e-01
15                                     9.5420129224427885e-01
16                                     1.3115780701096462e+00
17                                     1.0593338606153189e+00
18                                     8.2676795518864177e-01
19                                     9.6928597051285470e-01
20                                     1.7555978353883155e+00
21                                     9.5860005994320163e-01
22                                     9.8126599307777640e-01
23                                     8.3301065621498616e-01
24                                     9.8272956766770558e-01
25                                     9.7247022649138115e-01
26                                     1.8160753376108496e+00
27                                     1.8718778008386747e+00
28                                     1.1858307215881900e-01
   &COMPONENTS [&Type "ArrayOfIntegers", &Dim (29,4)] "The indices and atomic numbers of the bonding atoms"
                                                         0                           1                           2                           3

0                                                        0                           6                           1                           1
1                                                        0                           6                           2                           1
2                                                        0                           6                           3                           6
3                                                        0                           6                           8                           6
4                                                        0                           6                          12                           6
5                                                        3                           6                           4                           6
6                                                        3                           6                           7                           8
7                                                        4                           6                           5                           8
8                                                        4                           6                           6                           8
9                                                        5                           8                           6                           8
10                                                       6                           8                          18                           1
11                                                       7                           8                           8                           6
12                                                       8                           6                           9                           1
13                                                       8                           6                          10                           6
14                                                       8                           6                          17                           6
15                                                      10                           6                          11                           1
16                                                      10                           6                          12                           6
17                                                      12                           6                          13                           6
18                                                      12                           6                          21                           6
19                                                      13                           6                          14                           1
20                                                      13                           6                          15                           6
21                                                      15                           6                          16                           1
22                                                      15                           6                          17                           6
23                                                      17                           6                          18                           1
24                                                      17                           6                          19                           8
25                                                      19                           8                          20                           1
26                                                      21                           6                          22                           8
27                                                      21                           6                          23                           8
28                                                      22                           8                          23                           8
   &ATNO [&Type "ArrayOfIntegers", &Dim (24,1)] "Atomic number of the elements"
                                                         0

0                                                        6
1                                                        1
2                                                        1
3                                                        6
4                                                        6
5                                                        8
6                                                        8
7                                                        8
8                                                        6
9                                                        1
10                                                       6
11                                                       1
12                                                       6
13                                                       6
14                                                       1
15                                                       6
16                                                       1
17                                                       6
18                                                       1
19                                                       8
20                                                       1
21                                                       6
22                                                       8
23                                                       8
   &NA [&Type "ArrayOfDoubles", &Dim (24,1)] "Mulliken gross atomic population"
                                                         0

0                                      5.9466481349151996e+00
1                                      1.0159466949345055e+00
2                                      1.0205429354286064e+00
3                                      6.0200259195469910e+00
4                                      5.9329811683042690e+00
5                                      8.4065132342190658e+00
6                                      8.4133446275392494e+00
7                                      8.3241321444668781e+00
8                                      5.9597938840454363e+00
9                                      1.0769357783432509e+00
10                                     5.9675260759706212e+00
11                                     1.0607298226009034e+00
12                                     6.1224730801630001e+00
13                                     5.9399281527292018e+00
14                                     1.0540665375238611e+00
15                                     6.0516269583546896e+00
16                                     1.0766530845835329e+00
17                                     5.7152924697174408e+00
18                                     9.8001992507758806e-01
19                                     8.3570115969279346e+00
20                                     8.5032936249110858e-01
21                                     5.8944589594070651e+00
22                                     8.4134528054144919e+00
23                                     8.3995666472950425e+00
   &ZA [&Type "ArrayOfDoubles", &Dim (24,1)] "Total nuclear charge"
                                                         0

0                                      6.0000000000000000e+00
1                                      1.0000000000000000e+00
2                                      1.0000000000000000e+00
3                                      6.0000000000000000e+00
4                                      6.0000000000000000e+00
5                                      8.0000000000000000e+00
6                                      8.0000000000000000e+00
7                                      8.0000000000000000e+00
8                                      6.0000000000000000e+00
9                                      1.0000000000000000e+00
10                                     6.0000000000000000e+00
11                                     1.0000000000000000e+00
12                                     6.0000000000000000e+00
13                                     6.0000000000000000e+00
14                                     1.0000000000000000e+00
15                                     6.0000000000000000e+00
16                                     1.0000000000000000e+00
17                                     6.0000000000000000e+00
18                                     1.0000000000000000e+00
19                                     8.0000000000000000e+00
20                                     1.0000000000000000e+00
21                                     6.0000000000000000e+00
22                                     8.0000000000000000e+00
23                                     8.0000000000000000e+00
   &QA [&Type "ArrayOfDoubles", &Dim (24,1)] "Mulliken gross atomic charge"
                                                         0

0                                      5.3351865084800387e-02
1                                     -1.5946694934505512e-02
2                                     -2.0542935428606413e-02
3                                     -2.0025919546990956e-02
4                                      6.7018831695730974e-02
5                                     -4.0651323421906582e-01
6                                     -4.1334462753924939e-01
7                                     -3.2413214446687810e-01
8                                      4.0206115954563693e-02
9                                     -7.6935778343250938e-02
10                                     3.2473924029378765e-02
11                                    -6.0729822600903427e-02
12                                    -1.2247308016300007e-01
13                                     6.0071847270798173e-02
14                                    -5.4066537523861147e-02
15                                    -5.1626958354689556e-02
16                                    -7.6653084583532927e-02
17                                     2.8470753028255924e-01
18                                     1.9980074922411939e-02
19                                    -3.5701159692793460e-01
20                                     1.4967063750889142e-01
21                                     1.0554104059293490e-01
22                                    -4.1345280541449192e-01
23                                    -3.9956664729504254e-01
   &VA [&Type "ArrayOfDoubles", &Dim (24,1)] "Mayer's total valence"
                                                         0

0                                      3.8091293817310170e+00
1                                      1.0489072883887793e+00
2                                      1.0166325926973743e+00
3                                      3.9915581537921057e+00
4                                      4.4605241556918171e+00
5                                      2.0843103042063822e+00
6                                      2.0699211717803991e+00
7                                      2.1293253815647906e+00
8                                      3.9307904414697297e+00
9                                      9.9305656500835582e-01
10                                     3.9317450947323058e+00
11                                     1.0251683941244343e+00
12                                     3.6781569532380112e+00
13                                     3.8648339985797606e+00
14                                     1.0341851060305420e+00
15                                     3.8534670798320017e+00
16                                     9.8434568140585676e-01
17                                     3.7904677742795090e+00
18                                     1.1027673852246760e+00
19                                     2.0033691347159630e+00
20                                     1.0176333653621719e+00
21                                     4.5144869415448872e+00
22                                     2.0695567958856254e+00
23                                     2.1043438153071601e+00
   &BVA [&Type "ArrayOfDoubles", &Dim (24,1)] "Mayer's bonded valence"
                                                         0

0                                      3.8091293817310170e+00
1                                      1.0489072883887662e+00
2                                      1.0166325926973643e+00
3                                      3.9915581537920097e+00
4                                      4.4605241556918021e+00
5                                      2.0843103042063724e+00
6                                      2.0699211717803800e+00
7                                      2.1293253815647208e+00
8                                      3.9307904414696804e+00
9                                      9.9305656500838446e-01
10                                     3.9317450947322516e+00
11                                     1.0251683941244369e+00
12                                     3.6781569532381311e+00
13                                     3.8648339985797491e+00
14                                     1.0341851060305416e+00
15                                     3.8534670798320239e+00
16                                     9.8434568140587775e-01
17                                     3.7904677742794939e+00
18                                     1.1027673852246811e+00
19                                     2.0033691347159253e+00
20                                     1.0176333653621734e+00
21                                     4.5144869415448960e+00
22                                     2.0695567958855854e+00
23                                     2.1043438153072200e+00
   &FA [&Type "ArrayOfDoubles", &Dim (24,1)] "Mayer's free valence"
                                                         0

0                                      0.0000000000000000e+00
1                                      0.0000000000000000e+00
2                                      0.0000000000000000e+00
3                                      0.0000000000000000e+00
4                                      0.0000000000000000e+00
5                                      0.0000000000000000e+00
6                                      0.0000000000000000e+00
7                                      0.0000000000000000e+00
8                                      0.0000000000000000e+00
9                                      0.0000000000000000e+00
10                                     0.0000000000000000e+00
11                                     0.0000000000000000e+00
12                                     0.0000000000000000e+00
13                                     0.0000000000000000e+00
14                                     0.0000000000000000e+00
15                                     0.0000000000000000e+00
16                                     0.0000000000000000e+00
17                                     0.0000000000000000e+00
18                                     0.0000000000000000e+00
19                                     0.0000000000000000e+00
20                                     0.0000000000000000e+00
21                                     0.0000000000000000e+00
22                                     0.0000000000000000e+00
23                                     0.0000000000000000e+00
$End
$VdW_Correction
   &GeometryIndex 1
   &ListStatus       OUT
   &VDW [&Type "Double"]      -5.4986368770810354e-02
$End
$Calculation_Info
   &GeometryIndex 1
   &ListStatus       OUT
   &MULT [&Type "Integer"] 1
   &CHARGE [&Type "Integer"] -2
   &NUMOFATOMS [&Type "Integer"] 24
   &NUMOFELECTRONS [&Type "Integer"] 118
   &NUMOFFCELECTRONS [&Type "Integer"] 1
   &NUMOFCORRELECTRONS [&Type "Integer"] 0
   &NUMOFBASISFUNCTS [&Type "Integer"] 264
   &NUMOFAUXCBASISFUNCTS [&Type "Integer"] 0
   &NUMOFAUXJBASISFUNCTS [&Type "Integer"] 872
   &NUMOFAUXJKBASISFUNCTS [&Type "Integer"] 0
   &NUMOFCABSBASISFUNCTS [&Type "Integer"] 0
   &TOTALENERGY [&Type "Double"]      -8.3611884049854427e+02  "Hartrees"
$End
$SCF_Dipole_Moment
   &GeometryIndex 1
   &ListStatus       OUT
   &METHOD [&Type "String"] "SCF"
   &LEVEL [&Type "String"] "Relaxed density"
   &MULT [&Type "Integer"] 1
   &STATE [&Type "Integer"] -1
   &IRREP [&Type "Integer"] 0
   &NATOMS [&Type "Integer"] 24
   &DODIPOLEATOM [&Type "Boolean"] false
   &DIPOLEELECCONTRIB [&Type "ArrayOfDoubles", &Dim (3,1)] "Electronic contribution"
                                                         0

0                                      9.8418466699924445e-01
1                                      1.6130438292561511e-01
2                                      1.8607577395775208e+00
   &DIPOLENUCCONTRIB [&Type "ArrayOfDoubles", &Dim (3,1)] "Nuclear contribution"
                                                         0

0                                     -2.5633089951866452e+00
1                                     -1.5339909632473478e+00
2                                     -4.2544783429916038e+00
   &DIPOLETOTAL [&Type "ArrayOfDoubles", &Dim (3,1)] "Total"
                                                         0

0                                     -1.5791243281874008e+00
1                                     -1.3726865803217327e+00
2                                     -2.3937206034140832e+00
   &DIPOLEMAGNITUDE [&Type "Double", &Units "a.u."]       3.1792767131657107e+00
$End
