*************************************************
******************* ORCA 6.0.1 ******************
*************************************************
$Calculation_Status
   &GeometryIndex 1
   &ListStatus       OUT
   &VERSION [&Type "String"] "6.0.1"
   &PROGNAME [&Type "String"] "LeanSCF"
   &STATUS [&Type "String"] "NORMAL TERMINATION"
$End
$Geometry
   &GeometryIndex 1
   &ListStatus       OUT
   &NATOMS [&Type "Integer"] 24
   &NCORELESSECP [&Type "Integer"] 0
   &NGHOSTATOMS [&Type "Integer"] 0
   &CartesianCoordinates [&Type "Coordinates", &Dim(24,4), &Units "Bohr"] 
              C     86.526780219986   58.352853289354  114.874561954939
              H     88.066907019132   56.986581294529  114.770627017573
              H     86.736539820852   60.012032834937  116.076427776113
              C     84.387610236387   58.037269024989  113.566871470265
              C     82.186079290369   59.879752005563  113.769072166595
              O     82.639613562510   62.088841856117  114.534411250833
              O     80.037460676101   59.080397850914  113.192705695749
              O     84.000216378934   55.913216850462  112.094774811941
              C     84.748547927966   55.964239456078  109.405694523371
              H     84.332808178504   54.038608525612  108.746180102632
              C     87.528335070965   56.514149761049  109.294200681470
              H     88.860591995379   55.017486662983  109.779860297887
              C     88.361704296024   58.900873868191  108.969167786435
              C     86.538118576790   60.909652748550  108.364455423580
              H     87.275111769019   62.831504226748  108.303984187295
              C     84.089033507228   60.431552036668  107.882575259430
              H     82.802130010027   61.975458288081  107.396915643013
              C     83.019448515428   57.793494353714  107.909031425305
              H     81.222318962069   57.823729971856  108.961608881899
              O     82.613157396635   56.963904580922  105.390026488788
              H     80.855712092089   56.242029197764  105.261525111682
              C     91.109366094745   59.624638977483  109.462386307388
              O     92.708074404043   57.967349158034  110.000958255556
              O     91.568569545288   61.975458288081  109.432150689246
$End
$SCF_Energy
   &GeometryIndex 1
   &ListStatus       OUT
   &SCF_ENERGY [&Type "Double"]      -8.3608910472677167e+02
$End
$DFT_Energy
   &GeometryIndex 1
   &ListStatus       OUT
   &NALPHAEL [&Type "Integer"] 59
   &NBETAEL [&Type "Integer"] 59
   &NTOTALEL [&Type "Integer"] 118
   &EEXCHANGE [&Type "Double"]      -8.3115908775825460e+01
   &ECORR [&Type "Double"]      -4.8446873168756808e+00
   &ECNL [&Type "Double"]       0.0000000000000000e+00
   &EXC [&Type "Double"]      -8.7960596092701138e+01
   &EEMBED [&Type "Double"]       0.0000000000000000e+00
   &FINALEN [&Type "Double"]      -8.3608910472677167e+02  "No Van der Waals correction"
$End
$Mulliken_Population_Analysis
   &GeometryIndex 1
   &ListStatus       OUT
   &NATOMS [&Type "Integer"] 24
   &ATNO [&Type "ArrayOfIntegers", &Dim (24,1)] 
                                                         0

0                                                        6
1                                                        1
2                                                        1
3                                                        6
4                                                        6
5                                                        8
6                                                        8
7                                                        8
8                                                        6
9                                                        1
10                                                       6
11                                                       1
12                                                       6
13                                                       6
14                                                       1
15                                                       6
16                                                       1
17                                                       6
18                                                       1
19                                                       8
20                                                       1
21                                                       6
22                                                       8
23                                                       8
   &ATOMICCHARGES [&Type "ArrayOfDoubles", &Dim (24,1)] 
                                                         0

0                                      5.2304919126395788e-03
1                                     -3.3930189503338148e-02
2                                     -2.9686644980491117e-02
3                                      2.8613615722642649e-02
4                                      8.4696328540195154e-02
5                                     -4.1294134717473518e-01
6                                     -4.1802577103135974e-01
7                                     -3.7696653371645361e-01
8                                      2.6065237028369381e-01
9                                     -9.0057692414925894e-02
10                                    -9.0175983584204644e-02
11                                    -6.4262660528734195e-02
12                                    -2.2919557156179771e-02
13                                     5.2324154417661362e-02
14                                    -5.4719903520826119e-02
15                                    -2.0763339786141088e-02
16                                    -6.9002987531906257e-02
17                                     2.0200354141764265e-01
18                                    -8.7945794339643335e-03
19                                    -3.3713541028073912e-01
20                                     1.4575920004383192e-01
21                                     7.2290361681458748e-02
22                                    -4.0454440777699041e-01
23                                    -4.1764305559885528e-01
$End
$Loewdin_Population_Analysis
   &GeometryIndex 1
   &ListStatus       OUT
   &NATOMS [&Type "Integer"] 24
   &ATNO [&Type "ArrayOfIntegers", &Dim (24,1)] 
                                                         0

0                                                        6
1                                                        1
2                                                        1
3                                                        6
4                                                        6
5                                                        8
6                                                        8
7                                                        8
8                                                        6
9                                                        1
10                                                       6
11                                                       1
12                                                       6
13                                                       6
14                                                       1
15                                                       6
16                                                       1
17                                                       6
18                                                       1
19                                                       8
20                                                       1
21                                                       6
22                                                       8
23                                                       8
   &ATOMICCHARGES [&Type "ArrayOfDoubles", &Dim (24,1)] 
                                                         0

0                                     -1.0120255814446821e-01
1                                      1.9846043885484166e-03
2                                      1.0772374174829680e-02
3                                      3.1415716582472442e-04
4                                     -6.2673215260952375e-02
5                                     -3.8220876219688549e-01
6                                     -3.8033326404781498e-01
7                                     -1.6039740846365191e-01
8                                      8.1134987187456709e-02
9                                     -6.4261497509192633e-03
10                                    -5.1612634524606626e-02
11                                     1.2668469217286260e-03
12                                    -5.5533614784026852e-02
13                                    -2.2291158546448031e-03
14                                     1.3947270860417693e-02
15                                    -5.4615015029315650e-02
16                                     5.8747770121669873e-04
17                                     4.0095549861685065e-02
18                                     1.1015341722561356e-02
19                                    -1.7328441201250477e-01
20                                     7.6739101493977002e-02
21                                    -4.1008933317412399e-02
22                                    -3.8172240475651265e-01
23                                    -3.8461022333464356e-01
$End
$Mayer_Population_Analysis
   &GeometryIndex 1
   &ListStatus       OUT
   &NATOMS [&Type "Integer"] 24 "Total number of atoms"
   &BONDTHRESH [&Type "Double"]       1.0000000000000001e-01  "The threshold for printing"
   &NBONDORDERSPRINT [&Type "Integer"] 27 "The number of bond orders larger than threshold"
   &BONDORDERS [&Type "ArrayOfDoubles", &Dim (27,1)] "The bond orders"
                                                         0

0                                      9.1597974824067663e-01
1                                      9.1004525771389155e-01
2                                      1.9652466665403676e+00
3                                      8.3257827757233915e-01
4                                      1.0367726497935617e+00
5                                      1.8825635444034825e+00
6                                      1.7813692505980212e+00
7                                      1.1889430904083226e-01
8                                      1.0663984707896888e-01
9                                      9.4416543948533516e-01
10                                     8.8979890766854985e-01
11                                     9.7692753856391223e-01
12                                     9.5816161439338998e-01
13                                     9.3858304498851330e-01
14                                     1.7685822943340606e+00
15                                     1.0972500027695160e+00
16                                     8.3144399108589495e-01
17                                     9.6178977785166464e-01
18                                     1.7722268902156981e+00
19                                     9.5317616798641303e-01
20                                     9.6583775846800612e-01
21                                     8.8716673367692167e-01
22                                     1.0279506593104610e+00
23                                     9.7717420974440772e-01
24                                     1.8990640323234480e+00
25                                     1.8414662566655211e+00
26                                     1.2275178283686856e-01
   &COMPONENTS [&Type "ArrayOfIntegers", &Dim (27,4)] "The indices and atomic numbers of the bonding atoms"
                                                         0                           1                           2                           3

0                                                        0                           6                           1                           1
1                                                        0                           6                           2                           1
2                                                        0                           6                           3                           6
3                                                        3                           6                           4                           6
4                                                        3                           6                           7                           8
5                                                        4                           6                           5                           8
6                                                        4                           6                           6                           8
7                                                        5                           8                           6                           8
8                                                        6                           8                          18                           1
9                                                        7                           8                           8                           6
10                                                       8                           6                           9                           1
11                                                       8                           6                          10                           6
12                                                       8                           6                          17                           6
13                                                      10                           6                          11                           1
14                                                      10                           6                          12                           6
15                                                      12                           6                          13                           6
16                                                      12                           6                          21                           6
17                                                      13                           6                          14                           1
18                                                      13                           6                          15                           6
19                                                      15                           6                          16                           1
20                                                      15                           6                          17                           6
21                                                      17                           6                          18                           1
22                                                      17                           6                          19                           8
23                                                      19                           8                          20                           1
24                                                      21                           6                          22                           8
25                                                      21                           6                          23                           8
26                                                      22                           8                          23                           8
   &ATNO [&Type "ArrayOfIntegers", &Dim (24,1)] "Atomic number of the elements"
                                                         0

0                                                        6
1                                                        1
2                                                        1
3                                                        6
4                                                        6
5                                                        8
6                                                        8
7                                                        8
8                                                        6
9                                                        1
10                                                       6
11                                                       1
12                                                       6
13                                                       6
14                                                       1
15                                                       6
16                                                       1
17                                                       6
18                                                       1
19                                                       8
20                                                       1
21                                                       6
22                                                       8
23                                                       8
   &NA [&Type "ArrayOfDoubles", &Dim (24,1)] "Mulliken gross atomic population"
                                                         0

0                                      5.9947695080873569e+00
1                                      1.0339301895033388e+00
2                                      1.0296866449804902e+00
3                                      5.9713863842773574e+00
4                                      5.9153036714598093e+00
5                                      8.4129413471747370e+00
6                                      8.4180257710313597e+00
7                                      8.3769665337164572e+00
8                                      5.7393476297163053e+00
9                                      1.0900576924149268e+00
10                                     6.0901759835842038e+00
11                                     1.0642626605287338e+00
12                                     6.0229195571561762e+00
13                                     5.9476758455823404e+00
14                                     1.0547199035208261e+00
15                                     6.0207633397861411e+00
16                                     1.0690029875319065e+00
17                                     5.7979964585823573e+00
18                                     1.0087945794339641e+00
19                                     8.3371354102807409e+00
20                                     8.5424079995616831e-01
21                                     5.9277096383185413e+00
22                                     8.4045444077769940e+00
23                                     8.4176430555988535e+00
   &ZA [&Type "ArrayOfDoubles", &Dim (24,1)] "Total nuclear charge"
                                                         0

0                                      6.0000000000000000e+00
1                                      1.0000000000000000e+00
2                                      1.0000000000000000e+00
3                                      6.0000000000000000e+00
4                                      6.0000000000000000e+00
5                                      8.0000000000000000e+00
6                                      8.0000000000000000e+00
7                                      8.0000000000000000e+00
8                                      6.0000000000000000e+00
9                                      1.0000000000000000e+00
10                                     6.0000000000000000e+00
11                                     1.0000000000000000e+00
12                                     6.0000000000000000e+00
13                                     6.0000000000000000e+00
14                                     1.0000000000000000e+00
15                                     6.0000000000000000e+00
16                                     1.0000000000000000e+00
17                                     6.0000000000000000e+00
18                                     1.0000000000000000e+00
19                                     8.0000000000000000e+00
20                                     1.0000000000000000e+00
21                                     6.0000000000000000e+00
22                                     8.0000000000000000e+00
23                                     8.0000000000000000e+00
   &QA [&Type "ArrayOfDoubles", &Dim (24,1)] "Mulliken gross atomic charge"
                                                         0

0                                      5.2304919126431315e-03
1                                     -3.3930189503338815e-02
2                                     -2.9686644980490229e-02
3                                      2.8613615722642649e-02
4                                      8.4696328540190713e-02
5                                     -4.1294134717473696e-01
6                                     -4.1802577103135974e-01
7                                     -3.7696653371645716e-01
8                                      2.6065237028369470e-01
9                                     -9.0057692414926782e-02
10                                    -9.0175983584203756e-02
11                                    -6.4262660528733750e-02
12                                    -2.2919557156176218e-02
13                                     5.2324154417659585e-02
14                                    -5.4719903520826119e-02
15                                    -2.0763339786141088e-02
16                                    -6.9002987531906479e-02
17                                     2.0200354141764265e-01
18                                    -8.7945794339641115e-03
19                                    -3.3713541028074090e-01
20                                     1.4575920004383169e-01
21                                     7.2290361681458748e-02
22                                    -4.0454440777699396e-01
23                                    -4.1764305559885351e-01
   &VA [&Type "ArrayOfDoubles", &Dim (24,1)] "Mayer's total valence"
                                                         0

0                                      3.8948387815584309e+00
1                                      9.9120984660347256e-01
2                                      1.0161914986291893e+00
3                                      3.9427855917805181e+00
4                                      4.5000955563547942e+00
5                                      2.0803707912827649e+00
6                                      2.0481782402294435e+00
7                                      2.0861644999931359e+00
8                                      3.8384927797556316e+00
9                                      9.9298439685199846e-01
10                                     3.8680464819527889e+00
11                                     1.0291987653922028e+00
12                                     3.7040545134950640e+00
13                                     3.9215321836910877e+00
14                                     1.0395364777244847e+00
15                                     3.8175900232378566e+00
16                                     9.8066975672765178e-01
17                                     3.8724042713867899e+00
18                                     1.0765289211700224e+00
19                                     2.0250344712484436e+00
20                                     1.0187262340970218e+00
21                                     4.5604111333532220e+00
22                                     2.0908485862056181e+00
23                                     2.0766614568741208e+00
   &BVA [&Type "ArrayOfDoubles", &Dim (24,1)] "Mayer's bonded valence"
                                                         0

0                                      3.8948387815584877e+00
1                                      9.9120984660347489e-01
2                                      1.0161914986292087e+00
3                                      3.9427855917805328e+00
4                                      4.5000955563547729e+00
5                                      2.0803707912828173e+00
6                                      2.0481782402295003e+00
7                                      2.0861644999930995e+00
8                                      3.8384927797556174e+00
9                                      9.9298439685199336e-01
10                                     3.8680464819527618e+00
11                                     1.0291987653922094e+00
12                                     3.7040545134950764e+00
13                                     3.9215321836911290e+00
14                                     1.0395364777244926e+00
15                                     3.8175900232378752e+00
16                                     9.8066975672764045e-01
17                                     3.8724042713867055e+00
18                                     1.0765289211700082e+00
19                                     2.0250344712484658e+00
20                                     1.0187262340970251e+00
21                                     4.5604111333532646e+00
22                                     2.0908485862056381e+00
23                                     2.0766614568741186e+00
   &FA [&Type "ArrayOfDoubles", &Dim (24,1)] "Mayer's free valence"
                                                         0

0                                      0.0000000000000000e+00
1                                      0.0000000000000000e+00
2                                      0.0000000000000000e+00
3                                      0.0000000000000000e+00
4                                      0.0000000000000000e+00
5                                      0.0000000000000000e+00
6                                      0.0000000000000000e+00
7                                      0.0000000000000000e+00
8                                      0.0000000000000000e+00
9                                      0.0000000000000000e+00
10                                     0.0000000000000000e+00
11                                     0.0000000000000000e+00
12                                     0.0000000000000000e+00
13                                     0.0000000000000000e+00
14                                     0.0000000000000000e+00
15                                     0.0000000000000000e+00
16                                     0.0000000000000000e+00
17                                     0.0000000000000000e+00
18                                     0.0000000000000000e+00
19                                     0.0000000000000000e+00
20                                     0.0000000000000000e+00
21                                     0.0000000000000000e+00
22                                     0.0000000000000000e+00
23                                     0.0000000000000000e+00
$End
$VdW_Correction
   &GeometryIndex 1
   &ListStatus       OUT
   &VDW [&Type "Double"]      -5.2536178430243823e-02
$End
$Calculation_Info
   &GeometryIndex 1
   &ListStatus       OUT
   &MULT [&Type "Integer"] 1
   &CHARGE [&Type "Integer"] -2
   &NUMOFATOMS [&Type "Integer"] 24
   &NUMOFELECTRONS [&Type "Integer"] 118
   &NUMOFFCELECTRONS [&Type "Integer"] 1
   &NUMOFCORRELECTRONS [&Type "Integer"] 0
   &NUMOFBASISFUNCTS [&Type "Integer"] 264
   &NUMOFAUXCBASISFUNCTS [&Type "Integer"] 0
   &NUMOFAUXJBASISFUNCTS [&Type "Integer"] 872
   &NUMOFAUXJKBASISFUNCTS [&Type "Integer"] 0
   &NUMOFCABSBASISFUNCTS [&Type "Integer"] 0
   &TOTALENERGY [&Type "Double"]      -8.3614164090520194e+02  "Hartrees"
$End
$SCF_Dipole_Moment
   &GeometryIndex 1
   &ListStatus       OUT
   &METHOD [&Type "String"] "SCF"
   &LEVEL [&Type "String"] "Relaxed density"
   &MULT [&Type "Integer"] 1
   &STATE [&Type "Integer"] -1
   &IRREP [&Type "Integer"] 0
   &NATOMS [&Type "Integer"] 24
   &DODIPOLEATOM [&Type "Boolean"] false
   &DIPOLEELECCONTRIB [&Type "ArrayOfDoubles", &Dim (3,1)] "Electronic contribution"
                                                         0

0                                      8.5646864209206619e-01
1                                      4.3900330850535585e-01
2                                      4.1756554374721272e-01
   &DIPOLENUCCONTRIB [&Type "ArrayOfDoubles", &Dim (3,1)] "Nuclear contribution"
                                                         0

0                                     -2.7515542123848036e+00
1                                     -2.6071035966152536e+00
2                                     -2.3853456746371506e+00
   &DIPOLETOTAL [&Type "ArrayOfDoubles", &Dim (3,1)] "Total"
                                                         0

0                                     -1.8950855702927374e+00
1                                     -2.1681002881098976e+00
2                                     -1.9677801308899379e+00
   &DIPOLEMAGNITUDE [&Type "Double", &Units "a.u."]       3.4877165626752400e+00
$End
