*************************************************
******************* ORCA 6.0.1 ******************
*************************************************
$Calculation_Status
   &GeometryIndex 1
   &ListStatus       OUT
   &VERSION [&Type "String"] "6.0.1"
   &PROGNAME [&Type "String"] "LeanSCF"
   &STATUS [&Type "String"] "NORMAL TERMINATION"
$End
$Geometry
   &GeometryIndex 1
   &ListStatus       OUT
   &NATOMS [&Type "Integer"] 24
   &NCORELESSECP [&Type "Integer"] 0
   &NGHOSTATOMS [&Type "Integer"] 0
   &CartesianCoordinates [&Type "Coordinates", &Dim(24,4), &Units "Bohr"] 
              C     89.059029164529   53.709123453729  115.763417394434
              H     90.333134233603   52.110456011093  115.528805303532
              H     89.857094156807   55.450600880987  116.518048832019
              C     86.464967164358   53.203436074490  116.118507071413
              C     84.512771615066   55.206481663308  116.996095645527
              O     85.282722977438   57.106734558011  118.172427698647
              O     82.238758961213   54.652722008688  116.525965460054
              O     85.576929133663   51.077658018882  115.559692761242
              C     85.302904618752   50.942807480385  111.087059908617
              H     84.374208146120   49.105956010464  111.186878790287
              C     87.876694548404   51.113725330884  111.196726377448
              H     89.035245855242   49.476748157938  111.638886021753
              C     89.092793114983   53.484951082624  111.136925695201
              C     87.589590719851   55.662245499276  110.324271521928
              H     88.614325774810   57.389711613529  109.863671861522
              C     85.069127948883   55.540426481392  110.067918084851
              H     84.004987211112   57.209993987002  109.480675025062
              C     83.605563210271   53.141852077854  110.454362061081
              H     82.305379907713   53.416264442850  112.072756206687
              O     82.258508550067   52.638110909659  108.188259057165
              H     80.510146642387   51.995545403360  108.547867100608
              C     91.966598515550   53.575514155332  110.644316950732
              O     93.302956699620   51.742523658628  111.344639843301
              O     92.706349402693   55.482531092930  109.430426539705
$End
$SCF_Energy
   &GeometryIndex 1
   &ListStatus       OUT
   &SCF_ENERGY [&Type "Double"]      -8.3606177671660669e+02
$End
$DFT_Energy
   &GeometryIndex 1
   &ListStatus       OUT
   &NALPHAEL [&Type "Integer"] 59
   &NBETAEL [&Type "Integer"] 59
   &NTOTALEL [&Type "Integer"] 118
   &EEXCHANGE [&Type "Double"]      -8.3076919371484323e+01
   &ECORR [&Type "Double"]      -4.8392622211515484e+00
   &ECNL [&Type "Double"]       0.0000000000000000e+00
   &EXC [&Type "Double"]      -8.7916181592635866e+01
   &EEMBED [&Type "Double"]       0.0000000000000000e+00
   &FINALEN [&Type "Double"]      -8.3606177671660669e+02  "No Van der Waals correction"
$End
$Mulliken_Population_Analysis
   &GeometryIndex 1
   &ListStatus       OUT
   &NATOMS [&Type "Integer"] 24
   &ATNO [&Type "ArrayOfIntegers", &Dim (24,1)] 
                                                         0

0                                                        6
1                                                        1
2                                                        1
3                                                        6
4                                                        6
5                                                        8
6                                                        8
7                                                        8
8                                                        6
9                                                        1
10                                                       6
11                                                       1
12                                                       6
13                                                       6
14                                                       1
15                                                       6
16                                                       1
17                                                       6
18                                                       1
19                                                       8
20                                                       1
21                                                       6
22                                                       8
23                                                       8
   &ATOMICCHARGES [&Type "ArrayOfDoubles", &Dim (24,1)] 
                                                         0

0                                      5.6681212752391907e-02
1                                     -2.0932844101181347e-02
2                                     -2.6458376347985091e-02
3                                     -2.6223427262848986e-02
4                                      6.7826197232764507e-02
5                                     -4.0717255439986033e-01
6                                     -4.2162666333967280e-01
7                                     -3.0529227519765278e-01
8                                      3.2392969705821173e-02
9                                     -7.7359003205524024e-02
10                                     3.2276692970945930e-02
11                                    -5.7656578745844511e-02
12                                    -1.1002620240468541e-01
13                                     5.8752172209560527e-02
14                                    -5.3368821523494425e-02
15                                    -5.1435649434789177e-02
16                                    -7.6534210321917540e-02
17                                     2.9427777871534211e-01
18                                     1.5274448705964949e-02
19                                    -3.5521631849683111e-01
20                                     1.4038446328906740e-01
21                                     1.0735773143758820e-01
22                                    -4.1134800031474406e-01
23                                    -4.0457274192230663e-01
$End
$Loewdin_Population_Analysis
   &GeometryIndex 1
   &ListStatus       OUT
   &NATOMS [&Type "Integer"] 24
   &ATNO [&Type "ArrayOfIntegers", &Dim (24,1)] 
                                                         0

0                                                        6
1                                                        1
2                                                        1
3                                                        6
4                                                        6
5                                                        8
6                                                        8
7                                                        8
8                                                        6
9                                                        1
10                                                       6
11                                                       1
12                                                       6
13                                                       6
14                                                       1
15                                                       6
16                                                       1
17                                                       6
18                                                       1
19                                                       8
20                                                       1
21                                                       6
22                                                       8
23                                                       8
   &ATOMICCHARGES [&Type "ArrayOfDoubles", &Dim (24,1)] 
                                                         0

0                                     -6.0759887857878780e-02
1                                      8.1199168470090788e-03
2                                      4.7821604060387379e-03
3                                     -2.8905462221475275e-02
4                                     -6.9768494543438919e-02
5                                     -3.7401317894628683e-01
6                                     -3.8521218408269320e-01
7                                     -2.0338518132014727e-01
8                                      1.0502547664026807e-02
9                                     -1.4033795814505368e-03
10                                    -3.3352256681106418e-02
11                                     1.0244375884453816e-02
12                                    -1.1552127043198190e-02
13                                    -1.1372044574141427e-02
14                                     1.2770993203079617e-02
15                                    -5.1294432090084108e-02
16                                    -1.2959807459043127e-03
17                                     4.7391020079297519e-02
18                                     2.2580430791256823e-02
19                                    -1.7573811231066117e-01
20                                     7.1642420981402943e-02
21                                    -3.2574603666052582e-02
22                                    -3.7812425240348446e-01
23                                    -3.6928228778839589e-01
$End
$Mayer_Population_Analysis
   &GeometryIndex 1
   &ListStatus       OUT
   &NATOMS [&Type "Integer"] 24 "Total number of atoms"
   &BONDTHRESH [&Type "Double"]       1.0000000000000001e-01  "The threshold for printing"
   &NBONDORDERSPRINT [&Type "Integer"] 29 "The number of bond orders larger than threshold"
   &BONDORDERS [&Type "ArrayOfDoubles", &Dim (29,1)] "The bond orders"
                                                         0

0                                      9.0645307915359985e-01
1                                      9.3075369918280249e-01
2                                      1.3296864809112321e+00
3                                      1.2774445941053097e-01
4                                      4.2458942076903239e-01
5                                      8.0659781102712103e-01
6                                      1.7505592660465852e+00
7                                      1.8667892936145216e+00
8                                      1.7850486480804013e+00
9                                      1.2903906880957461e-01
10                                     1.1744705452359779e-01
11                                     1.6047880902963677e-01
12                                     9.5002712990658078e-01
13                                     1.5870114473727490e+00
14                                     9.9067535831725551e-01
15                                     9.6135742031146521e-01
16                                     1.2609175992236168e+00
17                                     1.0659041605207158e+00
18                                     8.2722226468182136e-01
19                                     9.6828526195449038e-01
20                                     1.7683028662261409e+00
21                                     9.5934930375141414e-01
22                                     9.7612380359435791e-01
23                                     8.3989191781912553e-01
24                                     9.7103223739591182e-01
25                                     9.7276497460775557e-01
26                                     1.8377303399458234e+00
27                                     1.8534249686059532e+00
28                                     1.2365045559665784e-01
   &COMPONENTS [&Type "ArrayOfIntegers", &Dim (29,4)] "The indices and atomic numbers of the bonding atoms"
                                                         0                           1                           2                           3

0                                                        0                           6                           1                           1
1                                                        0                           6                           2                           1
2                                                        0                           6                           3                           6
3                                                        0                           6                           8                           6
4                                                        0                           6                          12                           6
5                                                        3                           6                           4                           6
6                                                        3                           6                           7                           8
7                                                        4                           6                           5                           8
8                                                        4                           6                           6                           8
9                                                        5                           8                           6                           8
10                                                       6                           8                          18                           1
11                                                       7                           8                           8                           6
12                                                       8                           6                           9                           1
13                                                       8                           6                          10                           6
14                                                       8                           6                          17                           6
15                                                      10                           6                          11                           1
16                                                      10                           6                          12                           6
17                                                      12                           6                          13                           6
18                                                      12                           6                          21                           6
19                                                      13                           6                          14                           1
20                                                      13                           6                          15                           6
21                                                      15                           6                          16                           1
22                                                      15                           6                          17                           6
23                                                      17                           6                          18                           1
24                                                      17                           6                          19                           8
25                                                      19                           8                          20                           1
26                                                      21                           6                          22                           8
27                                                      21                           6                          23                           8
28                                                      22                           8                          23                           8
   &ATNO [&Type "ArrayOfIntegers", &Dim (24,1)] "Atomic number of the elements"
                                                         0

0                                                        6
1                                                        1
2                                                        1
3                                                        6
4                                                        6
5                                                        8
6                                                        8
7                                                        8
8                                                        6
9                                                        1
10                                                       6
11                                                       1
12                                                       6
13                                                       6
14                                                       1
15                                                       6
16                                                       1
17                                                       6
18                                                       1
19                                                       8
20                                                       1
21                                                       6
22                                                       8
23                                                       8
   &NA [&Type "ArrayOfDoubles", &Dim (24,1)] "Mulliken gross atomic population"
                                                         0

0                                      5.9433187872476019e+00
1                                      1.0209328441011836e+00
2                                      1.0264583763479831e+00
3                                      6.0262234272628419e+00
4                                      5.9321738027672115e+00
5                                      8.4071725543998426e+00
6                                      8.4216266633396639e+00
7                                      8.3052922751976350e+00
8                                      5.9676070302941788e+00
9                                      1.0773590032055185e+00
10                                     5.9677233070290621e+00
11                                     1.0576565787458461e+00
12                                     6.1100262024046854e+00
13                                     5.9412478277904412e+00
14                                     1.0533688215234960e+00
15                                     6.0514356494347883e+00
16                                     1.0765342103219160e+00
17                                     5.7057222212846650e+00
18                                     9.8472555129403361e-01
19                                     8.3552163184968329e+00
20                                     8.5961553671093194e-01
21                                     5.8926422685624136e+00
22                                     8.4113480003147654e+00
23                                     8.4045727419222942e+00
   &ZA [&Type "ArrayOfDoubles", &Dim (24,1)] "Total nuclear charge"
                                                         0

0                                      6.0000000000000000e+00
1                                      1.0000000000000000e+00
2                                      1.0000000000000000e+00
3                                      6.0000000000000000e+00
4                                      6.0000000000000000e+00
5                                      8.0000000000000000e+00
6                                      8.0000000000000000e+00
7                                      8.0000000000000000e+00
8                                      6.0000000000000000e+00
9                                      1.0000000000000000e+00
10                                     6.0000000000000000e+00
11                                     1.0000000000000000e+00
12                                     6.0000000000000000e+00
13                                     6.0000000000000000e+00
14                                     1.0000000000000000e+00
15                                     6.0000000000000000e+00
16                                     1.0000000000000000e+00
17                                     6.0000000000000000e+00
18                                     1.0000000000000000e+00
19                                     8.0000000000000000e+00
20                                     1.0000000000000000e+00
21                                     6.0000000000000000e+00
22                                     8.0000000000000000e+00
23                                     8.0000000000000000e+00
   &QA [&Type "ArrayOfDoubles", &Dim (24,1)] "Mulliken gross atomic charge"
                                                         0

0                                      5.6681212752398125e-02
1                                     -2.0932844101183568e-02
2                                     -2.6458376347983092e-02
3                                     -2.6223427262841881e-02
4                                      6.7826197232788488e-02
5                                     -4.0717255439984257e-01
6                                     -4.2162666333966392e-01
7                                     -3.0529227519763502e-01
8                                      3.2392969705821173e-02
9                                     -7.7359003205518473e-02
10                                     3.2276692970937937e-02
11                                    -5.7656578745846065e-02
12                                    -1.1002620240468541e-01
13                                     5.8752172209558751e-02
14                                    -5.3368821523495980e-02
15                                    -5.1435649434788289e-02
16                                    -7.6534210321915985e-02
17                                     2.9427777871533500e-01
18                                     1.5274448705966392e-02
19                                    -3.5521631849683288e-01
20                                     1.4038446328906806e-01
21                                     1.0735773143758642e-01
22                                    -4.1134800031476537e-01
23                                    -4.0457274192229420e-01
   &VA [&Type "ArrayOfDoubles", &Dim (24,1)] "Mayer's total valence"
                                                         0

0                                      3.8045339012394708e+00
1                                      1.0304970460204337e+00
2                                      1.0098684444331023e+00
3                                      4.0099744026430129e+00
4                                      4.4568433959952944e+00
5                                      2.0809911283143467e+00
6                                      2.0552017090318286e+00
7                                      2.1401836023803846e+00
8                                      3.9187981516263108e+00
9                                      9.8927031531828191e-01
10                                     3.9539229756208076e+00
11                                     1.0302552173555868e+00
12                                     3.6558033940243373e+00
13                                     3.8963041000104965e+00
14                                     1.0335425508979525e+00
15                                     3.8656629984370356e+00
16                                     9.8344392693494898e-01
17                                     3.7880248801371841e+00
18                                     1.0798020647212434e+00
19                                     1.9958150856455272e+00
20                                     1.0237398290404571e+00
21                                     4.5204268333417863e+00
22                                     2.0740189162605835e+00
23                                     2.1010397873176965e+00
   &BVA [&Type "ArrayOfDoubles", &Dim (24,1)] "Mayer's bonded valence"
                                                         0

0                                      3.8045339012394730e+00
1                                      1.0304970460204195e+00
2                                      1.0098684444331236e+00
3                                      4.0099744026430475e+00
4                                      4.4568433959953273e+00
5                                      2.0809911283144191e+00
6                                      2.0552017090318455e+00
7                                      2.1401836023803851e+00
8                                      3.9187981516262682e+00
9                                      9.8927031531828757e-01
10                                     3.9539229756207814e+00
11                                     1.0302552173555788e+00
12                                     3.6558033940243737e+00
13                                     3.8963041000105161e+00
14                                     1.0335425508979519e+00
15                                     3.8656629984370152e+00
16                                     9.8344392693495175e-01
17                                     3.7880248801371179e+00
18                                     1.0798020647212270e+00
19                                     1.9958150856454551e+00
20                                     1.0237398290404509e+00
21                                     4.5204268333417756e+00
22                                     2.0740189162604588e+00
23                                     2.1010397873177715e+00
   &FA [&Type "ArrayOfDoubles", &Dim (24,1)] "Mayer's free valence"
                                                         0

0                                      0.0000000000000000e+00
1                                      0.0000000000000000e+00
2                                      0.0000000000000000e+00
3                                      0.0000000000000000e+00
4                                      0.0000000000000000e+00
5                                      0.0000000000000000e+00
6                                      0.0000000000000000e+00
7                                      0.0000000000000000e+00
8                                      0.0000000000000000e+00
9                                      0.0000000000000000e+00
10                                     0.0000000000000000e+00
11                                     0.0000000000000000e+00
12                                     0.0000000000000000e+00
13                                     0.0000000000000000e+00
14                                     0.0000000000000000e+00
15                                     0.0000000000000000e+00
16                                     0.0000000000000000e+00
17                                     0.0000000000000000e+00
18                                     0.0000000000000000e+00
19                                     0.0000000000000000e+00
20                                     0.0000000000000000e+00
21                                     0.0000000000000000e+00
22                                     0.0000000000000000e+00
23                                     0.0000000000000000e+00
$End
$VdW_Correction
   &GeometryIndex 1
   &ListStatus       OUT
   &VDW [&Type "Double"]      -5.4269791754328431e-02
$End
$Calculation_Info
   &GeometryIndex 1
   &ListStatus       OUT
   &MULT [&Type "Integer"] 1
   &CHARGE [&Type "Integer"] -2
   &NUMOFATOMS [&Type "Integer"] 24
   &NUMOFELECTRONS [&Type "Integer"] 118
   &NUMOFFCELECTRONS [&Type "Integer"] 1
   &NUMOFCORRELECTRONS [&Type "Integer"] 0
   &NUMOFBASISFUNCTS [&Type "Integer"] 264
   &NUMOFAUXCBASISFUNCTS [&Type "Integer"] 0
   &NUMOFAUXJBASISFUNCTS [&Type "Integer"] 872
   &NUMOFAUXJKBASISFUNCTS [&Type "Integer"] 0
   &NUMOFCABSBASISFUNCTS [&Type "Integer"] 0
   &TOTALENERGY [&Type "Double"]      -8.3611604650836102e+02  "Hartrees"
$End
$SCF_Dipole_Moment
   &GeometryIndex 1
   &ListStatus       OUT
   &METHOD [&Type "String"] "SCF"
   &LEVEL [&Type "String"] "Relaxed density"
   &MULT [&Type "Integer"] 1
   &STATE [&Type "Integer"] -1
   &IRREP [&Type "Integer"] 0
   &NATOMS [&Type "Integer"] 24
   &DODIPOLEATOM [&Type "Boolean"] false
   &DIPOLEELECCONTRIB [&Type "ArrayOfDoubles", &Dim (3,1)] "Electronic contribution"
                                                         0

0                                      1.3409543697806927e+00
1                                      2.1598310373577384e-01
2                                      1.6445991188466800e+00
   &DIPOLENUCCONTRIB [&Type "ArrayOfDoubles", &Dim (3,1)] "Nuclear contribution"
                                                         0

0                                     -3.2716904552123083e+00
1                                     -1.4818631710570500e+00
2                                     -3.3867476805819337e+00
   &DIPOLETOTAL [&Type "ArrayOfDoubles", &Dim (3,1)] "Total"
                                                         0

0                                     -1.9307360854316156e+00
1                                     -1.2658800673212762e+00
2                                     -1.7421485617352537e+00
   &DIPOLEMAGNITUDE [&Type "Double", &Units "a.u."]       2.8922786497129440e+00
$End
