*************************************************
******************* ORCA 6.0.1 ******************
*************************************************
$Calculation_Status
   &GeometryIndex 1
   &ListStatus       OUT
   &VERSION [&Type "String"] "6.0.1"
   &PROGNAME [&Type "String"] "LeanSCF"
   &STATUS [&Type "String"] "NORMAL TERMINATION"
$End
$Geometry
   &GeometryIndex 1
   &ListStatus       OUT
   &NATOMS [&Type "Integer"] 24
   &NCORELESSECP [&Type "Integer"] 0
   &NGHOSTATOMS [&Type "Integer"] 0
   &CartesianCoordinates [&Type "Coordinates", &Dim(24,4), &Units "Bohr"] 
              C     90.699018082326   55.845313466857  108.234779568133
              H     92.475296644890   54.962262176121  107.701784481175
              H     90.723299323545   57.767762686870  108.963522799917
              C     88.513797782603   54.401681490294  108.404031055573
              C     86.060297426650   55.567785621441  109.449302882027
              O     86.112318410871   57.846774917502  110.146154865361
              O     84.164321422051   54.166176870511  109.578715551916
              O     88.410013961908   52.174776276965  107.473932577046
              C     88.139006113839   52.367837745410  103.481064838927
              H     88.194630758720   50.324789529858  103.215650250548
              C     90.313995307546   53.794376844964  103.199458204863
              H     92.165344549293   52.903746378105  103.041105561105
              C     90.218295235960   56.381489110637  103.698226473587
              C     87.766584333216   57.661736041165  103.736853675692
              H     87.794594967480   59.716367881821  103.879717108443
              C     85.595321243472   56.357956106719  103.611586771599
              H     83.771532978391   57.314435594957  103.730730802877
              C     85.550948768226   53.544009321820  103.227020716262
              H     84.281649122366   52.697050570451  104.637091496057
              O     84.718203855233   52.991345518359  100.726302091305
              H     82.909121573168   52.383484194200  100.775160956608
              C     92.615557169140   57.979777827397  103.603572237258
              O     94.686222293845   56.850779457174  103.292791920078
              O     92.298050101502   60.315254075346  103.887566219293
$End
$SCF_Energy
   &GeometryIndex 1
   &ListStatus       OUT
   &SCF_ENERGY [&Type "Double"]      -8.3605582254712135e+02
$End
$DFT_Energy
   &GeometryIndex 1
   &ListStatus       OUT
   &NALPHAEL [&Type "Integer"] 59
   &NBETAEL [&Type "Integer"] 59
   &NTOTALEL [&Type "Integer"] 118
   &EEXCHANGE [&Type "Double"]      -8.3094314128326275e+01
   &ECORR [&Type "Double"]      -4.8444581993950058e+00
   &ECNL [&Type "Double"]       0.0000000000000000e+00
   &EXC [&Type "Double"]      -8.7938772327721281e+01
   &EEMBED [&Type "Double"]       0.0000000000000000e+00
   &FINALEN [&Type "Double"]      -8.3605582254712135e+02  "No Van der Waals correction"
$End
$Mulliken_Population_Analysis
   &GeometryIndex 1
   &ListStatus       OUT
   &NATOMS [&Type "Integer"] 24
   &ATNO [&Type "ArrayOfIntegers", &Dim (24,1)] 
                                                         0

0                                                        6
1                                                        1
2                                                        1
3                                                        6
4                                                        6
5                                                        8
6                                                        8
7                                                        8
8                                                        6
9                                                        1
10                                                       6
11                                                       1
12                                                       6
13                                                       6
14                                                       1
15                                                       6
16                                                       1
17                                                       6
18                                                       1
19                                                       8
20                                                       1
21                                                       6
22                                                       8
23                                                       8
   &ATOMICCHARGES [&Type "ArrayOfDoubles", &Dim (24,1)] 
                                                         0

0                                      9.0129873457649445e-02
1                                     -3.0814041022635186e-02
2                                     -7.1996659483379855e-03
3                                     -4.5025059027696379e-02
4                                      6.8285518911992860e-02
5                                     -4.1456503879044782e-01
6                                     -4.1295916473849736e-01
7                                     -3.2416519932824173e-01
8                                      8.2248747043393244e-02
9                                     -7.4626104714228703e-02
10                                     2.5615600476930567e-02
11                                    -6.5973989230029950e-02
12                                    -1.5291761213556221e-01
13                                     7.3297341216208345e-02
14                                    -4.9350124914479876e-02
15                                    -1.5938179762768456e-02
16                                    -7.3503007279892785e-02
17                                     2.6840341866643413e-01
18                                    -1.4079656401991381e-02
19                                    -3.4761421304850693e-01
20                                     1.3371657852106100e-01
21                                     1.0468280046154810e-01
22                                    -4.1674888530170762e-01
23                                    -4.0089993711011651e-01
$End
$Loewdin_Population_Analysis
   &GeometryIndex 1
   &ListStatus       OUT
   &NATOMS [&Type "Integer"] 24
   &ATNO [&Type "ArrayOfIntegers", &Dim (24,1)] 
                                                         0

0                                                        6
1                                                        1
2                                                        1
3                                                        6
4                                                        6
5                                                        8
6                                                        8
7                                                        8
8                                                        6
9                                                        1
10                                                       6
11                                                       1
12                                                       6
13                                                       6
14                                                       1
15                                                       6
16                                                       1
17                                                       6
18                                                       1
19                                                       8
20                                                       1
21                                                       6
22                                                       8
23                                                       8
   &ATOMICCHARGES [&Type "ArrayOfDoubles", &Dim (24,1)] 
                                                         0

0                                     -3.8604795100754430e-02
1                                      5.2349045032715757e-03
2                                      1.4386068157787979e-02
3                                     -3.5713678514994740e-02
4                                     -7.2947954706007678e-02
5                                     -3.8450780963719389e-01
6                                     -3.7863245822183345e-01
7                                     -2.0611710452149445e-01
8                                      4.7625176558180549e-02
9                                     -2.3980256858127103e-03
10                                    -6.0414042068723361e-02
11                                     5.4623008546719198e-03
12                                    -9.3467495486700969e-03
13                                    -3.3177523282361676e-03
14                                     1.6059948527977541e-02
15                                    -5.1300503501834349e-02
16                                     1.9927809395736684e-04
17                                     4.8630213239500897e-02
18                                     1.0086796385014529e-02
19                                    -1.7772030007925821e-01
20                                     6.9535939555716020e-02
21                                    -3.9429010331419434e-02
22                                    -3.8711002476867584e-01
23                                    -3.6966041686105022e-01
$End
$Mayer_Population_Analysis
   &GeometryIndex 1
   &ListStatus       OUT
   &NATOMS [&Type "Integer"] 24 "Total number of atoms"
   &BONDTHRESH [&Type "Double"]       1.0000000000000001e-01  "The threshold for printing"
   &NBONDORDERSPRINT [&Type "Integer"] 28 "The number of bond orders larger than threshold"
   &BONDORDERS [&Type "ArrayOfDoubles", &Dim (28,1)] "The bond orders"
                                                         0

0                                      9.0739303630189871e-01
1                                      9.2152835909456354e-01
2                                      1.4374684103331627e+00
3                                      1.1409539464234296e-01
4                                      3.4430639256963658e-01
5                                      8.1292626455640271e-01
6                                      1.6044951416958741e+00
7                                      1.8606553672789468e+00
8                                      1.8399625030543687e+00
9                                      1.2474893164784852e-01
10                                     3.2032825514990471e-01
11                                     9.3816727196631944e-01
12                                     1.4386675483016658e+00
13                                     1.0018236985023048e+00
14                                     9.4694429204475461e-01
15                                     1.3592332585483977e+00
16                                     1.0901377144190985e+00
17                                     8.2162030838677969e-01
18                                     9.6459749789800575e-01
19                                     1.7576177102057051e+00
20                                     9.5152344496206398e-01
21                                     9.7530796451893453e-01
22                                     8.8241415424367897e-01
23                                     9.8645744580494354e-01
24                                     9.7293544512576813e-01
25                                     1.8523994487801241e+00
26                                     1.8738001720022253e+00
27                                     1.2423745809903193e-01
   &COMPONENTS [&Type "ArrayOfIntegers", &Dim (28,4)] "The indices and atomic numbers of the bonding atoms"
                                                         0                           1                           2                           3

0                                                        0                           6                           1                           1
1                                                        0                           6                           2                           1
2                                                        0                           6                           3                           6
3                                                        0                           6                           8                           6
4                                                        0                           6                          12                           6
5                                                        3                           6                           4                           6
6                                                        3                           6                           7                           8
7                                                        4                           6                           5                           8
8                                                        4                           6                           6                           8
9                                                        5                           8                           6                           8
10                                                       7                           8                           8                           6
11                                                       8                           6                           9                           1
12                                                       8                           6                          10                           6
13                                                       8                           6                          17                           6
14                                                      10                           6                          11                           1
15                                                      10                           6                          12                           6
16                                                      12                           6                          13                           6
17                                                      12                           6                          21                           6
18                                                      13                           6                          14                           1
19                                                      13                           6                          15                           6
20                                                      15                           6                          16                           1
21                                                      15                           6                          17                           6
22                                                      17                           6                          18                           1
23                                                      17                           6                          19                           8
24                                                      19                           8                          20                           1
25                                                      21                           6                          22                           8
26                                                      21                           6                          23                           8
27                                                      22                           8                          23                           8
   &ATNO [&Type "ArrayOfIntegers", &Dim (24,1)] "Atomic number of the elements"
                                                         0

0                                                        6
1                                                        1
2                                                        1
3                                                        6
4                                                        6
5                                                        8
6                                                        8
7                                                        8
8                                                        6
9                                                        1
10                                                       6
11                                                       1
12                                                       6
13                                                       6
14                                                       1
15                                                       6
16                                                       1
17                                                       6
18                                                       1
19                                                       8
20                                                       1
21                                                       6
22                                                       8
23                                                       8
   &NA [&Type "ArrayOfDoubles", &Dim (24,1)] "Mulliken gross atomic population"
                                                         0

0                                      5.9098701265423594e+00
1                                      1.0308140410226347e+00
2                                      1.0071996659483406e+00
3                                      6.0450250590276946e+00
4                                      5.9317144810880054e+00
5                                      8.4145650387904389e+00
6                                      8.4129591647385205e+00
7                                      8.3241651993282275e+00
8                                      5.9177512529566094e+00
9                                      1.0746261047142291e+00
10                                     5.9743843995230534e+00
11                                     1.0659739892300291e+00
12                                     6.1529176121355658e+00
13                                     5.9267026587837934e+00
14                                     1.0493501249144823e+00
15                                     6.0159381797627693e+00
16                                     1.0735030072798903e+00
17                                     5.7315965813335517e+00
18                                     1.0140796564019920e+00
19                                     8.3476142130485211e+00
20                                     8.6628342147893866e-01
21                                     5.8953171995384404e+00
22                                     8.4167488853017041e+00
23                                     8.4008999371100916e+00
   &ZA [&Type "ArrayOfDoubles", &Dim (24,1)] "Total nuclear charge"
                                                         0

0                                      6.0000000000000000e+00
1                                      1.0000000000000000e+00
2                                      1.0000000000000000e+00
3                                      6.0000000000000000e+00
4                                      6.0000000000000000e+00
5                                      8.0000000000000000e+00
6                                      8.0000000000000000e+00
7                                      8.0000000000000000e+00
8                                      6.0000000000000000e+00
9                                      1.0000000000000000e+00
10                                     6.0000000000000000e+00
11                                     1.0000000000000000e+00
12                                     6.0000000000000000e+00
13                                     6.0000000000000000e+00
14                                     1.0000000000000000e+00
15                                     6.0000000000000000e+00
16                                     1.0000000000000000e+00
17                                     6.0000000000000000e+00
18                                     1.0000000000000000e+00
19                                     8.0000000000000000e+00
20                                     1.0000000000000000e+00
21                                     6.0000000000000000e+00
22                                     8.0000000000000000e+00
23                                     8.0000000000000000e+00
   &QA [&Type "ArrayOfDoubles", &Dim (24,1)] "Mulliken gross atomic charge"
                                                         0

0                                      9.0129873457640564e-02
1                                     -3.0814041022634742e-02
2                                     -7.1996659483406500e-03
3                                     -4.5025059027694603e-02
4                                      6.8285518911994636e-02
5                                     -4.1456503879043893e-01
6                                     -4.1295916473852046e-01
7                                     -3.2416519932822752e-01
8                                      8.2248747043390580e-02
9                                     -7.4626104714229147e-02
10                                     2.5615600476946554e-02
11                                    -6.5973989230029062e-02
12                                    -1.5291761213556576e-01
13                                     7.3297341216206569e-02
14                                    -4.9350124914482318e-02
15                                    -1.5938179762769344e-02
16                                    -7.3503007279890342e-02
17                                     2.6840341866644835e-01
18                                    -1.4079656401992047e-02
19                                    -3.4761421304852114e-01
20                                     1.3371657852106134e-01
21                                     1.0468280046155964e-01
22                                    -4.1674888530170406e-01
23                                    -4.0089993711009164e-01
   &VA [&Type "ArrayOfDoubles", &Dim (24,1)] "Mayer's total valence"
                                                         0

0                                      3.8113798245577168e+00
1                                      1.0189434005360627e+00
2                                      1.0366261482291608e+00
3                                      3.9987532357184583e+00
4                                      4.5078908539337563e+00
5                                      2.0858374169981175e+00
6                                      2.0684361272311418e+00
7                                      2.1314057675108757e+00
8                                      3.9114661140290861e+00
9                                      9.8866547499589008e-01
10                                     3.8749402161744779e+00
11                                     1.0336619655429744e+00
12                                     3.7298047990205974e+00
13                                     3.9135793939007009e+00
14                                     1.0391783721946215e+00
15                                     3.8510733816346461e+00
16                                     9.8385364550759291e-01
17                                     3.8757914491103556e+00
18                                     1.0448329860425691e+00
19                                     1.9957840560652311e+00
20                                     1.0303922347950132e+00
21                                     4.5378884520427452e+00
22                                     2.0826996470162218e+00
23                                     2.1005770496970131e+00
   &BVA [&Type "ArrayOfDoubles", &Dim (24,1)] "Mayer's bonded valence"
                                                         0

0                                      3.8113798245576995e+00
1                                      1.0189434005360611e+00
2                                      1.0366261482291488e+00
3                                      3.9987532357184463e+00
4                                      4.5078908539337279e+00
5                                      2.0858374169981690e+00
6                                      2.0684361272310845e+00
7                                      2.1314057675108455e+00
8                                      3.9114661140290914e+00
9                                      9.8866547499589430e-01
10                                     3.8749402161745654e+00
11                                     1.0336619655429697e+00
12                                     3.7298047990205991e+00
13                                     3.9135793939006080e+00
14                                     1.0391783721945949e+00
15                                     3.8510733816345910e+00
16                                     9.8385364550758847e-01
17                                     3.8757914491103671e+00
18                                     1.0448329860425596e+00
19                                     1.9957840560652436e+00
20                                     1.0303922347950134e+00
21                                     4.5378884520427523e+00
22                                     2.0826996470161734e+00
23                                     2.1005770496971614e+00
   &FA [&Type "ArrayOfDoubles", &Dim (24,1)] "Mayer's free valence"
                                                         0

0                                      0.0000000000000000e+00
1                                      0.0000000000000000e+00
2                                      0.0000000000000000e+00
3                                      0.0000000000000000e+00
4                                      0.0000000000000000e+00
5                                      0.0000000000000000e+00
6                                      0.0000000000000000e+00
7                                      0.0000000000000000e+00
8                                      0.0000000000000000e+00
9                                      0.0000000000000000e+00
10                                     0.0000000000000000e+00
11                                     0.0000000000000000e+00
12                                     0.0000000000000000e+00
13                                     0.0000000000000000e+00
14                                     0.0000000000000000e+00
15                                     0.0000000000000000e+00
16                                     0.0000000000000000e+00
17                                     0.0000000000000000e+00
18                                     0.0000000000000000e+00
19                                     0.0000000000000000e+00
20                                     0.0000000000000000e+00
21                                     0.0000000000000000e+00
22                                     0.0000000000000000e+00
23                                     0.0000000000000000e+00
$End
$VdW_Correction
   &GeometryIndex 1
   &ListStatus       OUT
   &VDW [&Type "Double"]      -5.7456068596861684e-02
$End
$Calculation_Info
   &GeometryIndex 1
   &ListStatus       OUT
   &MULT [&Type "Integer"] 1
   &CHARGE [&Type "Integer"] -2
   &NUMOFATOMS [&Type "Integer"] 24
   &NUMOFELECTRONS [&Type "Integer"] 118
   &NUMOFFCELECTRONS [&Type "Integer"] 1
   &NUMOFCORRELECTRONS [&Type "Integer"] 0
   &NUMOFBASISFUNCTS [&Type "Integer"] 264
   &NUMOFAUXCBASISFUNCTS [&Type "Integer"] 0
   &NUMOFAUXJBASISFUNCTS [&Type "Integer"] 872
   &NUMOFAUXJKBASISFUNCTS [&Type "Integer"] 0
   &NUMOFCABSBASISFUNCTS [&Type "Integer"] 0
   &TOTALENERGY [&Type "Double"]      -8.3611327861571817e+02  "Hartrees"
$End
$SCF_Dipole_Moment
   &GeometryIndex 1
   &ListStatus       OUT
   &METHOD [&Type "String"] "SCF"
   &LEVEL [&Type "String"] "Relaxed density"
   &MULT [&Type "Integer"] 1
   &STATE [&Type "Integer"] -1
   &IRREP [&Type "Integer"] 0
   &NATOMS [&Type "Integer"] 24
   &DODIPOLEATOM [&Type "Boolean"] false
   &DIPOLEELECCONTRIB [&Type "ArrayOfDoubles", &Dim (3,1)] "Electronic contribution"
                                                         0

0                                      1.1837201653260012e+00
1                                      8.8897346760458829e-01
2                                      1.5345658342117627e+00
   &DIPOLENUCCONTRIB [&Type "ArrayOfDoubles", &Dim (3,1)] "Nuclear contribution"
                                                         0

0                                     -2.6508125398095785e+00
1                                     -2.9757458997611508e+00
2                                     -3.5034231718248492e+00
   &DIPOLETOTAL [&Type "ArrayOfDoubles", &Dim (3,1)] "Total"
                                                         0

0                                     -1.4670923744835773e+00
1                                     -2.0867724321565624e+00
2                                     -1.9688573376130865e+00
   &DIPOLEMAGNITUDE [&Type "Double", &Units "a.u."]       3.2223250045191545e+00
$End
