*************************************************
******************* ORCA 6.0.1 ******************
*************************************************
$Calculation_Status
   &GeometryIndex 1
   &ListStatus       OUT
   &VERSION [&Type "String"] "6.0.1"
   &PROGNAME [&Type "String"] "LeanSCF"
   &STATUS [&Type "String"] "NORMAL TERMINATION"
$End
$Geometry
   &GeometryIndex 1
   &ListStatus       OUT
   &NATOMS [&Type "Integer"] 24
   &NCORELESSECP [&Type "Integer"] 0
   &NGHOSTATOMS [&Type "Integer"] 0
   &CartesianCoordinates [&Type "Coordinates", &Dim(24,4), &Units "Bohr"] 
              C     90.638824287399   55.684559988258  108.848225313864
              H     92.383041509008   54.941897617626  108.045091706948
              H     90.684177714613   57.406100496260  109.976391815815
              C     88.407057723238   54.577180473780  108.400360220125
              C     85.952303475274   55.629757930374  109.481283568728
              O     85.984428819551   57.882311482008  110.254181557502
              O     84.072025972023   54.199235246995  109.549313709549
              O     88.223754288248   52.398326241368  106.984955345818
              C     88.015884413516   52.632652281975  104.205168202820
              H     87.911949476151   50.667337102697  103.547543508215
              C     90.351585915043   53.930894135979  103.294320206270
              H     92.127928480929   52.885875583920  103.241407874520
              C     90.381821533186   56.465016881567  103.035427725922
              C     88.025333044186   57.912547100151  103.245187326788
              H     88.202967300774   59.966679407723  103.179046912100
              C     85.776558944820   56.776821693664  103.564551043420
              H     84.053128710683   57.882311482008  103.819664071500
              C     85.529004821276   53.940342766648  103.466285284456
              H     84.098482137897   53.331850951526  104.845785362219
              O     84.848703413064   53.188231765348  100.979405692216
              H     83.081809477848   52.492812548065  100.990744049020
              C     92.866811399292   57.914436826285  103.008971560047
              O     94.909605350061   56.718240183512  102.795432506914
              O     92.645713441623   60.253917780079  103.362350347091
$End
$SCF_Energy
   &GeometryIndex 1
   &ListStatus       OUT
   &SCF_ENERGY [&Type "Double"]      -8.3608472986525919e+02
$End
$DFT_Energy
   &GeometryIndex 1
   &ListStatus       OUT
   &NALPHAEL [&Type "Integer"] 59
   &NBETAEL [&Type "Integer"] 59
   &NTOTALEL [&Type "Integer"] 117
   &EEXCHANGE [&Type "Double"]      -8.3130960981687380e+01
   &ECORR [&Type "Double"]      -4.8472680866914928e+00
   &ECNL [&Type "Double"]       0.0000000000000000e+00
   &EXC [&Type "Double"]      -8.7978229068378880e+01
   &EEMBED [&Type "Double"]       0.0000000000000000e+00
   &FINALEN [&Type "Double"]      -8.3608472986525919e+02  "No Van der Waals correction"
$End
$Mulliken_Population_Analysis
   &GeometryIndex 1
   &ListStatus       OUT
   &NATOMS [&Type "Integer"] 24
   &ATNO [&Type "ArrayOfIntegers", &Dim (24,1)] 
                                                         0

0                                                        6
1                                                        1
2                                                        1
3                                                        6
4                                                        6
5                                                        8
6                                                        8
7                                                        8
8                                                        6
9                                                        1
10                                                       6
11                                                       1
12                                                       6
13                                                       6
14                                                       1
15                                                       6
16                                                       1
17                                                       6
18                                                       1
19                                                       8
20                                                       1
21                                                       6
22                                                       8
23                                                       8
   &ATOMICCHARGES [&Type "ArrayOfDoubles", &Dim (24,1)] 
                                                         0

0                                      1.7156008389662247e-02
1                                     -2.6608298443157485e-02
2                                     -2.6716026499861822e-02
3                                      4.2171359922615892e-03
4                                      8.3803356371763726e-02
5                                     -4.1584466250556318e-01
6                                     -4.1980005403975795e-01
7                                     -3.7328134409976599e-01
8                                      2.6596121302639997e-01
9                                     -8.6063906558213388e-02
10                                    -8.3876872044148065e-02
11                                    -6.2640502028148193e-02
12                                    -4.5699870790507191e-02
13                                     5.5207107585927950e-02
14                                    -5.4599007945242528e-02
15                                    -1.6509358727363477e-02
16                                    -6.8368706426693349e-02
17                                     2.0166967684555459e-01
18                                    -1.8508471139196292e-02
19                                    -3.3530857443055595e-01
20                                     1.4265444825936835e-01
21                                     8.4626778365223032e-02
22                                    -4.1807321239645034e-01
23                                    -4.0339685676168990e-01
$End
$Loewdin_Population_Analysis
   &GeometryIndex 1
   &ListStatus       OUT
   &NATOMS [&Type "Integer"] 24
   &ATNO [&Type "ArrayOfIntegers", &Dim (24,1)] 
                                                         0

0                                                        6
1                                                        1
2                                                        1
3                                                        6
4                                                        6
5                                                        8
6                                                        8
7                                                        8
8                                                        6
9                                                        1
10                                                       6
11                                                       1
12                                                       6
13                                                       6
14                                                       1
15                                                       6
16                                                       1
17                                                       6
18                                                       1
19                                                       8
20                                                       1
21                                                       6
22                                                       8
23                                                       8
   &ATOMICCHARGES [&Type "ArrayOfDoubles", &Dim (24,1)] 
                                                         0

0                                     -9.4854037896192622e-02
1                                      4.7762864669175231e-03
2                                      1.1999201071788201e-02
3                                     -9.5083345189657109e-03
4                                     -6.3303261878308703e-02
5                                     -3.8409821636558306e-01
6                                     -3.8340177138249665e-01
7                                     -1.5707550984520857e-01
8                                      8.4024175357455100e-02
9                                     -5.8294576785620222e-03
10                                    -5.4416461203468991e-02
11                                     1.1327056398090507e-03
12                                    -5.8417692893801387e-02
13                                    -2.5128601162212050e-03
14                                     1.3194695642555820e-02
15                                    -5.7622849951925126e-02
16                                     3.8959188948084478e-04
17                                     4.3238198561573071e-02
18                                     6.6079745511428145e-03
19                                    -1.7052401119682870e-01
20                                     7.4716430152199309e-02
21                                    -4.0325007911014232e-02
22                                    -3.9039065119211536e-01
23                                    -3.6779913530238773e-01
$End
$Mayer_Population_Analysis
   &GeometryIndex 1
   &ListStatus       OUT
   &NATOMS [&Type "Integer"] 24 "Total number of atoms"
   &BONDTHRESH [&Type "Double"]       1.0000000000000001e-01  "The threshold for printing"
   &NBONDORDERSPRINT [&Type "Integer"] 26 "The number of bond orders larger than threshold"
   &BONDORDERS [&Type "ArrayOfDoubles", &Dim (26,1)] "The bond orders"
                                                         0

0                                      9.1274887692451556e-01
1                                      9.0877888174849597e-01
2                                      1.9613098321946749e+00
3                                      8.3209604464414166e-01
4                                      1.0377997622878503e+00
5                                      1.8768657388281862e+00
6                                      1.8027350880849826e+00
7                                      1.2016603855357326e-01
8                                      9.4520060528838645e-01
9                                      8.9305637379903446e-01
10                                     9.8444578043246678e-01
11                                     9.7321926952800597e-01
12                                     9.3278796268864561e-01
13                                     1.7716969213572111e+00
14                                     1.1028722743632269e+00
15                                     8.3529431547369926e-01
16                                     9.5988579682491748e-01
17                                     1.7636245890964528e+00
18                                     9.5366310253046116e-01
19                                     9.6594223490735764e-01
20                                     8.9697077511960788e-01
21                                     1.0197499943898811e+00
22                                     9.7844257236477172e-01
23                                     1.8737728110512510e+00
24                                     1.8523764986548512e+00
25                                     1.2339346039771701e-01
   &COMPONENTS [&Type "ArrayOfIntegers", &Dim (26,4)] "The indices and atomic numbers of the bonding atoms"
                                                         0                           1                           2                           3

0                                                        0                           6                           1                           1
1                                                        0                           6                           2                           1
2                                                        0                           6                           3                           6
3                                                        3                           6                           4                           6
4                                                        3                           6                           7                           8
5                                                        4                           6                           5                           8
6                                                        4                           6                           6                           8
7                                                        5                           8                           6                           8
8                                                        7                           8                           8                           6
9                                                        8                           6                           9                           1
10                                                       8                           6                          10                           6
11                                                       8                           6                          17                           6
12                                                      10                           6                          11                           1
13                                                      10                           6                          12                           6
14                                                      12                           6                          13                           6
15                                                      12                           6                          21                           6
16                                                      13                           6                          14                           1
17                                                      13                           6                          15                           6
18                                                      15                           6                          16                           1
19                                                      15                           6                          17                           6
20                                                      17                           6                          18                           1
21                                                      17                           6                          19                           8
22                                                      19                           8                          20                           1
23                                                      21                           6                          22                           8
24                                                      21                           6                          23                           8
25                                                      22                           8                          23                           8
   &ATNO [&Type "ArrayOfIntegers", &Dim (24,1)] "Atomic number of the elements"
                                                         0

0                                                        6
1                                                        1
2                                                        1
3                                                        6
4                                                        6
5                                                        8
6                                                        8
7                                                        8
8                                                        6
9                                                        1
10                                                       6
11                                                       1
12                                                       6
13                                                       6
14                                                       1
15                                                       6
16                                                       1
17                                                       6
18                                                       1
19                                                       8
20                                                       1
21                                                       6
22                                                       8
23                                                       8
   &NA [&Type "ArrayOfDoubles", &Dim (24,1)] "Mulliken gross atomic population"
                                                         0

0                                      5.9828439916103351e+00
1                                      1.0266082984431577e+00
2                                      1.0267160264998627e+00
3                                      5.9957828640077384e+00
4                                      5.9161966436282345e+00
5                                      8.4158446625055578e+00
6                                      8.4198000540397562e+00
7                                      8.3732813440997607e+00
8                                      5.7340387869735983e+00
9                                      1.0860639065582127e+00
10                                     6.0838768720441507e+00
11                                     1.0626405020281475e+00
12                                     6.0456998707905063e+00
13                                     5.9447928924140729e+00
14                                     1.0545990079452428e+00
15                                     6.0165093587273653e+00
16                                     1.0683687064266927e+00
17                                     5.7983303231544436e+00
18                                     1.0185084711391965e+00
19                                     8.3353085744305560e+00
20                                     8.5734555174063165e-01
21                                     5.9153732216347779e+00
22                                     8.4180732123964521e+00
23                                     8.4033968567616846e+00
   &ZA [&Type "ArrayOfDoubles", &Dim (24,1)] "Total nuclear charge"
                                                         0

0                                      6.0000000000000000e+00
1                                      1.0000000000000000e+00
2                                      1.0000000000000000e+00
3                                      6.0000000000000000e+00
4                                      6.0000000000000000e+00
5                                      8.0000000000000000e+00
6                                      8.0000000000000000e+00
7                                      8.0000000000000000e+00
8                                      6.0000000000000000e+00
9                                      1.0000000000000000e+00
10                                     6.0000000000000000e+00
11                                     1.0000000000000000e+00
12                                     6.0000000000000000e+00
13                                     6.0000000000000000e+00
14                                     1.0000000000000000e+00
15                                     6.0000000000000000e+00
16                                     1.0000000000000000e+00
17                                     6.0000000000000000e+00
18                                     1.0000000000000000e+00
19                                     8.0000000000000000e+00
20                                     1.0000000000000000e+00
21                                     6.0000000000000000e+00
22                                     8.0000000000000000e+00
23                                     8.0000000000000000e+00
   &QA [&Type "ArrayOfDoubles", &Dim (24,1)] "Mulliken gross atomic charge"
                                                         0

0                                      1.7156008389664912e-02
1                                     -2.6608298443157707e-02
2                                     -2.6716026499862711e-02
3                                      4.2171359922615892e-03
4                                      8.3803356371765503e-02
5                                     -4.1584466250555785e-01
6                                     -4.1980005403975618e-01
7                                     -3.7328134409976066e-01
8                                      2.6596121302640174e-01
9                                     -8.6063906558212722e-02
10                                    -8.3876872044150730e-02
11                                    -6.2640502028147527e-02
12                                    -4.5699870790506303e-02
13                                     5.5207107585927062e-02
14                                    -5.4599007945242750e-02
15                                    -1.6509358727365253e-02
16                                    -6.8368706426692682e-02
17                                     2.0166967684555637e-01
18                                    -1.8508471139196514e-02
19                                    -3.3530857443055595e-01
20                                     1.4265444825936835e-01
21                                     8.4626778365222144e-02
22                                    -4.1807321239645212e-01
23                                    -4.0339685676168457e-01
   &VA [&Type "ArrayOfDoubles", &Dim (24,1)] "Mayer's total valence"
                                                         0

0                                      3.8896785117287722e+00
1                                      9.9871699168408423e-01
2                                      1.0222164590765217e+00
3                                      3.9411827700669146e+00
4                                      4.5163272469318994e+00
5                                      2.0814923419473286e+00
6                                      2.0498396527628375e+00
7                                      2.0910467498028553e+00
8                                      3.8591764645600035e+00
9                                      9.9375250596332310e-01
10                                     3.8741671096623960e+00
11                                     1.0322377020642137e+00
12                                     3.7413182935875837e+00
13                                     3.9189953520448610e+00
14                                     1.0373811794682397e+00
15                                     3.8164153584070126e+00
16                                     9.8163456277327965e-01
17                                     3.8968098733451733e+00
18                                     1.0597692962314191e+00
19                                     2.0175777050698089e+00
20                                     1.0216367194446307e+00
21                                     4.5493833765512735e+00
22                                     2.0785176755631594e+00
23                                     2.0954077400138478e+00
   &BVA [&Type "ArrayOfDoubles", &Dim (24,1)] "Mayer's bonded valence"
                                                         0

0                                      3.8896785117287518e+00
1                                      9.9871699168408057e-01
2                                      1.0222164590765237e+00
3                                      3.9411827700668542e+00
4                                      4.5163272469319065e+00
5                                      2.0814923419473228e+00
6                                      2.0498396527629037e+00
7                                      2.0910467498028851e+00
8                                      3.8591764645600373e+00
9                                      9.9375250596332654e-01
10                                     3.8741671096624142e+00
11                                     1.0322377020642146e+00
12                                     3.7413182935876703e+00
13                                     3.9189953520449374e+00
14                                     1.0373811794682510e+00
15                                     3.8164153584070659e+00
16                                     9.8163456277329109e-01
17                                     3.8968098733451750e+00
18                                     1.0597692962314214e+00
19                                     2.0175777050698098e+00
20                                     1.0216367194446279e+00
21                                     4.5493833765512459e+00
22                                     2.0785176755631483e+00
23                                     2.0954077400138704e+00
   &FA [&Type "ArrayOfDoubles", &Dim (24,1)] "Mayer's free valence"
                                                         0

0                                      0.0000000000000000e+00
1                                      0.0000000000000000e+00
2                                      0.0000000000000000e+00
3                                      0.0000000000000000e+00
4                                      0.0000000000000000e+00
5                                      0.0000000000000000e+00
6                                      0.0000000000000000e+00
7                                      0.0000000000000000e+00
8                                      0.0000000000000000e+00
9                                      0.0000000000000000e+00
10                                     0.0000000000000000e+00
11                                     0.0000000000000000e+00
12                                     0.0000000000000000e+00
13                                     0.0000000000000000e+00
14                                     0.0000000000000000e+00
15                                     0.0000000000000000e+00
16                                     0.0000000000000000e+00
17                                     0.0000000000000000e+00
18                                     0.0000000000000000e+00
19                                     0.0000000000000000e+00
20                                     0.0000000000000000e+00
21                                     0.0000000000000000e+00
22                                     0.0000000000000000e+00
23                                     0.0000000000000000e+00
$End
$VdW_Correction
   &GeometryIndex 1
   &ListStatus       OUT
   &VDW [&Type "Double"]      -5.4070799256335469e-02
$End
$Calculation_Info
   &GeometryIndex 1
   &ListStatus       OUT
   &MULT [&Type "Integer"] 1
   &CHARGE [&Type "Integer"] -2
   &NUMOFATOMS [&Type "Integer"] 24
   &NUMOFELECTRONS [&Type "Integer"] 118
   &NUMOFFCELECTRONS [&Type "Integer"] 1
   &NUMOFCORRELECTRONS [&Type "Integer"] 0
   &NUMOFBASISFUNCTS [&Type "Integer"] 264
   &NUMOFAUXCBASISFUNCTS [&Type "Integer"] 0
   &NUMOFAUXJBASISFUNCTS [&Type "Integer"] 872
   &NUMOFAUXJKBASISFUNCTS [&Type "Integer"] 0
   &NUMOFCABSBASISFUNCTS [&Type "Integer"] 0
   &TOTALENERGY [&Type "Double"]      -8.3613880066451554e+02  "Hartrees"
$End
$SCF_Dipole_Moment
   &GeometryIndex 1
   &ListStatus       OUT
   &METHOD [&Type "String"] "SCF"
   &LEVEL [&Type "String"] "Relaxed density"
   &MULT [&Type "Integer"] 1
   &STATE [&Type "Integer"] -1
   &IRREP [&Type "Integer"] 0
   &NATOMS [&Type "Integer"] 24
   &DODIPOLEATOM [&Type "Boolean"] false
   &DIPOLEELECCONTRIB [&Type "ArrayOfDoubles", &Dim (3,1)] "Electronic contribution"
                                                         0

0                                      9.3260879616970715e-01
1                                      3.8433889631029894e-01
2                                      4.9373378667717943e-01
   &DIPOLENUCCONTRIB [&Type "ArrayOfDoubles", &Dim (3,1)] "Nuclear contribution"
                                                         0

0                                     -2.7257714313114576e+00
1                                     -2.6745118765195670e+00
2                                     -2.3398703502746656e+00
   &DIPOLETOTAL [&Type "ArrayOfDoubles", &Dim (3,1)] "Total"
                                                         0

0                                     -1.7931626351417504e+00
1                                     -2.2901729802092681e+00
2                                     -1.8461365635974862e+00
   &DIPOLEMAGNITUDE [&Type "Double", &Units "a.u."]       3.4450754312207219e+00
$End
