*************************************************
******************* ORCA 6.0.1 ******************
*************************************************
$Calculation_Status
   &GeometryIndex 1
   &ListStatus       OUT
   &VERSION [&Type "String"] "6.0.1"
   &PROGNAME [&Type "String"] "LeanSCF"
   &STATUS [&Type "String"] "NORMAL TERMINATION"
$End
$Geometry
   &GeometryIndex 1
   &ListStatus       OUT
   &NATOMS [&Type "Integer"] 24
   &NCORELESSECP [&Type "Integer"] 0
   &NGHOSTATOMS [&Type "Integer"] 0
   &CartesianCoordinates [&Type "Coordinates", &Dim(24,4), &Units "Bohr"] 
              C     90.578353051113   55.875422327784  107.576439625735
              H     92.415166853285   54.960794878966  107.901472520770
              H     90.568904420444   57.768927913973  108.415478029196
              C     88.541228278746   54.248368126477  108.700826675418
              C     86.073245947845   55.478579839660  109.730727418405
              O     86.124268553461   57.818060793455  110.144577441734
              O     84.249660228611   54.040498251746  110.097334288386
              O     88.777444045486   51.963689230567  108.734841745829
              C     88.354145391488   52.213133080244  102.717953735424
              H     88.535559100345   50.310178863385  101.954504377319
              C     90.383711259320   53.535941373989  103.436049666314
              H     92.279106571643   52.732807767073  103.284871575600
              C     90.221194811802   56.115417546792  104.609569595479
              C     87.666285078741   57.294606654358  104.129579157463
              H     87.498099452822   59.326062248324  104.414927803685
              C     85.623491127972   55.949121647006  103.504079807135
              H     83.777228695131   56.869418274226  103.436049666314
              C     85.689631542659   53.182562586946  102.854014017066
              H     84.665399978074   52.111087869012  104.337449032194
              O     84.548236957771   52.763043385215  100.461620731522
              H     82.703864251064   52.343524183485  100.669490606253
              C     92.479417541838   57.872862851338  103.868796950982
              O     94.548667658482   56.829734025414  103.334004455082
              O     92.069346970777   60.201005448329  104.055879838240
$End
$SCF_Energy
   &GeometryIndex 1
   &ListStatus       OUT
   &SCF_ENERGY [&Type "Double"]      -8.3612050410765403e+02
$End
$DFT_Energy
   &GeometryIndex 1
   &ListStatus       OUT
   &NALPHAEL [&Type "Integer"] 59
   &NBETAEL [&Type "Integer"] 59
   &NTOTALEL [&Type "Integer"] 118
   &EEXCHANGE [&Type "Double"]      -8.3137032681312292e+01
   &ECORR [&Type "Double"]      -4.8456140994874817e+00
   &ECNL [&Type "Double"]       0.0000000000000000e+00
   &EXC [&Type "Double"]      -8.7982646780799769e+01
   &EEMBED [&Type "Double"]       0.0000000000000000e+00
   &FINALEN [&Type "Double"]      -8.3612050410765403e+02  "No Van der Waals correction"
$End
$Mulliken_Population_Analysis
   &GeometryIndex 1
   &ListStatus       OUT
   &NATOMS [&Type "Integer"] 24
   &ATNO [&Type "ArrayOfIntegers", &Dim (24,1)] 
                                                         0

0                                                        6
1                                                        1
2                                                        1
3                                                        6
4                                                        6
5                                                        8
6                                                        8
7                                                        8
8                                                        6
9                                                        1
10                                                       6
11                                                       1
12                                                       6
13                                                       6
14                                                       1
15                                                       6
16                                                       1
17                                                       6
18                                                       1
19                                                       8
20                                                       1
21                                                       6
22                                                       8
23                                                       8
   &ATOMICCHARGES [&Type "ArrayOfDoubles", &Dim (24,1)] 
                                                         0

0                                      2.2379345960803221e-01
1                                     -5.4388213634575910e-02
2                                     -1.6468446352045696e-02
3                                     -4.8856038183442863e-02
4                                      6.0841301020811756e-02
5                                     -4.0694918396499169e-01
6                                     -3.9668699832222387e-01
7                                     -2.5278704395025819e-01
8                                     -7.1429567875419764e-02
9                                     -9.3772488576177260e-02
10                                     7.7822586939308103e-02
11                                    -5.5647095531996094e-02
12                                    -2.1744416428703417e-01
13                                     6.9586579209704347e-02
14                                    -3.7326163638316423e-02
15                                    -6.9857471673150151e-02
16                                    -8.4014469798246116e-02
17                                     3.2069918517328944e-01
18                                    -9.7530398311351796e-03
19                                    -3.5647672958111798e-01
20                                     1.3654654833865609e-01
21                                     1.0594965115499555e-01
22                                    -4.1712164149859809e-01
23                                    -4.0626055474614375e-01
$End
$Loewdin_Population_Analysis
   &GeometryIndex 1
   &ListStatus       OUT
   &NATOMS [&Type "Integer"] 24
   &ATNO [&Type "ArrayOfIntegers", &Dim (24,1)] 
                                                         0

0                                                        6
1                                                        1
2                                                        1
3                                                        6
4                                                        6
5                                                        8
6                                                        8
7                                                        8
8                                                        6
9                                                        1
10                                                       6
11                                                       1
12                                                       6
13                                                       6
14                                                       1
15                                                       6
16                                                       1
17                                                       6
18                                                       1
19                                                       8
20                                                       1
21                                                       6
22                                                       8
23                                                       8
   &ATOMICCHARGES [&Type "ArrayOfDoubles", &Dim (24,1)] 
                                                         0

0                                     -2.7918583146157694e-02
1                                      8.0147684135892794e-03
2                                      2.0749907900124542e-02
3                                      3.2503779785876930e-02
4                                     -8.7951664455884426e-02
5                                     -3.7266857074552462e-01
6                                     -3.6299945516847387e-01
7                                     -1.8896346043266021e-01
8                                     -7.6219702805220280e-02
9                                     -9.0401950880316662e-03
10                                     1.0316041470590953e-02
11                                     8.7308075939274143e-03
12                                    -7.7750631883414911e-02
13                                     1.8293391926995639e-02
14                                     1.7057774202816067e-02
15                                    -8.0747033399456214e-02
16                                    -3.7046095853228156e-03
17                                     5.0885400280445303e-02
18                                     8.2762773494294839e-03
19                                    -1.7993555761469082e-01
20                                     7.0353674205097194e-02
21                                    -1.9861554011158411e-02
22                                    -3.8520830066204859e-01
23                                    -3.7221250413088747e-01
$End
$Mayer_Population_Analysis
   &GeometryIndex 1
   &ListStatus       OUT
   &NATOMS [&Type "Integer"] 24 "Total number of atoms"
   &BONDTHRESH [&Type "Double"]       1.0000000000000001e-01  "The threshold for printing"
   &NBONDORDERSPRINT [&Type "Integer"] 26 "The number of bond orders larger than threshold"
   &BONDORDERS [&Type "ArrayOfDoubles", &Dim (26,1)] "The bond orders"
                                                         0

0                                      8.9313033907910444e-01
1                                      8.9918410169824681e-01
2                                      9.6119563689856935e-01
3                                      9.9768737634801097e-01
4                                      8.0032268796909423e-01
5                                      2.0854114202324650e+00
6                                      1.8229167255066137e+00
7                                      1.8860132061514396e+00
8                                      1.3626275426575440e-01
9                                      9.5568672196582050e-01
10                                     1.8604579250732898e+00
11                                     9.7597229484481685e-01
12                                     9.5858270033089810e-01
13                                     9.7212856268165881e-01
14                                     9.8361493067641192e-01
15                                     7.8000002329073637e-01
16                                     9.5770068777452089e-01
17                                     1.8785707974391981e+00
18                                     9.5187568107905984e-01
19                                     9.7763345825420034e-01
20                                     8.6845677270023502e-01
21                                     9.7062913164678055e-01
22                                     9.7394182345749880e-01
23                                     1.8592165507313756e+00
24                                     1.8682592795143149e+00
25                                     1.1775523843047248e-01
   &COMPONENTS [&Type "ArrayOfIntegers", &Dim (26,4)] "The indices and atomic numbers of the bonding atoms"
                                                         0                           1                           2                           3

0                                                        0                           6                           1                           1
1                                                        0                           6                           2                           1
2                                                        0                           6                           3                           6
3                                                        0                           6                          12                           6
4                                                        3                           6                           4                           6
5                                                        3                           6                           7                           8
6                                                        4                           6                           5                           8
7                                                        4                           6                           6                           8
8                                                        5                           8                           6                           8
9                                                        8                           6                           9                           1
10                                                       8                           6                          10                           6
11                                                       8                           6                          17                           6
12                                                      10                           6                          11                           1
13                                                      10                           6                          12                           6
14                                                      12                           6                          13                           6
15                                                      12                           6                          21                           6
16                                                      13                           6                          14                           1
17                                                      13                           6                          15                           6
18                                                      15                           6                          16                           1
19                                                      15                           6                          17                           6
20                                                      17                           6                          18                           1
21                                                      17                           6                          19                           8
22                                                      19                           8                          20                           1
23                                                      21                           6                          22                           8
24                                                      21                           6                          23                           8
25                                                      22                           8                          23                           8
   &ATNO [&Type "ArrayOfIntegers", &Dim (24,1)] "Atomic number of the elements"
                                                         0

0                                                        6
1                                                        1
2                                                        1
3                                                        6
4                                                        6
5                                                        8
6                                                        8
7                                                        8
8                                                        6
9                                                        1
10                                                       6
11                                                       1
12                                                       6
13                                                       6
14                                                       1
15                                                       6
16                                                       1
17                                                       6
18                                                       1
19                                                       8
20                                                       1
21                                                       6
22                                                       8
23                                                       8
   &NA [&Type "ArrayOfDoubles", &Dim (24,1)] "Mulliken gross atomic population"
                                                         0

0                                      5.7762065403919678e+00
1                                      1.0543882136345759e+00
2                                      1.0164684463520448e+00
3                                      6.0488560381834420e+00
4                                      5.9391586989791900e+00
5                                      8.4069491839649952e+00
6                                      8.3966869983222203e+00
7                                      8.2527870439502600e+00
8                                      6.0714295678754144e+00
9                                      1.0937724885761775e+00
10                                     5.9221774130606937e+00
11                                     1.0556470955319959e+00
12                                     6.2174441642870342e+00
13                                     5.9304134207902974e+00
14                                     1.0373261636383164e+00
15                                     6.0698574716731519e+00
16                                     1.0840144697982457e+00
17                                     5.6793008148267088e+00
18                                     1.0097530398311352e+00
19                                     8.3564767295811233e+00
20                                     8.6345345166134402e-01
21                                     5.8940503488450036e+00
22                                     8.4171216414985981e+00
23                                     8.4062605547461402e+00
   &ZA [&Type "ArrayOfDoubles", &Dim (24,1)] "Total nuclear charge"
                                                         0

0                                      6.0000000000000000e+00
1                                      1.0000000000000000e+00
2                                      1.0000000000000000e+00
3                                      6.0000000000000000e+00
4                                      6.0000000000000000e+00
5                                      8.0000000000000000e+00
6                                      8.0000000000000000e+00
7                                      8.0000000000000000e+00
8                                      6.0000000000000000e+00
9                                      1.0000000000000000e+00
10                                     6.0000000000000000e+00
11                                     1.0000000000000000e+00
12                                     6.0000000000000000e+00
13                                     6.0000000000000000e+00
14                                     1.0000000000000000e+00
15                                     6.0000000000000000e+00
16                                     1.0000000000000000e+00
17                                     6.0000000000000000e+00
18                                     1.0000000000000000e+00
19                                     8.0000000000000000e+00
20                                     1.0000000000000000e+00
21                                     6.0000000000000000e+00
22                                     8.0000000000000000e+00
23                                     8.0000000000000000e+00
   &QA [&Type "ArrayOfDoubles", &Dim (24,1)] "Mulliken gross atomic charge"
                                                         0

0                                      2.2379345960803221e-01
1                                     -5.4388213634575910e-02
2                                     -1.6468446352044808e-02
3                                     -4.8856038183441974e-02
4                                      6.0841301020809979e-02
5                                     -4.0694918396499524e-01
6                                     -3.9668699832222032e-01
7                                     -2.5278704395025997e-01
8                                     -7.1429567875414435e-02
9                                     -9.3772488576177482e-02
10                                     7.7822586939306326e-02
11                                    -5.5647095531995872e-02
12                                    -2.1744416428703417e-01
13                                     6.9586579209702570e-02
14                                    -3.7326163638316423e-02
15                                    -6.9857471673151927e-02
16                                    -8.4014469798245672e-02
17                                     3.2069918517329121e-01
18                                    -9.7530398311351796e-03
19                                    -3.5647672958112331e-01
20                                     1.3654654833865598e-01
21                                     1.0594965115499644e-01
22                                    -4.1712164149859809e-01
23                                    -4.0626055474614020e-01
   &VA [&Type "ArrayOfDoubles", &Dim (24,1)] "Mayer's total valence"
                                                         0

0                                      3.7452238211305700e+00
1                                      1.0197022070713722e+00
2                                      1.0548332571306103e+00
3                                      3.9569546193253675e+00
4                                      4.5121632561982832e+00
5                                      2.0763759815761724e+00
6                                      2.0897910924254770e+00
7                                      2.2011831431434290e+00
8                                      3.9024572733848331e+00
9                                      9.8146171113753722e-01
10                                     3.8855358058115259e+00
11                                     1.0355786036320112e+00
12                                     3.7228423331449938e+00
13                                     3.9370030257914275e+00
14                                     1.0405617262038538e+00
15                                     3.9330394328331799e+00
16                                     9.8238410247763708e-01
17                                     3.7954435823280672e+00
18                                     1.0016847017821020e+00
19                                     1.9954889739958808e+00
20                                     1.0253341479706852e+00
21                                     4.5416253413301062e+00
22                                     2.0756129388580806e+00
23                                     2.0853369894848885e+00
   &BVA [&Type "ArrayOfDoubles", &Dim (24,1)] "Mayer's bonded valence"
                                                         0

0                                      3.7452238211305655e+00
1                                      1.0197022070713815e+00
2                                      1.0548332571306096e+00
3                                      3.9569546193254177e+00
4                                      4.5121632561982885e+00
5                                      2.0763759815761595e+00
6                                      2.0897910924255214e+00
7                                      2.2011831431434477e+00
8                                      3.9024572733848109e+00
9                                      9.8146171113754210e-01
10                                     3.8855358058114886e+00
11                                     1.0355786036320085e+00
12                                     3.7228423331450093e+00
13                                     3.9370030257915261e+00
14                                     1.0405617262038822e+00
15                                     3.9330394328331906e+00
16                                     9.8238410247765973e-01
17                                     3.7954435823280597e+00
18                                     1.0016847017820891e+00
19                                     1.9954889739959203e+00
20                                     1.0253341479706870e+00
21                                     4.5416253413300849e+00
22                                     2.0756129388580309e+00
23                                     2.0853369894848441e+00
   &FA [&Type "ArrayOfDoubles", &Dim (24,1)] "Mayer's free valence"
                                                         0

0                                      0.0000000000000000e+00
1                                      0.0000000000000000e+00
2                                      0.0000000000000000e+00
3                                      0.0000000000000000e+00
4                                      0.0000000000000000e+00
5                                      0.0000000000000000e+00
6                                      0.0000000000000000e+00
7                                      0.0000000000000000e+00
8                                      0.0000000000000000e+00
9                                      0.0000000000000000e+00
10                                     0.0000000000000000e+00
11                                     0.0000000000000000e+00
12                                     0.0000000000000000e+00
13                                     0.0000000000000000e+00
14                                     0.0000000000000000e+00
15                                     0.0000000000000000e+00
16                                     0.0000000000000000e+00
17                                     0.0000000000000000e+00
18                                     0.0000000000000000e+00
19                                     0.0000000000000000e+00
20                                     0.0000000000000000e+00
21                                     0.0000000000000000e+00
22                                     0.0000000000000000e+00
23                                     0.0000000000000000e+00
$End
$VdW_Correction
   &GeometryIndex 1
   &ListStatus       OUT
   &VDW [&Type "Double"]      -5.4115070371282242e-02
$End
$Calculation_Info
   &GeometryIndex 1
   &ListStatus       OUT
   &MULT [&Type "Integer"] 1
   &CHARGE [&Type "Integer"] -2
   &NUMOFATOMS [&Type "Integer"] 24
   &NUMOFELECTRONS [&Type "Integer"] 118
   &NUMOFFCELECTRONS [&Type "Integer"] 1
   &NUMOFCORRELECTRONS [&Type "Integer"] 0
   &NUMOFBASISFUNCTS [&Type "Integer"] 264
   &NUMOFAUXCBASISFUNCTS [&Type "Integer"] 0
   &NUMOFAUXJBASISFUNCTS [&Type "Integer"] 872
   &NUMOFAUXJKBASISFUNCTS [&Type "Integer"] 0
   &NUMOFCABSBASISFUNCTS [&Type "Integer"] 0
   &TOTALENERGY [&Type "Double"]      -8.3617461917802530e+02  "Hartrees"
$End
$SCF_Dipole_Moment
   &GeometryIndex 1
   &ListStatus       OUT
   &METHOD [&Type "String"] "SCF"
   &LEVEL [&Type "String"] "Relaxed density"
   &MULT [&Type "Integer"] 1
   &STATE [&Type "Integer"] -1
   &IRREP [&Type "Integer"] 0
   &NATOMS [&Type "Integer"] 24
   &DODIPOLEATOM [&Type "Boolean"] false
   &DIPOLEELECCONTRIB [&Type "ArrayOfDoubles", &Dim (3,1)] "Electronic contribution"
                                                         0

0                                      1.3494704833644653e+00
1                                      1.2205759837855779e+00
2                                      3.1999115832275575e+00
   &DIPOLENUCCONTRIB [&Type "ArrayOfDoubles", &Dim (3,1)] "Nuclear contribution"
                                                         0

0                                     -2.5993855345301995e+00
1                                     -3.1003861515065836e+00
2                                     -4.8200629650726370e+00
   &DIPOLETOTAL [&Type "ArrayOfDoubles", &Dim (3,1)] "Total"
                                                         0

0                                     -1.2499150511657342e+00
1                                     -1.8798101677210057e+00
2                                     -1.6201513818450795e+00
   &DIPOLEMAGNITUDE [&Type "Double", &Units "a.u."]       2.7786443460602217e+00
$End
