*************************************************
******************* ORCA 6.0.1 ******************
*************************************************
$Calculation_Status
   &GeometryIndex 1
   &ListStatus       OUT
   &VERSION [&Type "String"] "6.0.1"
   &PROGNAME [&Type "String"] "LeanSCF"
   &STATUS [&Type "String"] "NORMAL TERMINATION"
$End
$Geometry
   &GeometryIndex 1
   &ListStatus       OUT
   &NATOMS [&Type "Integer"] 24
   &NCORELESSECP [&Type "Integer"] 0
   &NGHOSTATOMS [&Type "Integer"] 0
   &CartesianCoordinates [&Type "Coordinates", &Dim(24,4), &Units "Bohr"] 
              C     87.396054241590   50.347973386064  103.483292819662
              H     89.066572143976   49.259491132925  104.033203124633
              H     87.702189875285   52.354862540288  103.897142842990
              C     85.177515760366   49.372874700961  104.983735369995
              C     83.113934822124   51.256931656480  105.888914188143
              O     83.877384180229   53.373424926472  106.588112857694
              O     80.870829901160   50.478364489304  105.868127200670
              O     84.980984242439   47.112762244791  105.422151833065
              C     83.903840346104   46.385217683231   99.681163838212
              H     83.535343749989   44.368879898337   99.467624785079
              C     86.248990478300   47.231814991228  100.072337147934
              H     87.849588513731   45.929793684956  100.170602906898
              C     86.865041197958   49.964358980878  100.557996764352
              C     84.646502716735   51.653774144603   99.949504949229
              H     84.992322599242   53.683340012435   99.970291936702
              C     82.299462858404   50.793948753669   99.607464518989
              H     80.730990167250   52.118646773548   99.416602179463
              C     81.613492271791   48.046286954948   99.478963141883
              H     80.343596309796   47.628657479351  101.083340629582
              O     80.341706583662   47.507715006780   97.165938353963
              H     78.478436615616   47.299845132049   97.485302070596
              C     89.302787910717   50.731587791250   99.046215857215
              O     91.198183223040   49.280278120398   99.097238462830
              O     89.204522151753   52.774381742019   97.863247297380
$End
$SCF_Energy
   &GeometryIndex 1
   &ListStatus       OUT
   &SCF_ENERGY [&Type "Double"]      -8.3612128506363206e+02
$End
$DFT_Energy
   &GeometryIndex 1
   &ListStatus       OUT
   &NALPHAEL [&Type "Integer"] 59
   &NBETAEL [&Type "Integer"] 59
   &NTOTALEL [&Type "Integer"] 118
   &EEXCHANGE [&Type "Double"]      -8.3130428816516655e+01
   &ECORR [&Type "Double"]      -4.8445182524383821e+00
   &ECNL [&Type "Double"]       0.0000000000000000e+00
   &EXC [&Type "Double"]      -8.7974947068955032e+01
   &EEMBED [&Type "Double"]       0.0000000000000000e+00
   &FINALEN [&Type "Double"]      -8.3612128506363206e+02  "No Van der Waals correction"
$End
$Mulliken_Population_Analysis
   &GeometryIndex 1
   &ListStatus       OUT
   &NATOMS [&Type "Integer"] 24
   &ATNO [&Type "ArrayOfIntegers", &Dim (24,1)] 
                                                         0

0                                                        6
1                                                        1
2                                                        1
3                                                        6
4                                                        6
5                                                        8
6                                                        8
7                                                        8
8                                                        6
9                                                        1
10                                                       6
11                                                       1
12                                                       6
13                                                       6
14                                                       1
15                                                       6
16                                                       1
17                                                       6
18                                                       1
19                                                       8
20                                                       1
21                                                       6
22                                                       8
23                                                       8
   &ATOMICCHARGES [&Type "ArrayOfDoubles", &Dim (24,1)] 
                                                         0

0                                      2.1747567772356646e-01
1                                     -5.0868423544266683e-02
2                                     -2.5092710065248491e-02
3                                     -2.9744903658649235e-02
4                                      8.7457990094151228e-02
5                                     -4.0589443766118194e-01
6                                     -4.1470621680070785e-01
7                                     -2.7548143545883619e-01
8                                     -6.3764130500559624e-02
9                                     -9.5654922459418312e-02
10                                     7.2578560539186654e-02
11                                    -5.4893225354155861e-02
12                                    -2.0694541723454485e-01
13                                     7.3937086206163016e-02
14                                    -4.6590989161117369e-02
15                                    -5.7159268528463869e-02
16                                    -8.6447383380359177e-02
17                                     3.1508917697935157e-01
18                                    -1.6917731883739018e-02
19                                    -3.5498154619757472e-01
20                                     1.3537979343205364e-01
21                                     1.0269049663126051e-01
22                                    -4.2669821376446393e-01
23                                    -3.9276782595256243e-01
$End
$Loewdin_Population_Analysis
   &GeometryIndex 1
   &ListStatus       OUT
   &NATOMS [&Type "Integer"] 24
   &ATNO [&Type "ArrayOfIntegers", &Dim (24,1)] 
                                                         0

0                                                        6
1                                                        1
2                                                        1
3                                                        6
4                                                        6
5                                                        8
6                                                        8
7                                                        8
8                                                        6
9                                                        1
10                                                       6
11                                                       1
12                                                       6
13                                                       6
14                                                       1
15                                                       6
16                                                       1
17                                                       6
18                                                       1
19                                                       8
20                                                       1
21                                                       6
22                                                       8
23                                                       8
   &ATOMICCHARGES [&Type "ArrayOfDoubles", &Dim (24,1)] 
                                                         0

0                                     -3.0263759298525095e-02
1                                      7.5702634287151405e-03
2                                      1.6007335876096374e-02
3                                      4.1375798123080010e-02
4                                     -7.9057942005013260e-02
5                                     -3.6211526084476375e-01
6                                     -3.7149331427233889e-01
7                                     -2.0153960054119224e-01
8                                     -7.4344924699435211e-02
9                                     -9.1092304207986974e-03
10                                     1.1921803509324924e-02
11                                     9.4748747471057326e-03
12                                    -7.7477510915588965e-02
13                                     1.3184243874676760e-02
14                                     1.4694328232743303e-02
15                                    -7.0831879826268818e-02
16                                    -3.8509474492176565e-03
17                                     5.2634339592238177e-02
18                                     6.8940389032750016e-03
19                                    -1.8231542296798864e-01
20                                     6.9514372667105473e-02
21                                    -2.1634073462637460e-02
22                                    -3.9298362479019033e-01
23                                    -3.6625390746048403e-01
$End
$Mayer_Population_Analysis
   &GeometryIndex 1
   &ListStatus       OUT
   &NATOMS [&Type "Integer"] 24 "Total number of atoms"
   &BONDTHRESH [&Type "Double"]       1.0000000000000001e-01  "The threshold for printing"
   &NBONDORDERSPRINT [&Type "Integer"] 26 "The number of bond orders larger than threshold"
   &BONDORDERS [&Type "ArrayOfDoubles", &Dim (26,1)] "The bond orders"
                                                         0

0                                      8.8888536738115698e-01
1                                      9.1117359007528997e-01
2                                      9.7620986825024292e-01
3                                      1.0001305404125069e+00
4                                      8.1294717551909423e-01
5                                      2.0484825389038663e+00
6                                      1.8258406966622294e+00
7                                      1.8362850675097677e+00
8                                      1.2957785441899239e-01
9                                      9.5395541610768209e-01
10                                     1.8692825728540055e+00
11                                     9.7620119482123990e-01
12                                     9.5973244767298727e-01
13                                     9.8012643687287571e-01
14                                     9.6882828316867475e-01
15                                     7.6938823329245565e-01
16                                     9.5796455331339836e-01
17                                     1.8846319811342673e+00
18                                     9.4937177378200455e-01
19                                     9.8004090647919417e-01
20                                     8.6486904341281934e-01
21                                     9.7638239567083751e-01
22                                     9.7632210887352433e-01
23                                     1.8421649792173818e+00
24                                     1.9072783699853546e+00
25                                     1.1413446594551534e-01
   &COMPONENTS [&Type "ArrayOfIntegers", &Dim (26,4)] "The indices and atomic numbers of the bonding atoms"
                                                         0                           1                           2                           3

0                                                        0                           6                           1                           1
1                                                        0                           6                           2                           1
2                                                        0                           6                           3                           6
3                                                        0                           6                          12                           6
4                                                        3                           6                           4                           6
5                                                        3                           6                           7                           8
6                                                        4                           6                           5                           8
7                                                        4                           6                           6                           8
8                                                        5                           8                           6                           8
9                                                        8                           6                           9                           1
10                                                       8                           6                          10                           6
11                                                       8                           6                          17                           6
12                                                      10                           6                          11                           1
13                                                      10                           6                          12                           6
14                                                      12                           6                          13                           6
15                                                      12                           6                          21                           6
16                                                      13                           6                          14                           1
17                                                      13                           6                          15                           6
18                                                      15                           6                          16                           1
19                                                      15                           6                          17                           6
20                                                      17                           6                          18                           1
21                                                      17                           6                          19                           8
22                                                      19                           8                          20                           1
23                                                      21                           6                          22                           8
24                                                      21                           6                          23                           8
25                                                      22                           8                          23                           8
   &ATNO [&Type "ArrayOfIntegers", &Dim (24,1)] "Atomic number of the elements"
                                                         0

0                                                        6
1                                                        1
2                                                        1
3                                                        6
4                                                        6
5                                                        8
6                                                        8
7                                                        8
8                                                        6
9                                                        1
10                                                       6
11                                                       1
12                                                       6
13                                                       6
14                                                       1
15                                                       6
16                                                       1
17                                                       6
18                                                       1
19                                                       8
20                                                       1
21                                                       6
22                                                       8
23                                                       8
   &NA [&Type "ArrayOfDoubles", &Dim (24,1)] "Mulliken gross atomic population"
                                                         0

0                                      5.7825243222764353e+00
1                                      1.0508684235442665e+00
2                                      1.0250927100652480e+00
3                                      6.0297449036586457e+00
4                                      5.9125420099058479e+00
5                                      8.4058944376611873e+00
6                                      8.4147062168007078e+00
7                                      8.2754814354588362e+00
8                                      6.0637641305005587e+00
9                                      1.0956549224594183e+00
10                                     5.9274214394608133e+00
11                                     1.0548932253541563e+00
12                                     6.2069454172345440e+00
13                                     5.9260629137938361e+00
14                                     1.0465909891611174e+00
15                                     6.0571592685284656e+00
16                                     1.0864473833803594e+00
17                                     5.6849108230206475e+00
18                                     1.0169177318837392e+00
19                                     8.3549815461975694e+00
20                                     8.6462020656794625e-01
21                                     5.8973095033687422e+00
22                                     8.4266982137644693e+00
23                                     8.3927678259525642e+00
   &ZA [&Type "ArrayOfDoubles", &Dim (24,1)] "Total nuclear charge"
                                                         0

0                                      6.0000000000000000e+00
1                                      1.0000000000000000e+00
2                                      1.0000000000000000e+00
3                                      6.0000000000000000e+00
4                                      6.0000000000000000e+00
5                                      8.0000000000000000e+00
6                                      8.0000000000000000e+00
7                                      8.0000000000000000e+00
8                                      6.0000000000000000e+00
9                                      1.0000000000000000e+00
10                                     6.0000000000000000e+00
11                                     1.0000000000000000e+00
12                                     6.0000000000000000e+00
13                                     6.0000000000000000e+00
14                                     1.0000000000000000e+00
15                                     6.0000000000000000e+00
16                                     1.0000000000000000e+00
17                                     6.0000000000000000e+00
18                                     1.0000000000000000e+00
19                                     8.0000000000000000e+00
20                                     1.0000000000000000e+00
21                                     6.0000000000000000e+00
22                                     8.0000000000000000e+00
23                                     8.0000000000000000e+00
   &QA [&Type "ArrayOfDoubles", &Dim (24,1)] "Mulliken gross atomic charge"
                                                         0

0                                      2.1747567772356469e-01
1                                     -5.0868423544266461e-02
2                                     -2.5092710065248047e-02
3                                     -2.9744903658645683e-02
4                                      8.7457990094152116e-02
5                                     -4.0589443766118727e-01
6                                     -4.1470621680070785e-01
7                                     -2.7548143545883619e-01
8                                     -6.3764130500558736e-02
9                                     -9.5654922459418312e-02
10                                     7.2578560539186654e-02
11                                    -5.4893225354156305e-02
12                                    -2.0694541723454396e-01
13                                     7.3937086206163904e-02
14                                    -4.6590989161117369e-02
15                                    -5.7159268528465645e-02
16                                    -8.6447383380359399e-02
17                                     3.1508917697935246e-01
18                                    -1.6917731883739240e-02
19                                    -3.5498154619756939e-01
20                                     1.3537979343205375e-01
21                                     1.0269049663125784e-01
22                                    -4.2669821376446926e-01
23                                    -3.9276782595256421e-01
   &VA [&Type "ArrayOfDoubles", &Dim (24,1)] "Mayer's total valence"
                                                         0

0                                      3.7812231455550647e+00
1                                      1.0271470581358195e+00
2                                      1.0354109012610768e+00
3                                      3.9675037299412379e+00
4                                      4.4891451907709605e+00
5                                      2.0731263439967909e+00
6                                      2.0693928158907520e+00
7                                      2.1839385697864548e+00
8                                      3.9224860018276466e+00
9                                      9.7939636392830065e-01
10                                     3.9145143737607886e+00
11                                     1.0298915520451417e+00
12                                     3.6890433130100266e+00
13                                     3.9369503906166603e+00
14                                     1.0227036153907403e+00
15                                     3.9593986443499185e+00
16                                     9.8246150318440828e-01
17                                     3.8059641854413560e+00
18                                     1.0153907274482585e+00
19                                     1.9923388804014577e+00
20                                     1.0263678496294175e+00
21                                     4.5429112834179595e+00
22                                     2.0555604105712382e+00
23                                     2.1038306540418832e+00
   &BVA [&Type "ArrayOfDoubles", &Dim (24,1)] "Mayer's bonded valence"
                                                         0

0                                      3.7812231455550425e+00
1                                      1.0271470581358042e+00
2                                      1.0354109012610675e+00
3                                      3.9675037299412361e+00
4                                      4.4891451907709543e+00
5                                      2.0731263439968028e+00
6                                      2.0693928158907440e+00
7                                      2.1839385697864433e+00
8                                      3.9224860018277470e+00
9                                      9.7939636392833251e-01
10                                     3.9145143737608032e+00
11                                     1.0298915520451282e+00
12                                     3.6890433130101119e+00
13                                     3.9369503906167411e+00
14                                     1.0227036153907558e+00
15                                     3.9593986443499567e+00
16                                     9.8246150318441194e-01
17                                     3.8059641854413737e+00
18                                     1.0153907274482670e+00
19                                     1.9923388804014017e+00
20                                     1.0263678496294144e+00
21                                     4.5429112834179399e+00
22                                     2.0555604105712408e+00
23                                     2.1038306540418681e+00
   &FA [&Type "ArrayOfDoubles", &Dim (24,1)] "Mayer's free valence"
                                                         0

0                                      0.0000000000000000e+00
1                                      0.0000000000000000e+00
2                                      0.0000000000000000e+00
3                                      0.0000000000000000e+00
4                                      0.0000000000000000e+00
5                                      0.0000000000000000e+00
6                                      0.0000000000000000e+00
7                                      0.0000000000000000e+00
8                                      0.0000000000000000e+00
9                                      0.0000000000000000e+00
10                                     0.0000000000000000e+00
11                                     0.0000000000000000e+00
12                                     0.0000000000000000e+00
13                                     0.0000000000000000e+00
14                                     0.0000000000000000e+00
15                                     0.0000000000000000e+00
16                                     0.0000000000000000e+00
17                                     0.0000000000000000e+00
18                                     0.0000000000000000e+00
19                                     0.0000000000000000e+00
20                                     0.0000000000000000e+00
21                                     0.0000000000000000e+00
22                                     0.0000000000000000e+00
23                                     0.0000000000000000e+00
$End
$VdW_Correction
   &GeometryIndex 1
   &ListStatus       OUT
   &VDW [&Type "Double"]      -5.3959241443005235e-02
$End
$Calculation_Info
   &GeometryIndex 1
   &ListStatus       OUT
   &MULT [&Type "Integer"] 1
   &CHARGE [&Type "Integer"] -2
   &NUMOFATOMS [&Type "Integer"] 24
   &NUMOFELECTRONS [&Type "Integer"] 118
   &NUMOFFCELECTRONS [&Type "Integer"] 1
   &NUMOFCORRELECTRONS [&Type "Integer"] 0
   &NUMOFBASISFUNCTS [&Type "Integer"] 264
   &NUMOFAUXCBASISFUNCTS [&Type "Integer"] 0
   &NUMOFAUXJBASISFUNCTS [&Type "Integer"] 872
   &NUMOFAUXJKBASISFUNCTS [&Type "Integer"] 0
   &NUMOFCABSBASISFUNCTS [&Type "Integer"] 0
   &TOTALENERGY [&Type "Double"]      -8.3617524430507501e+02  "Hartrees"
$End
$SCF_Dipole_Moment
   &GeometryIndex 1
   &ListStatus       OUT
   &METHOD [&Type "String"] "SCF"
   &LEVEL [&Type "String"] "Relaxed density"
   &MULT [&Type "Integer"] 1
   &STATE [&Type "Integer"] -1
   &IRREP [&Type "Integer"] 0
   &NATOMS [&Type "Integer"] 24
   &DODIPOLEATOM [&Type "Boolean"] false
   &DIPOLEELECCONTRIB [&Type "ArrayOfDoubles", &Dim (3,1)] "Electronic contribution"
                                                         0

0                                      1.9190584606685004e+00
1                                      1.1706022832704208e+00
2                                      2.6090117672810136e+00
   &DIPOLENUCCONTRIB [&Type "ArrayOfDoubles", &Dim (3,1)] "Nuclear contribution"
                                                         0

0                                     -3.7470671460768870e+00
1                                     -2.7586564156844062e+00
2                                     -3.4517537199054971e+00
   &DIPOLETOTAL [&Type "ArrayOfDoubles", &Dim (3,1)] "Total"
                                                         0

0                                     -1.8280086854083866e+00
1                                     -1.5880541324139854e+00
2                                     -8.4274195262448348e-01
   &DIPOLEMAGNITUDE [&Type "Double", &Units "a.u."]       2.5639316839804760e+00
$End
