*************************************************
******************* ORCA 6.0.1 ******************
*************************************************
$Calculation_Status
   &GeometryIndex 1
   &ListStatus       OUT
   &VERSION [&Type "String"] "6.0.1"
   &PROGNAME [&Type "String"] "LeanSCF"
   &STATUS [&Type "String"] "NORMAL TERMINATION"
$End
$Geometry
   &GeometryIndex 1
   &ListStatus       OUT
   &NATOMS [&Type "Integer"] 24
   &NCORELESSECP [&Type "Integer"] 0
   &NGHOSTATOMS [&Type "Integer"] 0
   &CartesianCoordinates [&Type "Coordinates", &Dim(24,4), &Units "Bohr"] 
              C     87.271922060387   50.279061239800  104.362788978411
              H     88.839958195569   49.003196949653  104.034997722203
              H     87.664774179350   52.271488855510  104.689661959431
              C     84.878526352246   49.330315866010  104.871823249304
              C     82.775042177924   51.151295162287  105.735903068069
              O     83.395519715103   53.391046097290  106.229727509121
              O     80.574364349152   50.283828151272  105.931690367168
              O     84.314073619878   47.006920728875  104.432865575362
              C     83.844746736699   46.489341601872  100.488633631781
              H     83.442678918218   44.476653336735  100.671624864311
              C     86.269831290325   47.289558214445   99.899723007830
              H     87.868317847198   45.988602783135   99.922555338479
              C     86.780189693789   49.863827205955   99.731203766278
              C     84.673629203241   51.662210417026   99.581208557858
              H     85.132944138537   53.656098321965   99.369022310006
              C     82.267673851372   50.882609693234   99.738473375732
              H     80.711191177589   52.233805968380   99.702305754165
              C     81.575680239850   48.139577504688   99.940587395698
              H     80.211674167075   47.936220309687  101.490792063923
              O     80.518916384302   47.280398111259   97.610632896342
              H     78.626745913482   47.146150001559   97.773917255510
              C     89.380257595849   50.723137246462   98.817814705427
              O     91.266989076281   49.273760123210   99.020206770752
              O     89.402578316331   52.852375015700   97.785224472950
$End
$SCF_Energy
   &GeometryIndex 1
   &ListStatus       OUT
   &SCF_ENERGY [&Type "Double"]      -8.3605775153311731e+02
$End
$DFT_Energy
   &GeometryIndex 1
   &ListStatus       OUT
   &NALPHAEL [&Type "Integer"] 59
   &NBETAEL [&Type "Integer"] 59
   &NTOTALEL [&Type "Integer"] 117
   &EEXCHANGE [&Type "Double"]      -8.3084160892541931e+01
   &ECORR [&Type "Double"]      -4.8424117373621964e+00
   &ECNL [&Type "Double"]       0.0000000000000000e+00
   &EXC [&Type "Double"]      -8.7926572629904129e+01
   &EEMBED [&Type "Double"]       0.0000000000000000e+00
   &FINALEN [&Type "Double"]      -8.3605775153311731e+02  "No Van der Waals correction"
$End
$Mulliken_Population_Analysis
   &GeometryIndex 1
   &ListStatus       OUT
   &NATOMS [&Type "Integer"] 24
   &ATNO [&Type "ArrayOfIntegers", &Dim (24,1)] 
                                                         0

0                                                        6
1                                                        1
2                                                        1
3                                                        6
4                                                        6
5                                                        8
6                                                        8
7                                                        8
8                                                        6
9                                                        1
10                                                       6
11                                                       1
12                                                       6
13                                                       6
14                                                       1
15                                                       6
16                                                       1
17                                                       6
18                                                       1
19                                                       8
20                                                       1
21                                                       6
22                                                       8
23                                                       8
   &ATOMICCHARGES [&Type "ArrayOfDoubles", &Dim (24,1)] 
                                                         0

0                                      8.1520537938167159e-02
1                                     -3.2944229440281747e-02
2                                     -1.6763711870137588e-02
3                                     -4.1062207818355567e-02
4                                      7.1974117306163876e-02
5                                     -4.1059776454247299e-01
6                                     -4.1805595246098726e-01
7                                     -3.2939639721902125e-01
8                                      8.1312189142611402e-02
9                                     -7.1135380226759359e-02
10                                     1.7127310329816403e-02
11                                    -6.2103311363069347e-02
12                                    -1.1779820675183306e-01
13                                     7.2768889161256567e-02
14                                    -4.9361979201807404e-02
15                                    -2.9221415010861840e-02
16                                    -7.2315457812763828e-02
17                                     2.7627660296970546e-01
18                                    -1.5178048736504302e-02
19                                    -3.4702526665260081e-01
20                                     1.3440696950627529e-01
21                                     9.4834992759442294e-02
22                                    -4.2159154976624791e-01
23                                    -3.9567073023976640e-01
$End
$Loewdin_Population_Analysis
   &GeometryIndex 1
   &ListStatus       OUT
   &NATOMS [&Type "Integer"] 24
   &ATNO [&Type "ArrayOfIntegers", &Dim (24,1)] 
                                                         0

0                                                        6
1                                                        1
2                                                        1
3                                                        6
4                                                        6
5                                                        8
6                                                        8
7                                                        8
8                                                        6
9                                                        1
10                                                       6
11                                                       1
12                                                       6
13                                                       6
14                                                       1
15                                                       6
16                                                       1
17                                                       6
18                                                       1
19                                                       8
20                                                       1
21                                                       6
22                                                       8
23                                                       8
   &ATOMICCHARGES [&Type "ArrayOfDoubles", &Dim (24,1)] 
                                                         0

0                                     -5.4358055229774216e-02
1                                      3.1427580193558180e-03
2                                      1.0255928944144621e-02
3                                     -3.2086775411921842e-02
4                                     -6.8805135137685269e-02
5                                     -3.8053796119604044e-01
6                                     -3.8333431931925865e-01
7                                     -2.1010781349648511e-01
8                                      5.2263453753333522e-02
9                                     -8.2956120331023619e-04
10                                    -5.6602068527165095e-02
11                                     6.8371730693008725e-03
12                                    -6.4218178394499503e-03
13                                    -1.6161443888726978e-03
14                                     1.6268433173540098e-02
15                                    -5.5326404890668535e-02
16                                     3.3771313867081432e-04
17                                     4.9750816806207965e-02
18                                     1.0725038645078788e-02
19                                    -1.7865833870191672e-01
20                                     6.9217022311430010e-02
21                                    -3.8503613776096124e-02
22                                    -3.9040432932786651e-01
23                                    -3.6120599941457066e-01
$End
$Mayer_Population_Analysis
   &GeometryIndex 1
   &ListStatus       OUT
   &NATOMS [&Type "Integer"] 24 "Total number of atoms"
   &BONDTHRESH [&Type "Double"]       1.0000000000000001e-01  "The threshold for printing"
   &NBONDORDERSPRINT [&Type "Integer"] 28 "The number of bond orders larger than threshold"
   &BONDORDERS [&Type "ArrayOfDoubles", &Dim (28,1)] "The bond orders"
                                                         0

0                                      9.0410358677780578e-01
1                                      9.1898265647325705e-01
2                                      1.4794730917915571e+00
3                                      1.1696021509305617e-01
4                                      3.1363839340518351e-01
5                                      8.1384730076085876e-01
6                                      1.5806864166163244e+00
7                                      1.8613716352873981e+00
8                                      1.8282054732603632e+00
9                                      1.2457421277385335e-01
10                                     3.3545183637878456e-01
11                                     9.3927794452271751e-01
12                                     1.4287253734256209e+00
13                                     1.0008494053750276e+00
14                                     9.5206672020634997e-01
15                                     1.3873964429623886e+00
16                                     1.0697623268680931e+00
17                                     8.3374624112501128e-01
18                                     9.7003854594110928e-01
19                                     1.7717295631870131e+00
20                                     9.5174229762737306e-01
21                                     9.7413382560646167e-01
22                                     8.7746391719710726e-01
23                                     9.8683585949568120e-01
24                                     9.7362792941425114e-01
25                                     1.8444613467968134e+00
26                                     1.8710526066665645e+00
27                                     1.2243089884649221e-01
   &COMPONENTS [&Type "ArrayOfIntegers", &Dim (28,4)] "The indices and atomic numbers of the bonding atoms"
                                                         0                           1                           2                           3

0                                                        0                           6                           1                           1
1                                                        0                           6                           2                           1
2                                                        0                           6                           3                           6
3                                                        0                           6                           8                           6
4                                                        0                           6                          12                           6
5                                                        3                           6                           4                           6
6                                                        3                           6                           7                           8
7                                                        4                           6                           5                           8
8                                                        4                           6                           6                           8
9                                                        5                           8                           6                           8
10                                                       7                           8                           8                           6
11                                                       8                           6                           9                           1
12                                                       8                           6                          10                           6
13                                                       8                           6                          17                           6
14                                                      10                           6                          11                           1
15                                                      10                           6                          12                           6
16                                                      12                           6                          13                           6
17                                                      12                           6                          21                           6
18                                                      13                           6                          14                           1
19                                                      13                           6                          15                           6
20                                                      15                           6                          16                           1
21                                                      15                           6                          17                           6
22                                                      17                           6                          18                           1
23                                                      17                           6                          19                           8
24                                                      19                           8                          20                           1
25                                                      21                           6                          22                           8
26                                                      21                           6                          23                           8
27                                                      22                           8                          23                           8
   &ATNO [&Type "ArrayOfIntegers", &Dim (24,1)] "Atomic number of the elements"
                                                         0

0                                                        6
1                                                        1
2                                                        1
3                                                        6
4                                                        6
5                                                        8
6                                                        8
7                                                        8
8                                                        6
9                                                        1
10                                                       6
11                                                       1
12                                                       6
13                                                       6
14                                                       1
15                                                       6
16                                                       1
17                                                       6
18                                                       1
19                                                       8
20                                                       1
21                                                       6
22                                                       8
23                                                       8
   &NA [&Type "ArrayOfDoubles", &Dim (24,1)] "Mulliken gross atomic population"
                                                         0

0                                      5.9184794620618533e+00
1                                      1.0329442294402853e+00
2                                      1.0167637118701351e+00
3                                      6.0410622078183467e+00
4                                      5.9280258826938477e+00
5                                      8.4105977645424925e+00
6                                      8.4180559524609553e+00
7                                      8.3293963972190248e+00
8                                      5.9186878108574090e+00
9                                      1.0711353802267598e+00
10                                     5.9828726896701871e+00
11                                     1.0621033113630662e+00
12                                     6.1177982067518455e+00
13                                     5.9272311108387425e+00
14                                     1.0493619792018052e+00
15                                     6.0292214150108689e+00
16                                     1.0723154578127643e+00
17                                     5.7237233970302777e+00
18                                     1.0151780487365034e+00
19                                     8.3470252666525937e+00
20                                     8.6559303049372427e-01
21                                     5.9051650072405648e+00
22                                     8.4215915497662586e+00
23                                     8.3956707302397504e+00
   &ZA [&Type "ArrayOfDoubles", &Dim (24,1)] "Total nuclear charge"
                                                         0

0                                      6.0000000000000000e+00
1                                      1.0000000000000000e+00
2                                      1.0000000000000000e+00
3                                      6.0000000000000000e+00
4                                      6.0000000000000000e+00
5                                      8.0000000000000000e+00
6                                      8.0000000000000000e+00
7                                      8.0000000000000000e+00
8                                      6.0000000000000000e+00
9                                      1.0000000000000000e+00
10                                     6.0000000000000000e+00
11                                     1.0000000000000000e+00
12                                     6.0000000000000000e+00
13                                     6.0000000000000000e+00
14                                     1.0000000000000000e+00
15                                     6.0000000000000000e+00
16                                     1.0000000000000000e+00
17                                     6.0000000000000000e+00
18                                     1.0000000000000000e+00
19                                     8.0000000000000000e+00
20                                     1.0000000000000000e+00
21                                     6.0000000000000000e+00
22                                     8.0000000000000000e+00
23                                     8.0000000000000000e+00
   &QA [&Type "ArrayOfDoubles", &Dim (24,1)] "Mulliken gross atomic charge"
                                                         0

0                                      8.1520537938146731e-02
1                                     -3.2944229440285300e-02
2                                     -1.6763711870135145e-02
3                                     -4.1062207818346685e-02
4                                      7.1974117306152330e-02
5                                     -4.1059776454249253e-01
6                                     -4.1805595246095528e-01
7                                     -3.2939639721902481e-01
8                                      8.1312189142590974e-02
9                                     -7.1135380226759803e-02
10                                     1.7127310329812850e-02
11                                    -6.2103311363066238e-02
12                                    -1.1779820675184549e-01
13                                     7.2768889161257455e-02
14                                    -4.9361979201805184e-02
15                                    -2.9221415010868945e-02
16                                    -7.2315457812764272e-02
17                                     2.7627660296972234e-01
18                                    -1.5178048736503413e-02
19                                    -3.4702526665259370e-01
20                                     1.3440696950627573e-01
21                                     9.4834992759435188e-02
22                                    -4.2159154976625857e-01
23                                    -3.9567073023975041e-01
   &VA [&Type "ArrayOfDoubles", &Dim (24,1)] "Mayer's total valence"
                                                         0

0                                      3.8247083685152488e+00
1                                      1.0144541078655187e+00
2                                      1.0286843926238978e+00
3                                      4.0171949799680808e+00
4                                      4.4993340345163739e+00
5                                      2.0896780007563009e+00
6                                      2.0668913852998352e+00
7                                      2.1219434251139488e+00
8                                      3.9239261042438884e+00
9                                      9.8881832549480098e-01
10                                     3.9078245114902317e+00
11                                     1.0304203274185595e+00
12                                     3.7095456270022762e+00
13                                     3.9304877704873955e+00
14                                     1.0299474683546388e+00
15                                     3.8644267757938557e+00
16                                     9.8360560622377913e-01
17                                     3.8676878127818468e+00
18                                     1.0513091818806952e+00
19                                     1.9968440404581891e+00
20                                     1.0299184337397733e+00
21                                     4.5439826223127895e+00
22                                     2.0673311034869859e+00
23                                     2.1049897153565564e+00
   &BVA [&Type "ArrayOfDoubles", &Dim (24,1)] "Mayer's bonded valence"
                                                         0

0                                      3.8247083685151786e+00
1                                      1.0144541078655094e+00
2                                      1.0286843926238980e+00
3                                      4.0171949799680675e+00
4                                      4.4993340345163242e+00
5                                      2.0896780007562352e+00
6                                      2.0668913852999187e+00
7                                      2.1219434251139413e+00
8                                      3.9239261042439106e+00
9                                      9.8881832549481341e-01
10                                     3.9078245114902650e+00
11                                     1.0304203274185715e+00
12                                     3.7095456270022686e+00
13                                     3.9304877704873862e+00
14                                     1.0299474683546326e+00
15                                     3.8644267757938850e+00
16                                     9.8360560622378967e-01
17                                     3.8676878127818566e+00
18                                     1.0513091818806941e+00
19                                     1.9968440404582575e+00
20                                     1.0299184337397802e+00
21                                     4.5439826223127628e+00
22                                     2.0673311034869268e+00
23                                     2.1049897153565795e+00
   &FA [&Type "ArrayOfDoubles", &Dim (24,1)] "Mayer's free valence"
                                                         0

0                                      0.0000000000000000e+00
1                                      0.0000000000000000e+00
2                                      0.0000000000000000e+00
3                                      0.0000000000000000e+00
4                                      0.0000000000000000e+00
5                                      0.0000000000000000e+00
6                                      0.0000000000000000e+00
7                                      0.0000000000000000e+00
8                                      0.0000000000000000e+00
9                                      0.0000000000000000e+00
10                                     0.0000000000000000e+00
11                                     0.0000000000000000e+00
12                                     0.0000000000000000e+00
13                                     0.0000000000000000e+00
14                                     0.0000000000000000e+00
15                                     0.0000000000000000e+00
16                                     0.0000000000000000e+00
17                                     0.0000000000000000e+00
18                                     0.0000000000000000e+00
19                                     0.0000000000000000e+00
20                                     0.0000000000000000e+00
21                                     0.0000000000000000e+00
22                                     0.0000000000000000e+00
23                                     0.0000000000000000e+00
$End
$VdW_Correction
   &GeometryIndex 1
   &ListStatus       OUT
   &VDW [&Type "Double"]      -5.6493903103105939e-02
$End
$Calculation_Info
   &GeometryIndex 1
   &ListStatus       OUT
   &MULT [&Type "Integer"] 1
   &CHARGE [&Type "Integer"] -2
   &NUMOFATOMS [&Type "Integer"] 24
   &NUMOFELECTRONS [&Type "Integer"] 118
   &NUMOFFCELECTRONS [&Type "Integer"] 1
   &NUMOFCORRELECTRONS [&Type "Integer"] 0
   &NUMOFBASISFUNCTS [&Type "Integer"] 264
   &NUMOFAUXCBASISFUNCTS [&Type "Integer"] 0
   &NUMOFAUXJBASISFUNCTS [&Type "Integer"] 872
   &NUMOFAUXJKBASISFUNCTS [&Type "Integer"] 0
   &NUMOFCABSBASISFUNCTS [&Type "Integer"] 0
   &TOTALENERGY [&Type "Double"]      -8.3611424543622047e+02  "Hartrees"
$End
$SCF_Dipole_Moment
   &GeometryIndex 1
   &ListStatus       OUT
   &METHOD [&Type "String"] "SCF"
   &LEVEL [&Type "String"] "Relaxed density"
   &MULT [&Type "Integer"] 1
   &STATE [&Type "Integer"] -1
   &IRREP [&Type "Integer"] 0
   &NATOMS [&Type "Integer"] 24
   &DODIPOLEATOM [&Type "Boolean"] false
   &DIPOLEELECCONTRIB [&Type "ArrayOfDoubles", &Dim (3,1)] "Electronic contribution"
                                                         0

0                                      1.4211086401475359e+00
1                                      6.7133974639079141e-01
2                                      1.0273031725270578e+00
   &DIPOLENUCCONTRIB [&Type "ArrayOfDoubles", &Dim (3,1)] "Nuclear contribution"
                                                         0

0                                     -3.3807443822997527e+00
1                                     -2.6090615818387377e+00
2                                     -2.2450966878317047e+00
   &DIPOLETOTAL [&Type "ArrayOfDoubles", &Dim (3,1)] "Total"
                                                         0

0                                     -1.9596357421522168e+00
1                                     -1.9377218354479462e+00
2                                     -1.2177935153046469e+00
   &DIPOLEMAGNITUDE [&Type "Double", &Units "a.u."]       3.0129651839027738e+00
$End
