*************************************************
******************* ORCA 6.0.1 ******************
*************************************************
$Calculation_Status
   &GeometryIndex 1
   &ListStatus       OUT
   &VERSION [&Type "String"] "6.0.1"
   &PROGNAME [&Type "String"] "LeanSCF"
   &STATUS [&Type "String"] "NORMAL TERMINATION"
$End
$Geometry
   &GeometryIndex 1
   &ListStatus       OUT
   &NATOMS [&Type "Integer"] 24
   &NCORELESSECP [&Type "Integer"] 0
   &NGHOSTATOMS [&Type "Integer"] 0
   &CartesianCoordinates [&Type "Coordinates", &Dim(24,4), &Units "Bohr"] 
              C     91.130153082218   53.407439996882  105.813325142787
              H     92.740199748319   52.126205678084  106.091114884473
              H     91.390935288700   55.111972969679  106.956609453809
              C     88.764215962549   52.043057728191  106.629686832641
              C     86.674178858432   53.469800959302  108.107452669367
              O     87.388495337054   55.130870231019  109.619233576504
              O     84.438632842003   52.770602289751  107.695492372172
              O     88.473198137925   49.820739794700  106.115681324214
              C     88.244541275721   51.134099457775  100.601460465432
              H     87.951633724963   49.376654153228   99.565890544043
              C     90.553786611372   51.869202923871  101.323335848590
              H     92.245091501232   50.782610396866  100.837676232172
              C     90.980864717639   54.182227711790  102.927713336289
              C     88.788782402290   56.000144252622  102.661261951406
              H     89.185624890413   57.957900527365  103.167708555297
              C     86.488985697308   55.266930512661  101.920489306909
              H     84.943189719760   56.633202507486  101.801436560472
              C     85.859706894712   52.592968033162  101.170268031742
              H     84.892167114144   51.684009762746  102.789763328513
              O     84.240211597942   52.617534472903   99.040546678813
              H     82.773784118019   51.419448103997   99.257865184214
              C     93.571679247245   55.499366827133  102.334339330238
              O     95.472743737969   54.117977023237  101.918599580775
              O     93.600025139254   57.848296411597  102.408038649460
$End
$SCF_Energy
   &GeometryIndex 1
   &ListStatus       OUT
   &SCF_ENERGY [&Type "Double"]      -8.3612282264650321e+02
$End
$DFT_Energy
   &GeometryIndex 1
   &ListStatus       OUT
   &NALPHAEL [&Type "Integer"] 59
   &NBETAEL [&Type "Integer"] 59
   &NTOTALEL [&Type "Integer"] 118
   &EEXCHANGE [&Type "Double"]      -8.3132755587805306e+01
   &ECORR [&Type "Double"]      -4.8459717552108081e+00
   &ECNL [&Type "Double"]       0.0000000000000000e+00
   &EXC [&Type "Double"]      -8.7978727343016118e+01
   &EEMBED [&Type "Double"]       0.0000000000000000e+00
   &FINALEN [&Type "Double"]      -8.3612282264650321e+02  "No Van der Waals correction"
$End
$Mulliken_Population_Analysis
   &GeometryIndex 1
   &ListStatus       OUT
   &NATOMS [&Type "Integer"] 24
   &ATNO [&Type "ArrayOfIntegers", &Dim (24,1)] 
                                                         0

0                                                        6
1                                                        1
2                                                        1
3                                                        6
4                                                        6
5                                                        8
6                                                        8
7                                                        8
8                                                        6
9                                                        1
10                                                       6
11                                                       1
12                                                       6
13                                                       6
14                                                       1
15                                                       6
16                                                       1
17                                                       6
18                                                       1
19                                                       8
20                                                       1
21                                                       6
22                                                       8
23                                                       8
   &ATOMICCHARGES [&Type "ArrayOfDoubles", &Dim (24,1)] 
                                                         0

0                                      2.2888158450184548e-01
1                                     -4.9225217958872136e-02
2                                     -2.3241233485179924e-02
3                                     -3.7137896046827379e-02
4                                      8.5368569909895164e-02
5                                     -4.0087536695645909e-01
6                                     -4.1352344552067244e-01
7                                     -2.6641879110918509e-01
8                                     -7.0225658149004389e-02
9                                     -1.0010712245284425e-01
10                                     6.3545112963907968e-02
11                                    -5.6966582527468779e-02
12                                    -2.1226067746831401e-01
13                                     5.1033261148326403e-02
14                                    -3.9048511094516680e-02
15                                    -6.5225093760520991e-02
16                                    -7.8948986653334163e-02
17                                     3.0744985713588591e-01
18                                     1.2405723855054118e-02
19                                    -3.6037685054221491e-01
20                                     1.4578111314037223e-01
21                                     9.6151183526499651e-02
22                                    -4.2820037848947834e-01
23                                    -3.8883459396693532e-01
$End
$Loewdin_Population_Analysis
   &GeometryIndex 1
   &ListStatus       OUT
   &NATOMS [&Type "Integer"] 24
   &ATNO [&Type "ArrayOfIntegers", &Dim (24,1)] 
                                                         0

0                                                        6
1                                                        1
2                                                        1
3                                                        6
4                                                        6
5                                                        8
6                                                        8
7                                                        8
8                                                        6
9                                                        1
10                                                       6
11                                                       1
12                                                       6
13                                                       6
14                                                       1
15                                                       6
16                                                       1
17                                                       6
18                                                       1
19                                                       8
20                                                       1
21                                                       6
22                                                       8
23                                                       8
   &ATOMICCHARGES [&Type "ArrayOfDoubles", &Dim (24,1)] 
                                                         0

0                                     -2.8400059184211734e-02
1                                      9.7591197258848350e-03
2                                      1.7955282087506630e-02
3                                      3.7798712487743913e-02
4                                     -7.8338577264125853e-02
5                                     -3.5965381987876555e-01
6                                     -3.7359533195534134e-01
7                                     -1.9383303496692506e-01
8                                     -7.4124526902298982e-02
9                                     -1.2294721009538101e-02
10                                    -1.3210106177359293e-03
11                                     6.9311385230984568e-03
12                                    -7.8767539896729133e-02
13                                     4.4019790088851707e-03
14                                     1.3892221557630924e-02
15                                    -6.7652676545841395e-02
16                                    -1.9283723876362124e-03
17                                     4.8096816839125367e-02
18                                     1.5856368982421709e-02
19                                    -1.8090795587272979e-01
20                                     7.6953793140563165e-02
21                                    -2.5590651147089361e-02
22                                    -3.9444301634891232e-01
23                                    -3.6079413837501484e-01
$End
$Mayer_Population_Analysis
   &GeometryIndex 1
   &ListStatus       OUT
   &NATOMS [&Type "Integer"] 24 "Total number of atoms"
   &BONDTHRESH [&Type "Double"]       1.0000000000000001e-01  "The threshold for printing"
   &NBONDORDERSPRINT [&Type "Integer"] 26 "The number of bond orders larger than threshold"
   &BONDORDERS [&Type "ArrayOfDoubles", &Dim (26,1)] "The bond orders"
                                                         0

0                                      8.9050577193482672e-01
1                                      9.0765433394958517e-01
2                                      9.6858454312432052e-01
3                                      1.0017224688897139e+00
4                                      8.1352657150021768e-01
5                                      2.0506179808312512e+00
6                                      1.8375391958660385e+00
7                                      1.8285202549343671e+00
8                                      1.3285186128172174e-01
9                                      9.5061544272646414e-01
10                                     1.8640254367723990e+00
11                                     9.7236947868165513e-01
12                                     9.5864722906466060e-01
13                                     9.7813100791504670e-01
14                                     9.7453007286335347e-01
15                                     7.7942622885381474e-01
16                                     9.5788966686791954e-01
17                                     1.8629654887819571e+00
18                                     9.5788399193999352e-01
19                                     9.7906994199056829e-01
20                                     8.5558718865373939e-01
21                                     9.8055901411200508e-01
22                                     9.7339106955933752e-01
23                                     1.8414931063867259e+00
24                                     1.8937169439501078e+00
25                                     1.1430132489340128e-01
   &COMPONENTS [&Type "ArrayOfIntegers", &Dim (26,4)] "The indices and atomic numbers of the bonding atoms"
                                                         0                           1                           2                           3

0                                                        0                           6                           1                           1
1                                                        0                           6                           2                           1
2                                                        0                           6                           3                           6
3                                                        0                           6                          12                           6
4                                                        3                           6                           4                           6
5                                                        3                           6                           7                           8
6                                                        4                           6                           5                           8
7                                                        4                           6                           6                           8
8                                                        5                           8                           6                           8
9                                                        8                           6                           9                           1
10                                                       8                           6                          10                           6
11                                                       8                           6                          17                           6
12                                                      10                           6                          11                           1
13                                                      10                           6                          12                           6
14                                                      12                           6                          13                           6
15                                                      12                           6                          21                           6
16                                                      13                           6                          14                           1
17                                                      13                           6                          15                           6
18                                                      15                           6                          16                           1
19                                                      15                           6                          17                           6
20                                                      17                           6                          18                           1
21                                                      17                           6                          19                           8
22                                                      19                           8                          20                           1
23                                                      21                           6                          22                           8
24                                                      21                           6                          23                           8
25                                                      22                           8                          23                           8
   &ATNO [&Type "ArrayOfIntegers", &Dim (24,1)] "Atomic number of the elements"
                                                         0

0                                                        6
1                                                        1
2                                                        1
3                                                        6
4                                                        6
5                                                        8
6                                                        8
7                                                        8
8                                                        6
9                                                        1
10                                                       6
11                                                       1
12                                                       6
13                                                       6
14                                                       1
15                                                       6
16                                                       1
17                                                       6
18                                                       1
19                                                       8
20                                                       1
21                                                       6
22                                                       8
23                                                       8
   &NA [&Type "ArrayOfDoubles", &Dim (24,1)] "Mulliken gross atomic population"
                                                         0

0                                      5.7711184154981492e+00
1                                      1.0492252179588724e+00
2                                      1.0232412334851797e+00
3                                      6.0371378960468292e+00
4                                      5.9146314300901022e+00
5                                      8.4008753669564573e+00
6                                      8.4135234455206760e+00
7                                      8.2664187911091780e+00
8                                      6.0702256581490053e+00
9                                      1.1001071224528456e+00
10                                     5.9364548870360903e+00
11                                     1.0569665825274692e+00
12                                     6.2122606774683167e+00
13                                     5.9489667388516692e+00
14                                     1.0390485110945162e+00
15                                     6.0652250937605183e+00
16                                     1.0789489866533346e+00
17                                     5.6925501428641105e+00
18                                     9.8759427614494555e-01
19                                     8.3603768505422149e+00
20                                     8.5421888685962788e-01
21                                     5.9038488164735012e+00
22                                     8.4282003784894801e+00
23                                     8.3888345939669371e+00
   &ZA [&Type "ArrayOfDoubles", &Dim (24,1)] "Total nuclear charge"
                                                         0

0                                      6.0000000000000000e+00
1                                      1.0000000000000000e+00
2                                      1.0000000000000000e+00
3                                      6.0000000000000000e+00
4                                      6.0000000000000000e+00
5                                      8.0000000000000000e+00
6                                      8.0000000000000000e+00
7                                      8.0000000000000000e+00
8                                      6.0000000000000000e+00
9                                      1.0000000000000000e+00
10                                     6.0000000000000000e+00
11                                     1.0000000000000000e+00
12                                     6.0000000000000000e+00
13                                     6.0000000000000000e+00
14                                     1.0000000000000000e+00
15                                     6.0000000000000000e+00
16                                     1.0000000000000000e+00
17                                     6.0000000000000000e+00
18                                     1.0000000000000000e+00
19                                     8.0000000000000000e+00
20                                     1.0000000000000000e+00
21                                     6.0000000000000000e+00
22                                     8.0000000000000000e+00
23                                     8.0000000000000000e+00
   &QA [&Type "ArrayOfDoubles", &Dim (24,1)] "Mulliken gross atomic charge"
                                                         0

0                                      2.2888158450185081e-01
1                                     -4.9225217958872358e-02
2                                     -2.3241233485179702e-02
3                                     -3.7137896046829155e-02
4                                      8.5368569909897829e-02
5                                     -4.0087536695645731e-01
6                                     -4.1352344552067599e-01
7                                     -2.6641879110917799e-01
8                                     -7.0225658149005277e-02
9                                     -1.0010712245284559e-01
10                                     6.3545112963909745e-02
11                                    -5.6966582527469223e-02
12                                    -2.1226067746831667e-01
13                                     5.1033261148330844e-02
14                                    -3.9048511094516236e-02
15                                    -6.5225093760518327e-02
16                                    -7.8948986653334607e-02
17                                     3.0744985713588946e-01
18                                     1.2405723855054451e-02
19                                    -3.6037685054221491e-01
20                                     1.4578111314037212e-01
21                                     9.6151183526498762e-02
22                                    -4.2820037848948012e-01
23                                    -3.8883459396693709e-01
   &VA [&Type "ArrayOfDoubles", &Dim (24,1)] "Mayer's total valence"
                                                         0

0                                      3.7662620424350273e+00
1                                      1.0238731693177276e+00
2                                      1.0414816459784992e+00
3                                      3.9582234447611957e+00
4                                      4.4876088818473399e+00
5                                      2.0803922326625148e+00
6                                      2.0749497590887911e+00
7                                      2.1861650773024515e+00
8                                      3.9067732966539417e+00
9                                      9.8272992806894932e-01
10                                     3.8876300297108428e+00
11                                     1.0355688632926021e+00
12                                     3.7187842692943045e+00
13                                     3.8785256932475636e+00
14                                     1.0421955467341120e+00
15                                     3.9101476270390267e+00
16                                     9.8814702502744178e-01
17                                     3.7800162324980611e+00
18                                     1.0550056630024247e+00
19                                     1.9981021179279139e+00
20                                     1.0174344264436144e+00
21                                     4.5423604179795793e+00
22                                     2.0576500448035224e+00
23                                     2.1060228251784205e+00
   &BVA [&Type "ArrayOfDoubles", &Dim (24,1)] "Mayer's bonded valence"
                                                         0

0                                      3.7662620424350113e+00
1                                      1.0238731693177208e+00
2                                      1.0414816459784961e+00
3                                      3.9582234447611935e+00
4                                      4.4876088818473736e+00
5                                      2.0803922326625504e+00
6                                      2.0749497590888630e+00
7                                      2.1861650773024657e+00
8                                      3.9067732966539701e+00
9                                      9.8272992806896509e-01
10                                     3.8876300297108624e+00
11                                     1.0355688632926059e+00
12                                     3.7187842692942947e+00
13                                     3.8785256932475658e+00
14                                     1.0421955467341220e+00
15                                     3.9101476270389788e+00
16                                     9.8814702502745488e-01
17                                     3.7800162324980451e+00
18                                     1.0550056630023983e+00
19                                     1.9981021179278837e+00
20                                     1.0174344264436128e+00
21                                     4.5423604179795962e+00
22                                     2.0576500448035517e+00
23                                     2.1060228251783908e+00
   &FA [&Type "ArrayOfDoubles", &Dim (24,1)] "Mayer's free valence"
                                                         0

0                                      0.0000000000000000e+00
1                                      0.0000000000000000e+00
2                                      0.0000000000000000e+00
3                                      0.0000000000000000e+00
4                                      0.0000000000000000e+00
5                                      0.0000000000000000e+00
6                                      0.0000000000000000e+00
7                                      0.0000000000000000e+00
8                                      0.0000000000000000e+00
9                                      0.0000000000000000e+00
10                                     0.0000000000000000e+00
11                                     0.0000000000000000e+00
12                                     0.0000000000000000e+00
13                                     0.0000000000000000e+00
14                                     0.0000000000000000e+00
15                                     0.0000000000000000e+00
16                                     0.0000000000000000e+00
17                                     0.0000000000000000e+00
18                                     0.0000000000000000e+00
19                                     0.0000000000000000e+00
20                                     0.0000000000000000e+00
21                                     0.0000000000000000e+00
22                                     0.0000000000000000e+00
23                                     0.0000000000000000e+00
$End
$VdW_Correction
   &GeometryIndex 1
   &ListStatus       OUT
   &VDW [&Type "Double"]      -5.4291273245073310e-02
$End
$Calculation_Info
   &GeometryIndex 1
   &ListStatus       OUT
   &MULT [&Type "Integer"] 1
   &CHARGE [&Type "Integer"] -2
   &NUMOFATOMS [&Type "Integer"] 24
   &NUMOFELECTRONS [&Type "Integer"] 118
   &NUMOFFCELECTRONS [&Type "Integer"] 1
   &NUMOFCORRELECTRONS [&Type "Integer"] 0
   &NUMOFBASISFUNCTS [&Type "Integer"] 264
   &NUMOFAUXCBASISFUNCTS [&Type "Integer"] 0
   &NUMOFAUXJBASISFUNCTS [&Type "Integer"] 872
   &NUMOFAUXJKBASISFUNCTS [&Type "Integer"] 0
   &NUMOFCABSBASISFUNCTS [&Type "Integer"] 0
   &TOTALENERGY [&Type "Double"]      -8.3617711391974831e+02  "Hartrees"
$End
$SCF_Dipole_Moment
   &GeometryIndex 1
   &ListStatus       OUT
   &METHOD [&Type "String"] "SCF"
   &LEVEL [&Type "String"] "Relaxed density"
   &MULT [&Type "Integer"] 1
   &STATE [&Type "Integer"] -1
   &IRREP [&Type "Integer"] 0
   &NATOMS [&Type "Integer"] 24
   &DODIPOLEATOM [&Type "Boolean"] false
   &DIPOLEELECCONTRIB [&Type "ArrayOfDoubles", &Dim (3,1)] "Electronic contribution"
                                                         0

0                                      1.2907049151510606e+00
1                                      3.5481788432984579e-01
2                                      3.1760846874052264e+00
   &DIPOLENUCCONTRIB [&Type "ArrayOfDoubles", &Dim (3,1)] "Nuclear contribution"
                                                         0

0                                     -2.9313728051727566e+00
1                                     -1.8556980139400920e+00
2                                     -4.8953877144856222e+00
   &DIPOLETOTAL [&Type "ArrayOfDoubles", &Dim (3,1)] "Total"
                                                         0

0                                     -1.6406678900216960e+00
1                                     -1.5008801296102463e+00
2                                     -1.7193030270803957e+00
   &DIPOLEMAGNITUDE [&Type "Double", &Units "a.u."]       2.8107712798687348e+00
$End
