*************************************************
******************* ORCA 6.0.1 ******************
*************************************************
$Calculation_Status
   &GeometryIndex 1
   &ListStatus       OUT
   &VERSION [&Type "String"] "6.0.1"
   &PROGNAME [&Type "String"] "LeanSCF"
   &STATUS [&Type "String"] "NORMAL TERMINATION"
$End
$Geometry
   &GeometryIndex 1
   &ListStatus       OUT
   &NATOMS [&Type "Integer"] 24
   &NCORELESSECP [&Type "Integer"] 0
   &NGHOSTATOMS [&Type "Integer"] 0
   &CartesianCoordinates [&Type "Coordinates", &Dim(24,4), &Units "Bohr"] 
              C     81.040905253213   28.833441351370  113.699152299640
              H     82.055688187129   27.144026187645  114.362446172646
              H     81.808134063585   30.541753776435  114.591103034851
              C     78.280015371554   28.578328323291  114.411579052128
              C     76.700204323596   30.957493525898  115.167469505697
              O     77.868055074359   32.803755958739  116.072648323845
              O     74.360723369801   30.844109957863  114.872672228805
              O     77.242555724031   26.526085741853  114.360556446512
              C     77.809473564208   26.701830272307  108.693267770883
              H     76.923192007398   24.980289764305  108.001628005867
              C     80.181079862279   26.701830272307  109.553093161817
              H     81.299797733560   24.967061681368  109.607895219700
              C     81.384835409587   29.005406429557  110.722833638714
              C     80.043129854502   31.390240810566  109.919700031797
              H     81.056023062284   33.164693650318  110.189930868948
              C     77.637508486021   31.369453823093  109.160030125961
              H     76.620835825971   33.142016936711  108.882240384275
              C     76.146514566357   28.997847525022  108.657362974338
              H     74.706543252309   28.789977650290  110.169143881475
              O     74.950317923585   29.116900271459  106.264969688794
              H     73.260902759859   29.978615388527  106.448273123784
              C     84.279895846754   29.003516703423  110.082216479315
              O     85.549791808749   27.140246735377  110.855114468088
              O     85.190743843304   30.827102422657  108.886019836543
$End
$SCF_Energy
   &GeometryIndex 1
   &ListStatus       OUT
   &SCF_ENERGY [&Type "Double"]      -8.3612051635478110e+02
$End
$DFT_Energy
   &GeometryIndex 1
   &ListStatus       OUT
   &NALPHAEL [&Type "Integer"] 59
   &NBETAEL [&Type "Integer"] 59
   &NTOTALEL [&Type "Integer"] 118
   &EEXCHANGE [&Type "Double"]      -8.3131455837107296e+01
   &ECORR [&Type "Double"]      -4.8457587812657650e+00
   &ECNL [&Type "Double"]       0.0000000000000000e+00
   &EXC [&Type "Double"]      -8.7977214618373068e+01
   &EEMBED [&Type "Double"]       0.0000000000000000e+00
   &FINALEN [&Type "Double"]      -8.3612051635478110e+02  "No Van der Waals correction"
$End
$Mulliken_Population_Analysis
   &GeometryIndex 1
   &ListStatus       OUT
   &NATOMS [&Type "Integer"] 24
   &ATNO [&Type "ArrayOfIntegers", &Dim (24,1)] 
                                                         0

0                                                        6
1                                                        1
2                                                        1
3                                                        6
4                                                        6
5                                                        8
6                                                        8
7                                                        8
8                                                        6
9                                                        1
10                                                       6
11                                                       1
12                                                       6
13                                                       6
14                                                       1
15                                                       6
16                                                       1
17                                                       6
18                                                       1
19                                                       8
20                                                       1
21                                                       6
22                                                       8
23                                                       8
   &ATOMICCHARGES [&Type "ArrayOfDoubles", &Dim (24,1)] 
                                                         0

0                                      2.4966274979407466e-01
1                                     -4.5971309750904688e-02
2                                     -3.1771137203363775e-02
3                                     -6.8332407167002174e-02
4                                      7.7322496054570422e-02
5                                     -4.0401645500043770e-01
6                                     -4.0324838931294238e-01
7                                     -2.5613911549321244e-01
8                                     -7.0163224548989156e-02
9                                     -8.9475137071986843e-02
10                                     6.3478923223294181e-02
11                                    -5.3383330694189102e-02
12                                    -2.1110937082481129e-01
13                                     7.5367900307307778e-02
14                                    -4.9275288330963285e-02
15                                    -7.3315157886144178e-02
16                                    -8.3056134296277895e-02
17                                     3.2071448698703087e-01
18                                     1.8975710772256571e-03
19                                    -3.5810408300093144e-01
20                                     1.4187216851795181e-01
21                                     8.7904351680699655e-02
22                                    -4.3097447254269916e-01
23                                    -3.8988563451729163e-01
$End
$Loewdin_Population_Analysis
   &GeometryIndex 1
   &ListStatus       OUT
   &NATOMS [&Type "Integer"] 24
   &ATNO [&Type "ArrayOfIntegers", &Dim (24,1)] 
                                                         0

0                                                        6
1                                                        1
2                                                        1
3                                                        6
4                                                        6
5                                                        8
6                                                        8
7                                                        8
8                                                        6
9                                                        1
10                                                       6
11                                                       1
12                                                       6
13                                                       6
14                                                       1
15                                                       6
16                                                       1
17                                                       6
18                                                       1
19                                                       8
20                                                       1
21                                                       6
22                                                       8
23                                                       8
   &ATOMICCHARGES [&Type "ArrayOfDoubles", &Dim (24,1)] 
                                                         0

0                                     -3.1892255581432494e-02
1                                      1.0208489584345060e-02
2                                      1.5492465861240645e-02
3                                      3.6019932956891765e-02
4                                     -8.3698601761394542e-02
5                                     -3.6848866278786119e-01
6                                     -3.6815306191280683e-01
7                                     -1.8843947253476045e-01
8                                     -6.6267111741848517e-02
9                                     -6.7243740907736438e-03
10                                     4.9696533792058517e-03
11                                     9.4089502993419671e-03
12                                    -7.7392556475008867e-02
13                                     1.2035388850253348e-02
14                                     1.3731394729893376e-02
15                                    -7.2528489647693206e-02
16                                    -3.8114813766931821e-03
17                                     4.7178992804709274e-02
18                                     1.2613609495829903e-02
19                                    -1.7914517055466028e-01
20                                     7.4361392554661676e-02
21                                    -2.7342169302138508e-02
22                                    -3.9271118578430020e-01
23                                    -3.6942567696500284e-01
$End
$Mayer_Population_Analysis
   &GeometryIndex 1
   &ListStatus       OUT
   &NATOMS [&Type "Integer"] 24 "Total number of atoms"
   &BONDTHRESH [&Type "Double"]       1.0000000000000001e-01  "The threshold for printing"
   &NBONDORDERSPRINT [&Type "Integer"] 26 "The number of bond orders larger than threshold"
   &BONDORDERS [&Type "ArrayOfDoubles", &Dim (26,1)] "The bond orders"
                                                         0

0                                      8.8180499256924649e-01
1                                      9.0339390997374092e-01
2                                      9.7037120118654718e-01
3                                      9.9784242700551107e-01
4                                      7.9737640008858579e-01
5                                      2.0644096721151586e+00
6                                      1.8334528848466007e+00
7                                      1.8505050980896436e+00
8                                      1.2902511765844485e-01
9                                      9.5865064793228794e-01
10                                     1.8666224082270253e+00
11                                     9.7663718570814251e-01
12                                     9.6224304651986270e-01
13                                     9.8052150515777370e-01
14                                     9.6292483868341616e-01
15                                     7.7738899657085170e-01
16                                     9.6144314189846380e-01
17                                     1.8783301611346317e+00
18                                     9.4880689399209317e-01
19                                     9.8570903022074952e-01
20                                     8.5547204473116245e-01
21                                     9.6976989683519854e-01
22                                     9.7534236731170909e-01
23                                     1.8177515203185508e+00
24                                     1.9261901796085334e+00
25                                     1.1310588730768789e-01
   &COMPONENTS [&Type "ArrayOfIntegers", &Dim (26,4)] "The indices and atomic numbers of the bonding atoms"
                                                         0                           1                           2                           3

0                                                        0                           6                           1                           1
1                                                        0                           6                           2                           1
2                                                        0                           6                           3                           6
3                                                        0                           6                          12                           6
4                                                        3                           6                           4                           6
5                                                        3                           6                           7                           8
6                                                        4                           6                           5                           8
7                                                        4                           6                           6                           8
8                                                        5                           8                           6                           8
9                                                        8                           6                           9                           1
10                                                       8                           6                          10                           6
11                                                       8                           6                          17                           6
12                                                      10                           6                          11                           1
13                                                      10                           6                          12                           6
14                                                      12                           6                          13                           6
15                                                      12                           6                          21                           6
16                                                      13                           6                          14                           1
17                                                      13                           6                          15                           6
18                                                      15                           6                          16                           1
19                                                      15                           6                          17                           6
20                                                      17                           6                          18                           1
21                                                      17                           6                          19                           8
22                                                      19                           8                          20                           1
23                                                      21                           6                          22                           8
24                                                      21                           6                          23                           8
25                                                      22                           8                          23                           8
   &ATNO [&Type "ArrayOfIntegers", &Dim (24,1)] "Atomic number of the elements"
                                                         0

0                                                        6
1                                                        1
2                                                        1
3                                                        6
4                                                        6
5                                                        8
6                                                        8
7                                                        8
8                                                        6
9                                                        1
10                                                       6
11                                                       1
12                                                       6
13                                                       6
14                                                       1
15                                                       6
16                                                       1
17                                                       6
18                                                       1
19                                                       8
20                                                       1
21                                                       6
22                                                       8
23                                                       8
   &NA [&Type "ArrayOfDoubles", &Dim (24,1)] "Mulliken gross atomic population"
                                                         0

0                                      5.7503372502059271e+00
1                                      1.0459713097509042e+00
2                                      1.0317711372033633e+00
3                                      6.0683324071670057e+00
4                                      5.9226775039454340e+00
5                                      8.4040164550004341e+00
6                                      8.4032483893129442e+00
7                                      8.2561391154932124e+00
8                                      6.0701632245489865e+00
9                                      1.0894751370719875e+00
10                                     5.9365210767767023e+00
11                                     1.0533833306941893e+00
12                                     6.2111093708248095e+00
13                                     5.9246320996926904e+00
14                                     1.0492752883309633e+00
15                                     6.0733151578861415e+00
16                                     1.0830561342962775e+00
17                                     5.6792855130129727e+00
18                                     9.9810242892277445e-01
19                                     8.3581040830009297e+00
20                                     8.5812783148204763e-01
21                                     5.9120956483193066e+00
22                                     8.4309744725426992e+00
23                                     8.3898856345172899e+00
   &ZA [&Type "ArrayOfDoubles", &Dim (24,1)] "Total nuclear charge"
                                                         0

0                                      6.0000000000000000e+00
1                                      1.0000000000000000e+00
2                                      1.0000000000000000e+00
3                                      6.0000000000000000e+00
4                                      6.0000000000000000e+00
5                                      8.0000000000000000e+00
6                                      8.0000000000000000e+00
7                                      8.0000000000000000e+00
8                                      6.0000000000000000e+00
9                                      1.0000000000000000e+00
10                                     6.0000000000000000e+00
11                                     1.0000000000000000e+00
12                                     6.0000000000000000e+00
13                                     6.0000000000000000e+00
14                                     1.0000000000000000e+00
15                                     6.0000000000000000e+00
16                                     1.0000000000000000e+00
17                                     6.0000000000000000e+00
18                                     1.0000000000000000e+00
19                                     8.0000000000000000e+00
20                                     1.0000000000000000e+00
21                                     6.0000000000000000e+00
22                                     8.0000000000000000e+00
23                                     8.0000000000000000e+00
   &QA [&Type "ArrayOfDoubles", &Dim (24,1)] "Mulliken gross atomic charge"
                                                         0

0                                      2.4966274979407288e-01
1                                     -4.5971309750904243e-02
2                                     -3.1771137203363331e-02
3                                     -6.8332407167005726e-02
4                                      7.7322496054565981e-02
5                                     -4.0401645500043415e-01
6                                     -4.0324838931294416e-01
7                                     -2.5613911549321244e-01
8                                     -7.0163224548986491e-02
9                                     -8.9475137071987509e-02
10                                     6.3478923223297734e-02
11                                    -5.3383330694189324e-02
12                                    -2.1110937082480952e-01
13                                     7.5367900307309554e-02
14                                    -4.9275288330963285e-02
15                                    -7.3315157886141513e-02
16                                    -8.3056134296277451e-02
17                                     3.2071448698702731e-01
18                                     1.8975710772255461e-03
19                                    -3.5810408300092966e-01
20                                     1.4187216851795237e-01
21                                     8.7904351680693438e-02
22                                    -4.3097447254269916e-01
23                                    -3.8988563451728986e-01
   &VA [&Type "ArrayOfDoubles", &Dim (24,1)] "Mayer's total valence"
                                                         0

0                                      3.7504684955726137e+00
1                                      1.0414746874969933e+00
2                                      1.0360898912316399e+00
3                                      3.9700916205933963e+00
4                                      4.4874549702717905e+00
5                                      2.0773832440000257e+00
6                                      2.0840040310733219e+00
7                                      2.1920084794452497e+00
8                                      3.9233814315265048e+00
9                                      9.8301938246178866e-01
10                                     3.9002834788011791e+00
11                                     1.0250913161499104e+00
12                                     3.7090175280092219e+00
13                                     3.9281427412553658e+00
14                                     1.0198487292732521e+00
15                                     3.9546297102062442e+00
16                                     9.8469940934828515e-01
17                                     3.7816643574212949e+00
18                                     1.0458989155560039e+00
19                                     2.0029120308080932e+00
20                                     1.0217238863521083e+00
21                                     4.5518206386995361e+00
22                                     2.0430056533994687e+00
23                                     2.1099186900694775e+00
   &BVA [&Type "ArrayOfDoubles", &Dim (24,1)] "Mayer's bonded valence"
                                                         0

0                                      3.7504684955725671e+00
1                                      1.0414746874969840e+00
2                                      1.0360898912316268e+00
3                                      3.9700916205933989e+00
4                                      4.4874549702718056e+00
5                                      2.0773832440000390e+00
6                                      2.0840040310733308e+00
7                                      2.1920084794452830e+00
8                                      3.9233814315264923e+00
9                                      9.8301938246179221e-01
10                                     3.9002834788011498e+00
11                                     1.0250913161499067e+00
12                                     3.7090175280092152e+00
13                                     3.9281427412553973e+00
14                                     1.0198487292732574e+00
15                                     3.9546297102062327e+00
16                                     9.8469940934828182e-01
17                                     3.7816643574212718e+00
18                                     1.0458989155560030e+00
19                                     2.0029120308081581e+00
20                                     1.0217238863521114e+00
21                                     4.5518206386995193e+00
22                                     2.0430056533994545e+00
23                                     2.1099186900694811e+00
   &FA [&Type "ArrayOfDoubles", &Dim (24,1)] "Mayer's free valence"
                                                         0

0                                      0.0000000000000000e+00
1                                      0.0000000000000000e+00
2                                      0.0000000000000000e+00
3                                      0.0000000000000000e+00
4                                      0.0000000000000000e+00
5                                      0.0000000000000000e+00
6                                      0.0000000000000000e+00
7                                      0.0000000000000000e+00
8                                      0.0000000000000000e+00
9                                      0.0000000000000000e+00
10                                     0.0000000000000000e+00
11                                     0.0000000000000000e+00
12                                     0.0000000000000000e+00
13                                     0.0000000000000000e+00
14                                     0.0000000000000000e+00
15                                     0.0000000000000000e+00
16                                     0.0000000000000000e+00
17                                     0.0000000000000000e+00
18                                     0.0000000000000000e+00
19                                     0.0000000000000000e+00
20                                     0.0000000000000000e+00
21                                     0.0000000000000000e+00
22                                     0.0000000000000000e+00
23                                     0.0000000000000000e+00
$End
$VdW_Correction
   &GeometryIndex 1
   &ListStatus       OUT
   &VDW [&Type "Double"]      -5.4781391277230064e-02
$End
$Calculation_Info
   &GeometryIndex 1
   &ListStatus       OUT
   &MULT [&Type "Integer"] 1
   &CHARGE [&Type "Integer"] -2
   &NUMOFATOMS [&Type "Integer"] 24
   &NUMOFELECTRONS [&Type "Integer"] 118
   &NUMOFFCELECTRONS [&Type "Integer"] 1
   &NUMOFCORRELECTRONS [&Type "Integer"] 0
   &NUMOFBASISFUNCTS [&Type "Integer"] 264
   &NUMOFAUXCBASISFUNCTS [&Type "Integer"] 0
   &NUMOFAUXJBASISFUNCTS [&Type "Integer"] 872
   &NUMOFAUXJKBASISFUNCTS [&Type "Integer"] 0
   &NUMOFCABSBASISFUNCTS [&Type "Integer"] 0
   &TOTALENERGY [&Type "Double"]      -8.3617529774605828e+02  "Hartrees"
$End
$SCF_Dipole_Moment
   &GeometryIndex 1
   &ListStatus       OUT
   &METHOD [&Type "String"] "SCF"
   &LEVEL [&Type "String"] "Relaxed density"
   &MULT [&Type "Integer"] 1
   &STATE [&Type "Integer"] -1
   &IRREP [&Type "Integer"] 0
   &NATOMS [&Type "Integer"] 24
   &DODIPOLEATOM [&Type "Boolean"] false
   &DIPOLEELECCONTRIB [&Type "ArrayOfDoubles", &Dim (3,1)] "Electronic contribution"
                                                         0

0                                      1.2045933093903645e+00
1                                      1.7060578472377494e-01
2                                      2.8034130822663834e+00
   &DIPOLENUCCONTRIB [&Type "ArrayOfDoubles", &Dim (3,1)] "Nuclear contribution"
                                                         0

0                                     -3.1208210029034262e+00
1                                     -9.0154952023835122e-01
2                                     -4.2458142000654249e+00
   &DIPOLETOTAL [&Type "ArrayOfDoubles", &Dim (3,1)] "Total"
                                                         0

0                                     -1.9162276935130618e+00
1                                     -7.3094373551457625e-01
2                                     -1.4424011177990415e+00
   &DIPOLEMAGNITUDE [&Type "Double", &Units "a.u."]       2.5073349003478405e+00
$End
