*************************************************
******************* ORCA 6.0.1 ******************
*************************************************
$Calculation_Status
   &GeometryIndex 1
   &ListStatus       OUT
   &VERSION [&Type "String"] "6.0.1"
   &PROGNAME [&Type "String"] "LeanSCF"
   &STATUS [&Type "String"] "NORMAL TERMINATION"
$End
$Geometry
   &GeometryIndex 1
   &ListStatus       OUT
   &NATOMS [&Type "Integer"] 24
   &NCORELESSECP [&Type "Integer"] 0
   &NGHOSTATOMS [&Type "Integer"] 0
   &CartesianCoordinates [&Type "Coordinates", &Dim(24,4), &Units "Bohr"] 
              C     80.113049721458   37.550748007149  107.557542364396
              H     81.411291575461   36.141012311244  106.801651910827
              H     80.827366200080   39.015285760938  108.816099969587
              C     77.654516021226   37.558306911685  106.958499179943
              C     75.834709754260   39.487717294418  108.056430063751
              O     76.758785833747   41.483268091839  108.967278060301
              O     73.517905514072   38.958593976921  108.011076636537
              O     76.598159112364   35.747949275388  105.427821011467
              C     76.590600207828   36.141012311244  102.672600308209
              H     75.649516593136   34.440258790715  101.945055746650
              C     79.294798305470   36.295969854225  101.865687249025
              H     80.424854533555   34.570649893955  101.791987929802
              C     80.456979877831   38.552302858127  101.691832444704
              C     78.964096232033   40.882335181252  101.892143414900
              H     80.031791497699   42.643559938067  101.894033141034
              C     76.435642664847   40.865327646047  102.118910550971
              H     75.394403565056   42.630331855130  102.364574948380
              C     74.938979566781   38.444588468494  101.963953007989
              H     73.400742493769   38.499390526378  103.360460620957
              O     73.937424715803   38.159239822272   99.478963141883
              H     72.051478034149   38.117665847326   99.529985747498
              C     83.318025244588   38.771511089662  101.531205723321
              O     84.623826003128   36.808085636518  101.861907796757
              O     84.172181457120   40.950365322074  101.140032413599
$End
$SCF_Energy
   &GeometryIndex 1
   &ListStatus       OUT
   &SCF_ENERGY [&Type "Double"]      -8.3608906747476885e+02
$End
$DFT_Energy
   &GeometryIndex 1
   &ListStatus       OUT
   &NALPHAEL [&Type "Integer"] 59
   &NBETAEL [&Type "Integer"] 59
   &NTOTALEL [&Type "Integer"] 118
   &EEXCHANGE [&Type "Double"]      -8.3129861775039501e+01
   &ECORR [&Type "Double"]      -4.8466530939422592e+00
   &ECNL [&Type "Double"]       0.0000000000000000e+00
   &EXC [&Type "Double"]      -8.7976514868981766e+01
   &EEMBED [&Type "Double"]       0.0000000000000000e+00
   &FINALEN [&Type "Double"]      -8.3608906747476885e+02  "No Van der Waals correction"
$End
$Mulliken_Population_Analysis
   &GeometryIndex 1
   &ListStatus       OUT
   &NATOMS [&Type "Integer"] 24
   &ATNO [&Type "ArrayOfIntegers", &Dim (24,1)] 
                                                         0

0                                                        6
1                                                        1
2                                                        1
3                                                        6
4                                                        6
5                                                        8
6                                                        8
7                                                        8
8                                                        6
9                                                        1
10                                                       6
11                                                       1
12                                                       6
13                                                       6
14                                                       1
15                                                       6
16                                                       1
17                                                       6
18                                                       1
19                                                       8
20                                                       1
21                                                       6
22                                                       8
23                                                       8
   &ATOMICCHARGES [&Type "ArrayOfDoubles", &Dim (24,1)] 
                                                         0

0                                      5.8172715323880908e-03
1                                     -2.4288535407468004e-02
2                                     -3.1809440616077156e-02
3                                      1.6623112688005648e-02
4                                      8.5129799079135537e-02
5                                     -4.1443065213724850e-01
6                                     -4.2697581456815925e-01
7                                     -3.6733988984497756e-01
8                                      2.6013377445391850e-01
9                                     -8.6918142500904239e-02
10                                    -7.6467253501746768e-02
11                                    -6.3204934919157685e-02
12                                    -3.2635088246570909e-02
13                                     5.2206028521989190e-02
14                                    -5.6538809697286307e-02
15                                    -1.6077662055606012e-02
16                                    -6.7733486458287251e-02
17                                     2.0158787208117968e-01
18                                    -1.3655312319496682e-02
19                                    -3.3756130526944617e-01
20                                     1.4235881019803387e-01
21                                     7.7825359658050708e-02
22                                    -4.1812602738666804e-01
23                                    -4.0791967328359036e-01
$End
$Loewdin_Population_Analysis
   &GeometryIndex 1
   &ListStatus       OUT
   &NATOMS [&Type "Integer"] 24
   &ATNO [&Type "ArrayOfIntegers", &Dim (24,1)] 
                                                         0

0                                                        6
1                                                        1
2                                                        1
3                                                        6
4                                                        6
5                                                        8
6                                                        8
7                                                        8
8                                                        6
9                                                        1
10                                                       6
11                                                       1
12                                                       6
13                                                       6
14                                                       1
15                                                       6
16                                                       1
17                                                       6
18                                                       1
19                                                       8
20                                                       1
21                                                       6
22                                                       8
23                                                       8
   &ATOMICCHARGES [&Type "ArrayOfDoubles", &Dim (24,1)] 
                                                         0

0                                     -9.9390425380536662e-02
1                                      5.0555046497100520e-03
2                                      9.7213400679568851e-03
3                                     -7.3674516270845203e-03
4                                     -6.0432420121520281e-02
5                                     -3.8284836352936225e-01
6                                     -3.8895037621939643e-01
7                                     -1.4983328237750548e-01
8                                      8.2882852352756053e-02
9                                     -5.8270531917670176e-03
10                                    -5.1254775635418248e-02
11                                     1.7632859350948937e-03
12                                    -5.6774108690698100e-02
13                                    -2.2916725933681548e-03
14                                     1.2766036728441343e-02
15                                    -5.6536625397933804e-02
16                                     8.0515720157248172e-04
17                                     4.5644818304687362e-02
18                                     8.7982132747550512e-03
19                                    -1.7235272818598801e-01
20                                     7.2115693160476502e-02
21                                    -4.1766994448937389e-02
22                                    -3.8876361779340485e-01
23                                    -3.7516300648255374e-01
$End
$Mayer_Population_Analysis
   &GeometryIndex 1
   &ListStatus       OUT
   &NATOMS [&Type "Integer"] 24 "Total number of atoms"
   &BONDTHRESH [&Type "Double"]       1.0000000000000001e-01  "The threshold for printing"
   &NBONDORDERSPRINT [&Type "Integer"] 26 "The number of bond orders larger than threshold"
   &BONDORDERS [&Type "ArrayOfDoubles", &Dim (26,1)] "The bond orders"
                                                         0

0                                      9.1373240832245584e-01
1                                      9.0801909653571100e-01
2                                      1.9613642252039238e+00
3                                      8.3740757227693607e-01
4                                      1.0418468539418098e+00
5                                      1.8785815063992601e+00
6                                      1.7852591457120126e+00
7                                      1.2047676554876408e-01
8                                      9.4470988409721368e-01
9                                      8.9299102780689910e-01
10                                     9.8402365036209272e-01
11                                     9.6660221689039461e-01
12                                     9.3197735359518519e-01
13                                     1.7760868077808221e+00
14                                     1.1007422877340147e+00
15                                     8.3637974319664643e-01
16                                     9.6049718792791239e-01
17                                     1.7697993835799837e+00
18                                     9.5333721531764615e-01
19                                     9.6435101147428037e-01
20                                     8.9407559204128895e-01
21                                     1.0210528927103970e+00
22                                     9.7884471990994470e-01
23                                     1.8663246607011348e+00
24                                     1.8583776326974979e+00
25                                     1.2460177401118971e-01
   &COMPONENTS [&Type "ArrayOfIntegers", &Dim (26,4)] "The indices and atomic numbers of the bonding atoms"
                                                         0                           1                           2                           3

0                                                        0                           6                           1                           1
1                                                        0                           6                           2                           1
2                                                        0                           6                           3                           6
3                                                        3                           6                           4                           6
4                                                        3                           6                           7                           8
5                                                        4                           6                           5                           8
6                                                        4                           6                           6                           8
7                                                        5                           8                           6                           8
8                                                        7                           8                           8                           6
9                                                        8                           6                           9                           1
10                                                       8                           6                          10                           6
11                                                       8                           6                          17                           6
12                                                      10                           6                          11                           1
13                                                      10                           6                          12                           6
14                                                      12                           6                          13                           6
15                                                      12                           6                          21                           6
16                                                      13                           6                          14                           1
17                                                      13                           6                          15                           6
18                                                      15                           6                          16                           1
19                                                      15                           6                          17                           6
20                                                      17                           6                          18                           1
21                                                      17                           6                          19                           8
22                                                      19                           8                          20                           1
23                                                      21                           6                          22                           8
24                                                      21                           6                          23                           8
25                                                      22                           8                          23                           8
   &ATNO [&Type "ArrayOfIntegers", &Dim (24,1)] "Atomic number of the elements"
                                                         0

0                                                        6
1                                                        1
2                                                        1
3                                                        6
4                                                        6
5                                                        8
6                                                        8
7                                                        8
8                                                        6
9                                                        1
10                                                       6
11                                                       1
12                                                       6
13                                                       6
14                                                       1
15                                                       6
16                                                       1
17                                                       6
18                                                       1
19                                                       8
20                                                       1
21                                                       6
22                                                       8
23                                                       8
   &NA [&Type "ArrayOfDoubles", &Dim (24,1)] "Mulliken gross atomic population"
                                                         0

0                                      5.9941827284676119e+00
1                                      1.0242885354074678e+00
2                                      1.0318094406160785e+00
3                                      5.9833768873119979e+00
4                                      5.9148702009208716e+00
5                                      8.4144306521372538e+00
6                                      8.4269758145681575e+00
7                                      8.3673398898449829e+00
8                                      5.7398662255460833e+00
9                                      1.0869181425009045e+00
10                                     6.0764672535017468e+00
11                                     1.0632049349191579e+00
12                                     6.0326350882465674e+00
13                                     5.9477939714780099e+00
14                                     1.0565388096972865e+00
15                                     6.0160776620556069e+00
16                                     1.0677334864582877e+00
17                                     5.7984121279188194e+00
18                                     1.0136553123194967e+00
19                                     8.3375613052694444e+00
20                                     8.5764118980196602e-01
21                                     5.9221746403419502e+00
22                                     8.4181260273866680e+00
23                                     8.4079196732835886e+00
   &ZA [&Type "ArrayOfDoubles", &Dim (24,1)] "Total nuclear charge"
                                                         0

0                                      6.0000000000000000e+00
1                                      1.0000000000000000e+00
2                                      1.0000000000000000e+00
3                                      6.0000000000000000e+00
4                                      6.0000000000000000e+00
5                                      8.0000000000000000e+00
6                                      8.0000000000000000e+00
7                                      8.0000000000000000e+00
8                                      6.0000000000000000e+00
9                                      1.0000000000000000e+00
10                                     6.0000000000000000e+00
11                                     1.0000000000000000e+00
12                                     6.0000000000000000e+00
13                                     6.0000000000000000e+00
14                                     1.0000000000000000e+00
15                                     6.0000000000000000e+00
16                                     1.0000000000000000e+00
17                                     6.0000000000000000e+00
18                                     1.0000000000000000e+00
19                                     8.0000000000000000e+00
20                                     1.0000000000000000e+00
21                                     6.0000000000000000e+00
22                                     8.0000000000000000e+00
23                                     8.0000000000000000e+00
   &QA [&Type "ArrayOfDoubles", &Dim (24,1)] "Mulliken gross atomic charge"
                                                         0

0                                      5.8172715323880908e-03
1                                     -2.4288535407467782e-02
2                                     -3.1809440616078488e-02
3                                      1.6623112688002095e-02
4                                      8.5129799079128432e-02
5                                     -4.1443065213725383e-01
6                                     -4.2697581456815747e-01
7                                     -3.6733988984498289e-01
8                                      2.6013377445391672e-01
9                                     -8.6918142500904461e-02
10                                    -7.6467253501746768e-02
11                                    -6.3204934919157907e-02
12                                    -3.2635088246567356e-02
13                                     5.2206028521990078e-02
14                                    -5.6538809697286529e-02
15                                    -1.6077662055606901e-02
16                                    -6.7733486458287695e-02
17                                     2.0158787208118056e-01
18                                    -1.3655312319496682e-02
19                                    -3.3756130526944439e-01
20                                     1.4235881019803398e-01
21                                     7.7825359658049820e-02
22                                    -4.1812602738666804e-01
23                                    -4.0791967328358858e-01
   &VA [&Type "ArrayOfDoubles", &Dim (24,1)] "Mayer's total valence"
                                                         0

0                                      3.8891395411747123e+00
1                                      1.0051448134490915e+00
2                                      1.0191176092521375e+00
3                                      3.9473048038782448e+00
4                                      4.5045879524566672e+00
5                                      2.0807954567880613e+00
6                                      2.0417469254855707e+00
7                                      2.0954025679780495e+00
8                                      3.8587791181197102e+00
9                                      9.9261069075727515e-01
10                                     3.8692896013842111e+00
11                                     1.0320262558490074e+00
12                                     3.7391159949309558e+00
13                                     3.9243317100321748e+00
14                                     1.0354151238239107e+00
15                                     3.8128031651406666e+00
16                                     9.8136384601163540e-01
17                                     3.8880848037016418e+00
18                                     1.0675565020553579e+00
19                                     2.0194948016441594e+00
20                                     1.0218279172199907e+00
21                                     4.5491245954515618e+00
22                                     2.0775052009514918e+00
23                                     2.0852490404680575e+00
   &BVA [&Type "ArrayOfDoubles", &Dim (24,1)] "Mayer's bonded valence"
                                                         0

0                                      3.8891395411747056e+00
1                                      1.0051448134490870e+00
2                                      1.0191176092521306e+00
3                                      3.9473048038782128e+00
4                                      4.5045879524566708e+00
5                                      2.0807954567880671e+00
6                                      2.0417469254856009e+00
7                                      2.0954025679780450e+00
8                                      3.8587791181197115e+00
9                                      9.9261069075728192e-01
10                                     3.8692896013842075e+00
11                                     1.0320262558490110e+00
12                                     3.7391159949309483e+00
13                                     3.9243317100321646e+00
14                                     1.0354151238239016e+00
15                                     3.8128031651406546e+00
16                                     9.8136384601162063e-01
17                                     3.8880848037016777e+00
18                                     1.0675565020553679e+00
19                                     2.0194948016441430e+00
20                                     1.0218279172199842e+00
21                                     4.5491245954515893e+00
22                                     2.0775052009515029e+00
23                                     2.0852490404680566e+00
   &FA [&Type "ArrayOfDoubles", &Dim (24,1)] "Mayer's free valence"
                                                         0

0                                      0.0000000000000000e+00
1                                      0.0000000000000000e+00
2                                      0.0000000000000000e+00
3                                      0.0000000000000000e+00
4                                      0.0000000000000000e+00
5                                      0.0000000000000000e+00
6                                      0.0000000000000000e+00
7                                      0.0000000000000000e+00
8                                      0.0000000000000000e+00
9                                      0.0000000000000000e+00
10                                     0.0000000000000000e+00
11                                     0.0000000000000000e+00
12                                     0.0000000000000000e+00
13                                     0.0000000000000000e+00
14                                     0.0000000000000000e+00
15                                     0.0000000000000000e+00
16                                     0.0000000000000000e+00
17                                     0.0000000000000000e+00
18                                     0.0000000000000000e+00
19                                     0.0000000000000000e+00
20                                     0.0000000000000000e+00
21                                     0.0000000000000000e+00
22                                     0.0000000000000000e+00
23                                     0.0000000000000000e+00
$End
$VdW_Correction
   &GeometryIndex 1
   &ListStatus       OUT
   &VDW [&Type "Double"]      -5.3410866437424376e-02
$End
$Calculation_Info
   &GeometryIndex 1
   &ListStatus       OUT
   &MULT [&Type "Integer"] 1
   &CHARGE [&Type "Integer"] -2
   &NUMOFATOMS [&Type "Integer"] 24
   &NUMOFELECTRONS [&Type "Integer"] 118
   &NUMOFFCELECTRONS [&Type "Integer"] 1
   &NUMOFCORRELECTRONS [&Type "Integer"] 0
   &NUMOFBASISFUNCTS [&Type "Integer"] 264
   &NUMOFAUXCBASISFUNCTS [&Type "Integer"] 0
   &NUMOFAUXJBASISFUNCTS [&Type "Integer"] 872
   &NUMOFAUXJKBASISFUNCTS [&Type "Integer"] 0
   &NUMOFCABSBASISFUNCTS [&Type "Integer"] 0
   &TOTALENERGY [&Type "Double"]      -8.3614247834120624e+02  "Hartrees"
$End
$SCF_Dipole_Moment
   &GeometryIndex 1
   &ListStatus       OUT
   &METHOD [&Type "String"] "SCF"
   &LEVEL [&Type "String"] "Relaxed density"
   &MULT [&Type "Integer"] 1
   &STATE [&Type "Integer"] -1
   &IRREP [&Type "Integer"] 0
   &NATOMS [&Type "Integer"] 24
   &DODIPOLEATOM [&Type "Boolean"] false
   &DIPOLEELECCONTRIB [&Type "ArrayOfDoubles", &Dim (3,1)] "Electronic contribution"
                                                         0

0                                      9.5256339541595825e-01
1                                     -1.1593092837622965e-01
2                                      3.2900655675654983e-01
   &DIPOLENUCCONTRIB [&Type "ArrayOfDoubles", &Dim (3,1)] "Nuclear contribution"
                                                         0

0                                     -3.5245162013770823e+00
1                                     -1.1410073801993903e+00
2                                     -2.0820028512816862e+00
   &DIPOLETOTAL [&Type "ArrayOfDoubles", &Dim (3,1)] "Total"
                                                         0

0                                     -2.5719528059611241e+00
1                                     -1.2569383085756201e+00
2                                     -1.7529962945251363e+00
   &DIPOLEMAGNITUDE [&Type "Double", &Units "a.u."]       3.3567590256488624e+00
$End
