*************************************************
******************* ORCA 6.0.1 ******************
*************************************************
$Calculation_Status
   &GeometryIndex 1
   &ListStatus       OUT
   &VERSION [&Type "String"] "6.0.1"
   &PROGNAME [&Type "String"] "LeanSCF"
   &STATUS [&Type "String"] "NORMAL TERMINATION"
$End
$Geometry
   &GeometryIndex 1
   &ListStatus       OUT
   &NATOMS [&Type "Integer"] 24
   &NCORELESSECP [&Type "Integer"] 0
   &NGHOSTATOMS [&Type "Integer"] 0
   &CartesianCoordinates [&Type "Coordinates", &Dim(24,4), &Units "Bohr"] 
              C     92.672169607498   45.748379976100  102.927713336289
              H     94.044110780725   44.355651815400  102.281426998488
              H     93.344912111174   47.511494459048  103.751633930678
              C     90.183400289124   45.383662832253  102.714174283156
              C     88.270997441596   47.280947870710  103.694942146661
              O     88.989093372486   49.539170600746  103.985959971285
              O     86.101591839854   46.470255359258  104.186270941480
              O     89.189404342681   43.210477778243  101.663486552696
              C     88.917283779397   43.144337363556   98.896927492635
              H     88.172731682632   41.243272872831   98.520871991984
              C     91.479752416994   43.476929163126   97.744194550943
              H     92.829016876614   41.925464007177   97.878365106451
              C     92.229973692161   45.738931345430   96.857912994134
              C     90.466859209212   47.883770507431   96.865471898669
              H     91.275661994530   49.722474035736   96.391150639055
              C     88.021553591918   47.617319122548   97.489081522863
              H     86.762995986726   49.253821954524   97.568450020488
              C     86.893387089967   45.049181306549   97.991748674487
              H     85.498769203133   45.196579944995   99.528096021364
              O     85.714197982400   44.147781940668   95.737305396718
              H     83.866045823425   43.898338090991   96.028323221342
              C     94.934171789802   46.237819044785   96.007536233869
              O     96.638704762599   44.652338818425   96.529100646831
              O     95.262984137104   48.293841078492   94.879369731918
$End
$SCF_Energy
   &GeometryIndex 1
   &ListStatus       OUT
   &SCF_ENERGY [&Type "Double"]      -8.3608995948358938e+02
$End
$DFT_Energy
   &GeometryIndex 1
   &ListStatus       OUT
   &NALPHAEL [&Type "Integer"] 59
   &NBETAEL [&Type "Integer"] 59
   &NTOTALEL [&Type "Integer"] 118
   &EEXCHANGE [&Type "Double"]      -8.3128207799483164e+01
   &ECORR [&Type "Double"]      -4.8457157584986250e+00
   &ECNL [&Type "Double"]       0.0000000000000000e+00
   &EXC [&Type "Double"]      -8.7973923557981792e+01
   &EEMBED [&Type "Double"]       0.0000000000000000e+00
   &FINALEN [&Type "Double"]      -8.3608995948358938e+02  "No Van der Waals correction"
$End
$Mulliken_Population_Analysis
   &GeometryIndex 1
   &ListStatus       OUT
   &NATOMS [&Type "Integer"] 24
   &ATNO [&Type "ArrayOfIntegers", &Dim (24,1)] 
                                                         0

0                                                        6
1                                                        1
2                                                        1
3                                                        6
4                                                        6
5                                                        8
6                                                        8
7                                                        8
8                                                        6
9                                                        1
10                                                       6
11                                                       1
12                                                       6
13                                                       6
14                                                       1
15                                                       6
16                                                       1
17                                                       6
18                                                       1
19                                                       8
20                                                       1
21                                                       6
22                                                       8
23                                                       8
   &ATOMICCHARGES [&Type "ArrayOfDoubles", &Dim (24,1)] 
                                                         0

0                                      6.1915934391354455e-03
1                                     -2.7694244470250595e-02
2                                     -3.1774527878540404e-02
3                                      2.1873120094257459e-02
4                                      8.3347084026581975e-02
5                                     -4.2098976910783747e-01
6                                     -4.2318124647345101e-01
7                                     -3.7040951842384295e-01
8                                      2.7049073000739821e-01
9                                     -8.4132671098181566e-02
10                                    -9.5907071823959633e-02
11                                    -6.3318450526474557e-02
12                                    -1.1958287800707623e-02
13                                     4.9308959939910579e-02
14                                    -5.3139413453255013e-02
15                                    -1.2314931484408653e-02
16                                    -6.7032130233934062e-02
17                                     1.9411329710689351e-01
18                                    -1.3757272645154250e-02
19                                    -3.3610644007931079e-01
20                                     1.4213241663204212e-01
21                                     7.2001847414092879e-02
22                                    -4.1934293469276263e-01
23                                    -4.0840013846815459e-01
$End
$Loewdin_Population_Analysis
   &GeometryIndex 1
   &ListStatus       OUT
   &NATOMS [&Type "Integer"] 24
   &ATNO [&Type "ArrayOfIntegers", &Dim (24,1)] 
                                                         0

0                                                        6
1                                                        1
2                                                        1
3                                                        6
4                                                        6
5                                                        8
6                                                        8
7                                                        8
8                                                        6
9                                                        1
10                                                       6
11                                                       1
12                                                       6
13                                                       6
14                                                       1
15                                                       6
16                                                       1
17                                                       6
18                                                       1
19                                                       8
20                                                       1
21                                                       6
22                                                       8
23                                                       8
   &ATOMICCHARGES [&Type "ArrayOfDoubles", &Dim (24,1)] 
                                                         0

0                                     -1.0165583958717406e-01
1                                      3.7961901077336879e-03
2                                      9.9440735802246438e-03
3                                     -3.8256053156056069e-03
4                                     -6.3003004729624834e-02
5                                     -3.8776439828383147e-01
6                                     -3.8349693629513126e-01
7                                     -1.5569516621747326e-01
8                                      8.0980644856897044e-02
9                                     -4.1787684629299715e-03
10                                    -4.9757300032204910e-02
11                                     2.0478916137722791e-03
12                                    -5.4702833539534979e-02
13                                    -1.7187058171224123e-03
14                                     1.4340692371943686e-02
15                                    -5.5984871881539000e-02
16                                     8.6256642830573327e-04
17                                     4.7699652974354301e-02
18                                     9.6168037123582906e-03
19                                    -1.7201734297742810e-01
20                                     7.1966290418431611e-02
21                                    -4.3116208815564327e-02
22                                    -3.9136823804276410e-01
23                                    -3.7296958606595076e-01
$End
$Mayer_Population_Analysis
   &GeometryIndex 1
   &ListStatus       OUT
   &NATOMS [&Type "Integer"] 24 "Total number of atoms"
   &BONDTHRESH [&Type "Double"]       1.0000000000000001e-01  "The threshold for printing"
   &NBONDORDERSPRINT [&Type "Integer"] 26 "The number of bond orders larger than threshold"
   &BONDORDERS [&Type "ArrayOfDoubles", &Dim (26,1)] "The bond orders"
                                                         0

0                                      9.1372306122890445e-01
1                                      9.0829862952227880e-01
2                                      1.9677651796281095e+00
3                                      8.3913098775558503e-01
4                                      1.0397520364800596e+00
5                                      1.8692405962339307e+00
6                                      1.7961652910813655e+00
7                                      1.2056393382838133e-01
8                                      9.5479560484264736e-01
9                                      8.8917511043216491e-01
10                                     9.7849023189150053e-01
11                                     9.6678175766895458e-01
12                                     9.4070497292532873e-01
13                                     1.7699519080185686e+00
14                                     1.1039081467239724e+00
15                                     8.3575815870210834e-01
16                                     9.6184827728136801e-01
17                                     1.7663912308854299e+00
18                                     9.5486295959982859e-01
19                                     9.6816287160228010e-01
20                                     8.9861458144658934e-01
21                                     1.0215594963374750e+00
22                                     9.7914400421492465e-01
23                                     1.8784228895242725e+00
24                                     1.8500663496988758e+00
25                                     1.2446849020257106e-01
   &COMPONENTS [&Type "ArrayOfIntegers", &Dim (26,4)] "The indices and atomic numbers of the bonding atoms"
                                                         0                           1                           2                           3

0                                                        0                           6                           1                           1
1                                                        0                           6                           2                           1
2                                                        0                           6                           3                           6
3                                                        3                           6                           4                           6
4                                                        3                           6                           7                           8
5                                                        4                           6                           5                           8
6                                                        4                           6                           6                           8
7                                                        5                           8                           6                           8
8                                                        7                           8                           8                           6
9                                                        8                           6                           9                           1
10                                                       8                           6                          10                           6
11                                                       8                           6                          17                           6
12                                                      10                           6                          11                           1
13                                                      10                           6                          12                           6
14                                                      12                           6                          13                           6
15                                                      12                           6                          21                           6
16                                                      13                           6                          14                           1
17                                                      13                           6                          15                           6
18                                                      15                           6                          16                           1
19                                                      15                           6                          17                           6
20                                                      17                           6                          18                           1
21                                                      17                           6                          19                           8
22                                                      19                           8                          20                           1
23                                                      21                           6                          22                           8
24                                                      21                           6                          23                           8
25                                                      22                           8                          23                           8
   &ATNO [&Type "ArrayOfIntegers", &Dim (24,1)] "Atomic number of the elements"
                                                         0

0                                                        6
1                                                        1
2                                                        1
3                                                        6
4                                                        6
5                                                        8
6                                                        8
7                                                        8
8                                                        6
9                                                        1
10                                                       6
11                                                       1
12                                                       6
13                                                       6
14                                                       1
15                                                       6
16                                                       1
17                                                       6
18                                                       1
19                                                       8
20                                                       1
21                                                       6
22                                                       8
23                                                       8
   &NA [&Type "ArrayOfDoubles", &Dim (24,1)] "Mulliken gross atomic population"
                                                         0

0                                      5.9938084065608681e+00
1                                      1.0276942444702499e+00
2                                      1.0317745278785406e+00
3                                      5.9781268799057452e+00
4                                      5.9166529159734127e+00
5                                      8.4209897691078410e+00
6                                      8.4231812464734492e+00
7                                      8.3704095184238430e+00
8                                      5.7295092699926027e+00
9                                      1.0841326710981816e+00
10                                     6.0959070718239641e+00
11                                     1.0633184505264743e+00
12                                     6.0119582878007041e+00
13                                     5.9506910400600912e+00
14                                     1.0531394134532543e+00
15                                     6.0123149314844095e+00
16                                     1.0670321302339350e+00
17                                     5.8058867028931074e+00
18                                     1.0137572726451545e+00
19                                     8.3361064400793090e+00
20                                     8.5786758336795776e-01
21                                     5.9279981525859080e+00
22                                     8.4193429346927573e+00
23                                     8.4084001384681546e+00
   &ZA [&Type "ArrayOfDoubles", &Dim (24,1)] "Total nuclear charge"
                                                         0

0                                      6.0000000000000000e+00
1                                      1.0000000000000000e+00
2                                      1.0000000000000000e+00
3                                      6.0000000000000000e+00
4                                      6.0000000000000000e+00
5                                      8.0000000000000000e+00
6                                      8.0000000000000000e+00
7                                      8.0000000000000000e+00
8                                      6.0000000000000000e+00
9                                      1.0000000000000000e+00
10                                     6.0000000000000000e+00
11                                     1.0000000000000000e+00
12                                     6.0000000000000000e+00
13                                     6.0000000000000000e+00
14                                     1.0000000000000000e+00
15                                     6.0000000000000000e+00
16                                     1.0000000000000000e+00
17                                     6.0000000000000000e+00
18                                     1.0000000000000000e+00
19                                     8.0000000000000000e+00
20                                     1.0000000000000000e+00
21                                     6.0000000000000000e+00
22                                     8.0000000000000000e+00
23                                     8.0000000000000000e+00
   &QA [&Type "ArrayOfDoubles", &Dim (24,1)] "Mulliken gross atomic charge"
                                                         0

0                                      6.1915934391318928e-03
1                                     -2.7694244470249929e-02
2                                     -3.1774527878540626e-02
3                                      2.1873120094254794e-02
4                                      8.3347084026587304e-02
5                                     -4.2098976910784103e-01
6                                     -4.2318124647344924e-01
7                                     -3.7040951842384295e-01
8                                      2.7049073000739732e-01
9                                     -8.4132671098181566e-02
10                                    -9.5907071823964074e-02
11                                    -6.3318450526474335e-02
12                                    -1.1958287800704070e-02
13                                     4.9308959939908803e-02
14                                    -5.3139413453254347e-02
15                                    -1.2314931484409541e-02
16                                    -6.7032130233934950e-02
17                                     1.9411329710689262e-01
18                                    -1.3757272645154472e-02
19                                    -3.3610644007930901e-01
20                                     1.4213241663204224e-01
21                                     7.2001847414091991e-02
22                                    -4.1934293469275730e-01
23                                    -4.0840013846815459e-01
   &VA [&Type "ArrayOfDoubles", &Dim (24,1)] "Mayer's total valence"
                                                         0

0                                      3.8908676201891264e+00
1                                      9.9748872289743784e-01
2                                      1.0179681409711026e+00
3                                      3.9504813981027875e+00
4                                      4.5054497145549526e+00
5                                      2.0704906894474635e+00
6                                      2.0413520057026093e+00
7                                      2.0944352795742920e+00
8                                      3.8401836597864771e+00
9                                      9.9551295799083295e-01
10                                     3.8808726106545453e+00
11                                     1.0280361492945751e+00
12                                     3.7153695509170719e+00
13                                     3.9296056739165142e+00
14                                     1.0338734946153805e+00
15                                     3.8091015135030344e+00
16                                     9.8131308573466380e-01
17                                     3.9012260816237152e+00
18                                     1.0566567439053425e+00
19                                     2.0201945185436379e+00
20                                     1.0220379473778494e+00
21                                     4.5530789539109602e+00
22                                     2.0762974645732313e+00
23                                     2.0802249079991406e+00
   &BVA [&Type "ArrayOfDoubles", &Dim (24,1)] "Mayer's bonded valence"
                                                         0

0                                      3.8908676201891250e+00
1                                      9.9748872289744039e-01
2                                      1.0179681409710970e+00
3                                      3.9504813981027769e+00
4                                      4.5054497145549526e+00
5                                      2.0704906894474249e+00
6                                      2.0413520057026027e+00
7                                      2.0944352795742720e+00
8                                      3.8401836597864039e+00
9                                      9.9551295799081707e-01
10                                     3.8808726106545901e+00
11                                     1.0280361492945866e+00
12                                     3.7153695509170963e+00
13                                     3.9296056739164764e+00
14                                     1.0338734946153691e+00
15                                     3.8091015135030748e+00
16                                     9.8131308573465614e-01
17                                     3.9012260816237188e+00
18                                     1.0566567439053440e+00
19                                     2.0201945185436028e+00
20                                     1.0220379473778494e+00
21                                     4.5530789539109202e+00
22                                     2.0762974645732051e+00
23                                     2.0802249079991917e+00
   &FA [&Type "ArrayOfDoubles", &Dim (24,1)] "Mayer's free valence"
                                                         0

0                                      0.0000000000000000e+00
1                                      0.0000000000000000e+00
2                                      0.0000000000000000e+00
3                                      0.0000000000000000e+00
4                                      0.0000000000000000e+00
5                                      0.0000000000000000e+00
6                                      0.0000000000000000e+00
7                                      0.0000000000000000e+00
8                                      0.0000000000000000e+00
9                                      0.0000000000000000e+00
10                                     0.0000000000000000e+00
11                                     0.0000000000000000e+00
12                                     0.0000000000000000e+00
13                                     0.0000000000000000e+00
14                                     0.0000000000000000e+00
15                                     0.0000000000000000e+00
16                                     0.0000000000000000e+00
17                                     0.0000000000000000e+00
18                                     0.0000000000000000e+00
19                                     0.0000000000000000e+00
20                                     0.0000000000000000e+00
21                                     0.0000000000000000e+00
22                                     0.0000000000000000e+00
23                                     0.0000000000000000e+00
$End
$VdW_Correction
   &GeometryIndex 1
   &ListStatus       OUT
   &VDW [&Type "Double"]      -5.2825478288658377e-02
$End
$Calculation_Info
   &GeometryIndex 1
   &ListStatus       OUT
   &MULT [&Type "Integer"] 1
   &CHARGE [&Type "Integer"] -2
   &NUMOFATOMS [&Type "Integer"] 24
   &NUMOFELECTRONS [&Type "Integer"] 118
   &NUMOFFCELECTRONS [&Type "Integer"] 1
   &NUMOFCORRELECTRONS [&Type "Integer"] 0
   &NUMOFBASISFUNCTS [&Type "Integer"] 264
   &NUMOFAUXCBASISFUNCTS [&Type "Integer"] 0
   &NUMOFAUXJBASISFUNCTS [&Type "Integer"] 872
   &NUMOFAUXJKBASISFUNCTS [&Type "Integer"] 0
   &NUMOFCABSBASISFUNCTS [&Type "Integer"] 0
   &TOTALENERGY [&Type "Double"]      -8.3614278496187808e+02  "Hartrees"
$End
$SCF_Dipole_Moment
   &GeometryIndex 1
   &ListStatus       OUT
   &METHOD [&Type "String"] "SCF"
   &LEVEL [&Type "String"] "Relaxed density"
   &MULT [&Type "Integer"] 1
   &STATE [&Type "Integer"] -1
   &IRREP [&Type "Integer"] 0
   &NATOMS [&Type "Integer"] 24
   &DODIPOLEATOM [&Type "Boolean"] false
   &DIPOLEELECCONTRIB [&Type "ArrayOfDoubles", &Dim (3,1)] "Electronic contribution"
                                                         0

0                                      9.0813049570178783e-01
1                                      5.9320444542260327e-02
2                                      1.3229094966698238e-01
   &DIPOLENUCCONTRIB [&Type "ArrayOfDoubles", &Dim (3,1)] "Nuclear contribution"
                                                         0

0                                     -3.4172075286139716e+00
1                                     -1.9031790606173118e+00
2                                     -1.1126903186354298e+00
   &DIPOLETOTAL [&Type "ArrayOfDoubles", &Dim (3,1)] "Total"
                                                         0

0                                     -2.5090770329121836e+00
1                                     -1.8438586160750514e+00
2                                     -9.8039936896844737e-01
   &DIPOLEMAGNITUDE [&Type "Double", &Units "a.u."]       3.2644241568514563e+00
$End
