*************************************************
******************* ORCA 6.0.1 ******************
*************************************************
$Calculation_Status
   &GeometryIndex 1
   &ListStatus       OUT
   &VERSION [&Type "String"] "6.0.1"
   &PROGNAME [&Type "String"] "LeanSCF"
   &STATUS [&Type "String"] "NORMAL TERMINATION"
$End
$Geometry
   &GeometryIndex 1
   &ListStatus       OUT
   &NATOMS [&Type "Integer"] 24
   &NCORELESSECP [&Type "Integer"] 0
   &NGHOSTATOMS [&Type "Integer"] 0
   &CartesianCoordinates [&Type "Coordinates", &Dim(24,4), &Units "Bohr"] 
              C     80.854938586410   28.817041582888  114.567632658968
              H     81.981300408943   27.101817824061  114.442976631480
              H     81.724149763937   30.538897982067  115.279595387661
              C     78.231089685086   28.696078371812  114.437505664881
              C     76.618078623082   31.037207891240  115.094954221402
              O     77.718250315936   32.945574932837  115.987048428592
              O     74.278122328677   30.917803856215  114.756317259463
              O     77.116929682768   26.741705578656  113.558518967607
              C     77.556903416997   26.742609499276  109.564171265755
              H     76.516009422791   24.981665359563  109.312909830185
              C     80.173484760175   26.724131459276  109.624455781196
              H     81.210249213222   24.944872663502  109.737902311334
              C     81.491761545065   28.980453778709  110.034142584776
              C     80.163263400818   31.387995853511  109.672499819725
              H     81.287136472907   33.108079839669  109.798184846233
              C     77.661067915339   31.458414800406  109.278568588836
              H     76.682097651632   33.267480436088  109.129181452121
              C     76.067886653344   29.117591407154  109.021620036800
              H     74.505318267995   29.223922098947  110.395157247073
              O     75.104147783192   28.921513748596  106.520491963342
              H     73.391717215836   29.758572881161  106.489464760148
              C     84.383030497323   28.966208658291  109.896215445361
              O     85.570616512967   27.096216905119  110.762768945144
              O     85.398328705598   30.849920702169  108.875534641280
$End
$SCF_Energy
   &GeometryIndex 1
   &ListStatus       OUT
   &SCF_ENERGY [&Type "Double"]      -8.3605985838740537e+02
$End
$DFT_Energy
   &GeometryIndex 1
   &ListStatus       OUT
   &NALPHAEL [&Type "Integer"] 59
   &NBETAEL [&Type "Integer"] 59
   &NTOTALEL [&Type "Integer"] 118
   &EEXCHANGE [&Type "Double"]      -8.3087461854772371e+01
   &ECORR [&Type "Double"]      -4.8434747319422078e+00
   &ECNL [&Type "Double"]       0.0000000000000000e+00
   &EXC [&Type "Double"]      -8.7930936586714580e+01
   &EEMBED [&Type "Double"]       0.0000000000000000e+00
   &FINALEN [&Type "Double"]      -8.3605985838740537e+02  "No Van der Waals correction"
$End
$Mulliken_Population_Analysis
   &GeometryIndex 1
   &ListStatus       OUT
   &NATOMS [&Type "Integer"] 24
   &ATNO [&Type "ArrayOfIntegers", &Dim (24,1)] 
                                                         0

0                                                        6
1                                                        1
2                                                        1
3                                                        6
4                                                        6
5                                                        8
6                                                        8
7                                                        8
8                                                        6
9                                                        1
10                                                       6
11                                                       1
12                                                       6
13                                                       6
14                                                       1
15                                                       6
16                                                       1
17                                                       6
18                                                       1
19                                                       8
20                                                       1
21                                                       6
22                                                       8
23                                                       8
   &ATOMICCHARGES [&Type "ArrayOfDoubles", &Dim (24,1)] 
                                                         0

0                                      8.7436656319128225e-02
1                                     -2.7934986521581884e-02
2                                     -2.1521611202191870e-02
3                                     -5.2470516496229358e-02
4                                      7.1179555838655872e-02
5                                     -4.0900671058607330e-01
6                                     -4.1162724292834696e-01
7                                     -3.2177911387088365e-01
8                                      5.9004192213897966e-02
9                                     -6.9929388547067539e-02
10                                     2.6801674350578786e-02
11                                    -6.3870701635780236e-02
12                                    -1.1856688825720596e-01
13                                     7.6394243257636774e-02
14                                    -5.4220111874743626e-02
15                                    -3.5415774176339454e-02
16                                    -7.3101614032379025e-02
17                                     2.7861959567932448e-01
18                                    -3.6589813568435048e-03
19                                    -3.5032209787012825e-01
20                                     1.3748974164180461e-01
21                                     9.2513503067837455e-02
22                                    -4.1654795665082922e-01
23                                    -3.9946546636214642e-01
$End
$Loewdin_Population_Analysis
   &GeometryIndex 1
   &ListStatus       OUT
   &NATOMS [&Type "Integer"] 24
   &ATNO [&Type "ArrayOfIntegers", &Dim (24,1)] 
                                                         0

0                                                        6
1                                                        1
2                                                        1
3                                                        6
4                                                        6
5                                                        8
6                                                        8
7                                                        8
8                                                        6
9                                                        1
10                                                       6
11                                                       1
12                                                       6
13                                                       6
14                                                       1
15                                                       6
16                                                       1
17                                                       6
18                                                       1
19                                                       8
20                                                       1
21                                                       6
22                                                       8
23                                                       8
   &ATOMICCHARGES [&Type "ArrayOfDoubles", &Dim (24,1)] 
                                                         0

0                                     -5.4258127978883408e-02
1                                      5.5423250261813495e-03
2                                      9.0250169832704064e-03
3                                     -3.3994865059360890e-02
4                                     -7.0925508893258993e-02
5                                     -3.7991899847259170e-01
6                                     -3.7953661826208496e-01
7                                     -2.0495685432697464e-01
8                                      4.5130155106562597e-02
9                                      8.3982949985572652e-05
10                                    -5.7488151110772101e-02
11                                     6.6980831887291092e-03
12                                    -4.3056253296240854e-03
13                                    -5.4938076177206696e-03
14                                     1.5017602681108855e-02
15                                    -5.3971575781138981e-02
16                                     1.0556445799880798e-04
17                                     4.4228405926440395e-02
18                                     1.2773488919152087e-02
19                                    -1.7841904041283385e-01
20                                     7.1984149047738644e-02
21                                    -3.9770882084256165e-02
22                                    -3.8206786690561145e-01
23                                    -3.6548085205187419e-01
$End
$Mayer_Population_Analysis
   &GeometryIndex 1
   &ListStatus       OUT
   &NATOMS [&Type "Integer"] 24 "Total number of atoms"
   &BONDTHRESH [&Type "Double"]       1.0000000000000001e-01  "The threshold for printing"
   &NBONDORDERSPRINT [&Type "Integer"] 29 "The number of bond orders larger than threshold"
   &BONDORDERS [&Type "ArrayOfDoubles", &Dim (29,1)] "The bond orders"
                                                         0

0                                      9.0237172986386505e-01
1                                      9.1802050582871397e-01
2                                      1.4491183610000495e+00
3                                      1.1256393395345410e-01
4                                      3.5087692129790532e-01
5                                      8.1011245029840528e-01
6                                      1.6125771905512822e+00
7                                      1.8630089144565594e+00
8                                      1.8162318610581041e+00
9                                      1.2133568348694944e-01
10                                     1.0190066786741599e-01
11                                     3.1404715859543830e-01
12                                     9.4151673696464755e-01
13                                     1.4757548975412271e+00
14                                     1.0009920883636403e+00
15                                     9.5615913488742654e-01
16                                     1.3532359656933692e+00
17                                     1.0543172578705813e+00
18                                     8.2804324463807044e-01
19                                     9.7369551711340585e-01
20                                     1.7741087273067375e+00
21                                     9.4976589938881650e-01
22                                     9.7366018108002095e-01
23                                     8.6761707798693877e-01
24                                     9.8278052401194582e-01
25                                     9.7605961897623006e-01
26                                     1.8335609246588742e+00
27                                     1.8675788219602751e+00
28                                     1.1895133207302389e-01
   &COMPONENTS [&Type "ArrayOfIntegers", &Dim (29,4)] "The indices and atomic numbers of the bonding atoms"
                                                         0                           1                           2                           3

0                                                        0                           6                           1                           1
1                                                        0                           6                           2                           1
2                                                        0                           6                           3                           6
3                                                        0                           6                           8                           6
4                                                        0                           6                          12                           6
5                                                        3                           6                           4                           6
6                                                        3                           6                           7                           8
7                                                        4                           6                           5                           8
8                                                        4                           6                           6                           8
9                                                        5                           8                           6                           8
10                                                       6                           8                          18                           1
11                                                       7                           8                           8                           6
12                                                       8                           6                           9                           1
13                                                       8                           6                          10                           6
14                                                       8                           6                          17                           6
15                                                      10                           6                          11                           1
16                                                      10                           6                          12                           6
17                                                      12                           6                          13                           6
18                                                      12                           6                          21                           6
19                                                      13                           6                          14                           1
20                                                      13                           6                          15                           6
21                                                      15                           6                          16                           1
22                                                      15                           6                          17                           6
23                                                      17                           6                          18                           1
24                                                      17                           6                          19                           8
25                                                      19                           8                          20                           1
26                                                      21                           6                          22                           8
27                                                      21                           6                          23                           8
28                                                      22                           8                          23                           8
   &ATNO [&Type "ArrayOfIntegers", &Dim (24,1)] "Atomic number of the elements"
                                                         0

0                                                        6
1                                                        1
2                                                        1
3                                                        6
4                                                        6
5                                                        8
6                                                        8
7                                                        8
8                                                        6
9                                                        1
10                                                       6
11                                                       1
12                                                       6
13                                                       6
14                                                       1
15                                                       6
16                                                       1
17                                                       6
18                                                       1
19                                                       8
20                                                       1
21                                                       6
22                                                       8
23                                                       8
   &NA [&Type "ArrayOfDoubles", &Dim (24,1)] "Mulliken gross atomic population"
                                                         0

0                                      5.9125633436808682e+00
1                                      1.0279349865215843e+00
2                                      1.0215216112021928e+00
3                                      6.0524705164962196e+00
4                                      5.9288204441613601e+00
5                                      8.4090067105860307e+00
6                                      8.4116272429283452e+00
7                                      8.3217791138708854e+00
8                                      5.9409958077861047e+00
9                                      1.0699293885470689e+00
10                                     5.9731983256494310e+00
11                                     1.0638707016357787e+00
12                                     6.1185668882571980e+00
13                                     5.9236057567423392e+00
14                                     1.0542201118747445e+00
15                                     6.0354157741763315e+00
16                                     1.0731016140323801e+00
17                                     5.7213804043206586e+00
18                                     1.0036589813568433e+00
19                                     8.3503220978701318e+00
20                                     8.6251025835819595e-01
21                                     5.9074864969321395e+00
22                                     8.4165479566508203e+00
23                                     8.3994654663621393e+00
   &ZA [&Type "ArrayOfDoubles", &Dim (24,1)] "Total nuclear charge"
                                                         0

0                                      6.0000000000000000e+00
1                                      1.0000000000000000e+00
2                                      1.0000000000000000e+00
3                                      6.0000000000000000e+00
4                                      6.0000000000000000e+00
5                                      8.0000000000000000e+00
6                                      8.0000000000000000e+00
7                                      8.0000000000000000e+00
8                                      6.0000000000000000e+00
9                                      1.0000000000000000e+00
10                                     6.0000000000000000e+00
11                                     1.0000000000000000e+00
12                                     6.0000000000000000e+00
13                                     6.0000000000000000e+00
14                                     1.0000000000000000e+00
15                                     6.0000000000000000e+00
16                                     1.0000000000000000e+00
17                                     6.0000000000000000e+00
18                                     1.0000000000000000e+00
19                                     8.0000000000000000e+00
20                                     1.0000000000000000e+00
21                                     6.0000000000000000e+00
22                                     8.0000000000000000e+00
23                                     8.0000000000000000e+00
   &QA [&Type "ArrayOfDoubles", &Dim (24,1)] "Mulliken gross atomic charge"
                                                         0

0                                      8.7436656319131778e-02
1                                     -2.7934986521584326e-02
2                                     -2.1521611202192759e-02
3                                     -5.2470516496219588e-02
4                                      7.1179555838639885e-02
5                                     -4.0900671058603066e-01
6                                     -4.1162724292834518e-01
7                                     -3.2177911387088542e-01
8                                      5.9004192213895301e-02
9                                     -6.9929388547068871e-02
10                                     2.6801674350569016e-02
11                                    -6.3870701635778682e-02
12                                    -1.1856688825719797e-01
13                                     7.6394243257660754e-02
14                                    -5.4220111874744514e-02
15                                    -3.5415774176331460e-02
16                                    -7.3101614032380136e-02
17                                     2.7861959567934136e-01
18                                    -3.6589813568432827e-03
19                                    -3.5032209787013180e-01
20                                     1.3748974164180405e-01
21                                     9.2513503067860547e-02
22                                    -4.1654795665082034e-01
23                                    -3.9946546636213931e-01
   &VA [&Type "ArrayOfDoubles", &Dim (24,1)] "Mayer's total valence"
                                                         0

0                                      3.8120784697164809e+00
1                                      1.0292057454563412e+00
2                                      1.0276398655673380e+00
3                                      4.0240413457705486e+00
4                                      4.4839358877151518e+00
5                                      2.0893602649628256e+00
6                                      2.0704634479665924e+00
7                                      2.1288626728836393e+00
8                                      3.9493817823130377e+00
9                                      9.8965648747431989e-01
10                                     3.9197676669133483e+00
11                                     1.0217034282922133e+00
12                                     3.7064787659442389e+00
13                                     3.9145619846038193e+00
14                                     1.0233580567463285e+00
15                                     3.8707811029744801e+00
16                                     9.8470713982753488e-01
17                                     3.8391586199499037e+00
18                                     1.0753037424255263e+00
19                                     2.0013616072917673e+00
20                                     1.0284706723517409e+00
21                                     4.5326128087992812e+00
22                                     2.0616430663037564e+00
23                                     2.0994810301026012e+00
   &BVA [&Type "ArrayOfDoubles", &Dim (24,1)] "Mayer's bonded valence"
                                                         0

0                                      3.8120784697164662e+00
1                                      1.0292057454563301e+00
2                                      1.0276398655673260e+00
3                                      4.0240413457705557e+00
4                                      4.4839358877150941e+00
5                                      2.0893602649629170e+00
6                                      2.0704634479665831e+00
7                                      2.1288626728836522e+00
8                                      3.9493817823130630e+00
9                                      9.8965648747432156e-01
10                                     3.9197676669133350e+00
11                                     1.0217034282922106e+00
12                                     3.7064787659442402e+00
13                                     3.9145619846038509e+00
14                                     1.0233580567463263e+00
15                                     3.8707811029744805e+00
16                                     9.8470713982753322e-01
17                                     3.8391586199499286e+00
18                                     1.0753037424255334e+00
19                                     2.0013616072918010e+00
20                                     1.0284706723517387e+00
21                                     4.5326128087992918e+00
22                                     2.0616430663037657e+00
23                                     2.0994810301025777e+00
   &FA [&Type "ArrayOfDoubles", &Dim (24,1)] "Mayer's free valence"
                                                         0

0                                      0.0000000000000000e+00
1                                      0.0000000000000000e+00
2                                      0.0000000000000000e+00
3                                      0.0000000000000000e+00
4                                      0.0000000000000000e+00
5                                      0.0000000000000000e+00
6                                      0.0000000000000000e+00
7                                      0.0000000000000000e+00
8                                      0.0000000000000000e+00
9                                      0.0000000000000000e+00
10                                     0.0000000000000000e+00
11                                     0.0000000000000000e+00
12                                     0.0000000000000000e+00
13                                     0.0000000000000000e+00
14                                     0.0000000000000000e+00
15                                     0.0000000000000000e+00
16                                     0.0000000000000000e+00
17                                     0.0000000000000000e+00
18                                     0.0000000000000000e+00
19                                     0.0000000000000000e+00
20                                     0.0000000000000000e+00
21                                     0.0000000000000000e+00
22                                     0.0000000000000000e+00
23                                     0.0000000000000000e+00
$End
$VdW_Correction
   &GeometryIndex 1
   &ListStatus       OUT
   &VDW [&Type "Double"]      -5.7006612350084133e-02
$End
$Calculation_Info
   &GeometryIndex 1
   &ListStatus       OUT
   &MULT [&Type "Integer"] 1
   &CHARGE [&Type "Integer"] -2
   &NUMOFATOMS [&Type "Integer"] 24
   &NUMOFELECTRONS [&Type "Integer"] 118
   &NUMOFFCELECTRONS [&Type "Integer"] 1
   &NUMOFCORRELECTRONS [&Type "Integer"] 0
   &NUMOFBASISFUNCTS [&Type "Integer"] 264
   &NUMOFAUXCBASISFUNCTS [&Type "Integer"] 0
   &NUMOFAUXJBASISFUNCTS [&Type "Integer"] 872
   &NUMOFAUXJKBASISFUNCTS [&Type "Integer"] 0
   &NUMOFCABSBASISFUNCTS [&Type "Integer"] 0
   &TOTALENERGY [&Type "Double"]      -8.3611686499975542e+02  "Hartrees"
$End
$SCF_Dipole_Moment
   &GeometryIndex 1
   &ListStatus       OUT
   &METHOD [&Type "String"] "SCF"
   &LEVEL [&Type "String"] "Relaxed density"
   &MULT [&Type "Integer"] 1
   &STATE [&Type "Integer"] -1
   &IRREP [&Type "Integer"] 0
   &NATOMS [&Type "Integer"] 24
   &DODIPOLEATOM [&Type "Boolean"] false
   &DIPOLEELECCONTRIB [&Type "ArrayOfDoubles", &Dim (3,1)] "Electronic contribution"
                                                         0

0                                      1.2620204668735064e+00
1                                     -1.8204413772702096e-02
2                                      1.3189214160861895e+00
   &DIPOLENUCCONTRIB [&Type "ArrayOfDoubles", &Dim (3,1)] "Nuclear contribution"
                                                         0

0                                     -3.2697450385169589e+00
1                                     -9.4126983744292758e-01
2                                     -3.1346122610055289e+00
   &DIPOLETOTAL [&Type "ArrayOfDoubles", &Dim (3,1)] "Total"
                                                         0

0                                     -2.0077245716434522e+00
1                                     -9.5947425121562968e-01
2                                     -1.8156908449193394e+00
   &DIPOLEMAGNITUDE [&Type "Double", &Units "a.u."]       2.8719822490138376e+00
$End
