*************************************************
******************* ORCA 6.0.1 ******************
*************************************************
$Calculation_Status
   &GeometryIndex 1
   &ListStatus       OUT
   &VERSION [&Type "String"] "6.0.1"
   &PROGNAME [&Type "String"] "LeanSCF"
   &STATUS [&Type "String"] "NORMAL TERMINATION"
$End
$Geometry
   &GeometryIndex 1
   &ListStatus       OUT
   &NATOMS [&Type "Integer"] 24
   &NCORELESSECP [&Type "Integer"] 0
   &NGHOSTATOMS [&Type "Integer"] 0
   &CartesianCoordinates [&Type "Coordinates", &Dim(24,4), &Units "Bohr"] 
              C     92.861142220890   45.835307378260  101.338453657661
              H     94.352136140554   44.435020313024  101.686163266303
              H     93.494200475754   47.721254059913  101.918599580775
              C     90.548117432971   45.058629937218  102.810550315986
              C     88.630045407041   47.082526626648  103.779979822687
              O     89.348141337931   49.346418535086  103.887694212321
              O     86.505993232513   46.277503293598  104.405479173015
              O     90.071906447223   42.838201729861  103.148811293958
              C     88.711303630799   42.889224335477   97.336013706016
              H     88.008325508981   40.986270118618   96.975076014437
              C     91.171727057165   43.297405180404   97.713958932800
              H     92.530440147454   41.745940024454   97.693171945327
              C     92.237532596696   45.835307378260   98.409378150083
              C     90.357255093445   47.921565030109   97.935056890469
              H     91.109366094745   49.837747329905   98.020094566495
              C     87.896831667079   47.511494459048   97.557111663685
              H     86.594810360807   49.104533589944   97.371918502560
              C     86.730870642450   44.926349107844   97.400264394569
              H     85.540343178079   44.654228544559   99.099128188964
              O     85.183184938768   44.750604577389   95.198733448551
              H     83.414401277418   44.281952496177   95.680613612701
              C     94.765986163883   46.326636173079   96.935391765625
              O     96.432724614001   44.627772378684   96.929722587223
              O     94.953069051141   48.426121907866   95.869586226093
$End
$SCF_Energy
   &GeometryIndex 1
   &ListStatus       OUT
   &SCF_ENERGY [&Type "Double"]      -8.3612002957948823e+02
$End
$DFT_Energy
   &GeometryIndex 1
   &ListStatus       OUT
   &NALPHAEL [&Type "Integer"] 59
   &NBETAEL [&Type "Integer"] 59
   &NTOTALEL [&Type "Integer"] 118
   &EEXCHANGE [&Type "Double"]      -8.3135645717618118e+01
   &ECORR [&Type "Double"]      -4.8452739371635474e+00
   &ECNL [&Type "Double"]       0.0000000000000000e+00
   &EXC [&Type "Double"]      -8.7980919654781673e+01
   &EEMBED [&Type "Double"]       0.0000000000000000e+00
   &FINALEN [&Type "Double"]      -8.3612002957948823e+02  "No Van der Waals correction"
$End
$Mulliken_Population_Analysis
   &GeometryIndex 1
   &ListStatus       OUT
   &NATOMS [&Type "Integer"] 24
   &ATNO [&Type "ArrayOfIntegers", &Dim (24,1)] 
                                                         0

0                                                        6
1                                                        1
2                                                        1
3                                                        6
4                                                        6
5                                                        8
6                                                        8
7                                                        8
8                                                        6
9                                                        1
10                                                       6
11                                                       1
12                                                       6
13                                                       6
14                                                       1
15                                                       6
16                                                       1
17                                                       6
18                                                       1
19                                                       8
20                                                       1
21                                                       6
22                                                       8
23                                                       8
   &ATOMICCHARGES [&Type "ArrayOfDoubles", &Dim (24,1)] 
                                                         0

0                                      2.3473156968823616e-01
1                                     -5.1524645489978482e-02
2                                     -3.0418482148193871e-02
3                                     -5.7463681693644020e-02
4                                      6.7792500916658227e-02
5                                     -4.1009344355364874e-01
6                                     -3.9999947704273353e-01
7                                     -2.4970804199409535e-01
8                                     -6.3185929091832627e-02
9                                     -9.7907092700126652e-02
10                                     6.8242416225715807e-02
11                                    -5.6190381842867287e-02
12                                    -2.3048212509615951e-01
13                                     1.0559964076119055e-01
14                                    -4.4841372364121224e-02
15                                    -6.8405243097325652e-02
16                                    -8.4171690296896085e-02
17                                     3.0396756931076752e-01
18                                    -5.4145542320267470e-03
19                                    -3.5580404006973687e-01
20                                     1.3601998676527394e-01
21                                     1.0423815153575422e-01
22                                    -4.2360064046421186e-01
23                                    -3.9138099402590143e-01
$End
$Loewdin_Population_Analysis
   &GeometryIndex 1
   &ListStatus       OUT
   &NATOMS [&Type "Integer"] 24
   &ATNO [&Type "ArrayOfIntegers", &Dim (24,1)] 
                                                         0

0                                                        6
1                                                        1
2                                                        1
3                                                        6
4                                                        6
5                                                        8
6                                                        8
7                                                        8
8                                                        6
9                                                        1
10                                                       6
11                                                       1
12                                                       6
13                                                       6
14                                                       1
15                                                       6
16                                                       1
17                                                       6
18                                                       1
19                                                       8
20                                                       1
21                                                       6
22                                                       8
23                                                       8
   &ATOMICCHARGES [&Type "ArrayOfDoubles", &Dim (24,1)] 
                                                         0

0                                     -3.1899718024478219e-02
1                                      7.5009896586556435e-03
2                                      1.5850597348799678e-02
3                                      3.2944163342548016e-02
4                                     -8.5129052741255151e-02
5                                     -3.7565257382890671e-01
6                                     -3.6427706686337658e-01
7                                     -1.8510776424004582e-01
8                                     -7.6374799396061732e-02
9                                     -9.9695693492605209e-03
10                                     8.3899415102752783e-03
11                                     8.9461107044342958e-03
12                                    -7.8850113230929608e-02
13                                     2.3648171421309705e-02
14                                     1.6168948936607141e-02
15                                    -7.8002797187374462e-02
16                                    -2.7930631712054232e-03
17                                     5.3647903067815861e-02
18                                     1.0315661336476545e-02
19                                    -1.8193145344331185e-01
20                                     6.8229804825258533e-02
21                                    -2.3240107069417704e-02
22                                    -3.8857428140196326e-01
23                                    -3.6383993220447053e-01
$End
$Mayer_Population_Analysis
   &GeometryIndex 1
   &ListStatus       OUT
   &NATOMS [&Type "Integer"] 24 "Total number of atoms"
   &BONDTHRESH [&Type "Double"]       1.0000000000000001e-01  "The threshold for printing"
   &NBONDORDERSPRINT [&Type "Integer"] 26 "The number of bond orders larger than threshold"
   &BONDORDERS [&Type "ArrayOfDoubles", &Dim (26,1)] "The bond orders"
                                                         0

0                                      8.8580543289777802e-01
1                                      9.0382217914149066e-01
2                                      9.6793748775719080e-01
3                                      9.9782987237821907e-01
4                                      7.9873106985849340e-01
5                                      2.0830445418906365e+00
6                                      1.8242153463918647e+00
7                                      1.8620977480850889e+00
8                                      1.3572381398438454e-01
9                                      9.5308170912307866e-01
10                                     1.8708632577366646e+00
11                                     9.7126379157600207e-01
12                                     9.6020182602916404e-01
13                                     9.8160179878696019e-01
14                                     9.8118609712691462e-01
15                                     7.6975428469779683e-01
16                                     9.5538310287898165e-01
17                                     1.8704882331066957e+00
18                                     9.5390643797419616e-01
19                                     9.8123180524233211e-01
20                                     8.6764551090302100e-01
21                                     9.7575985280577171e-01
22                                     9.7801214562170913e-01
23                                     1.8431824864887947e+00
24                                     1.9023324083107651e+00
25                                     1.1484349958921256e-01
   &COMPONENTS [&Type "ArrayOfIntegers", &Dim (26,4)] "The indices and atomic numbers of the bonding atoms"
                                                         0                           1                           2                           3

0                                                        0                           6                           1                           1
1                                                        0                           6                           2                           1
2                                                        0                           6                           3                           6
3                                                        0                           6                          12                           6
4                                                        3                           6                           4                           6
5                                                        3                           6                           7                           8
6                                                        4                           6                           5                           8
7                                                        4                           6                           6                           8
8                                                        5                           8                           6                           8
9                                                        8                           6                           9                           1
10                                                       8                           6                          10                           6
11                                                       8                           6                          17                           6
12                                                      10                           6                          11                           1
13                                                      10                           6                          12                           6
14                                                      12                           6                          13                           6
15                                                      12                           6                          21                           6
16                                                      13                           6                          14                           1
17                                                      13                           6                          15                           6
18                                                      15                           6                          16                           1
19                                                      15                           6                          17                           6
20                                                      17                           6                          18                           1
21                                                      17                           6                          19                           8
22                                                      19                           8                          20                           1
23                                                      21                           6                          22                           8
24                                                      21                           6                          23                           8
25                                                      22                           8                          23                           8
   &ATNO [&Type "ArrayOfIntegers", &Dim (24,1)] "Atomic number of the elements"
                                                         0

0                                                        6
1                                                        1
2                                                        1
3                                                        6
4                                                        6
5                                                        8
6                                                        8
7                                                        8
8                                                        6
9                                                        1
10                                                       6
11                                                       1
12                                                       6
13                                                       6
14                                                       1
15                                                       6
16                                                       1
17                                                       6
18                                                       1
19                                                       8
20                                                       1
21                                                       6
22                                                       8
23                                                       8
   &NA [&Type "ArrayOfDoubles", &Dim (24,1)] "Mulliken gross atomic population"
                                                         0

0                                      5.7652684303117612e+00
1                                      1.0515246454899787e+00
2                                      1.0304184821481934e+00
3                                      6.0574636816936476e+00
4                                      5.9322074990833435e+00
5                                      8.4100934435536523e+00
6                                      8.3999994770427371e+00
7                                      8.2497080419940936e+00
8                                      6.0631859290918309e+00
9                                      1.0979070927001267e+00
10                                     5.9317575837742780e+00
11                                     1.0561903818428671e+00
12                                     6.2304821250961613e+00
13                                     5.8944003592388068e+00
14                                     1.0448413723641214e+00
15                                     6.0684052430973274e+00
16                                     1.0841716902968961e+00
17                                     5.6960324306892316e+00
18                                     1.0054145542320267e+00
19                                     8.3558040400697386e+00
20                                     8.6398001323472606e-01
21                                     5.8957618484642458e+00
22                                     8.4236006404642136e+00
23                                     8.3913809940258979e+00
   &ZA [&Type "ArrayOfDoubles", &Dim (24,1)] "Total nuclear charge"
                                                         0

0                                      6.0000000000000000e+00
1                                      1.0000000000000000e+00
2                                      1.0000000000000000e+00
3                                      6.0000000000000000e+00
4                                      6.0000000000000000e+00
5                                      8.0000000000000000e+00
6                                      8.0000000000000000e+00
7                                      8.0000000000000000e+00
8                                      6.0000000000000000e+00
9                                      1.0000000000000000e+00
10                                     6.0000000000000000e+00
11                                     1.0000000000000000e+00
12                                     6.0000000000000000e+00
13                                     6.0000000000000000e+00
14                                     1.0000000000000000e+00
15                                     6.0000000000000000e+00
16                                     1.0000000000000000e+00
17                                     6.0000000000000000e+00
18                                     1.0000000000000000e+00
19                                     8.0000000000000000e+00
20                                     1.0000000000000000e+00
21                                     6.0000000000000000e+00
22                                     8.0000000000000000e+00
23                                     8.0000000000000000e+00
   &QA [&Type "ArrayOfDoubles", &Dim (24,1)] "Mulliken gross atomic charge"
                                                         0

0                                      2.3473156968823883e-01
1                                     -5.1524645489978704e-02
2                                     -3.0418482148193426e-02
3                                     -5.7463681693647573e-02
4                                      6.7792500916656451e-02
5                                     -4.1009344355365229e-01
6                                     -3.9999947704273708e-01
7                                     -2.4970804199409358e-01
8                                     -6.3185929091830850e-02
9                                     -9.7907092700126652e-02
10                                     6.8242416225722025e-02
11                                    -5.6190381842867065e-02
12                                    -2.3048212509616128e-01
13                                     1.0559964076119321e-01
14                                    -4.4841372364121446e-02
15                                    -6.8405243097327428e-02
16                                    -8.4171690296896085e-02
17                                     3.0396756931076840e-01
18                                    -5.4145542320267470e-03
19                                    -3.5580404006973865e-01
20                                     1.3601998676527394e-01
21                                     1.0423815153575422e-01
22                                    -4.2360064046421364e-01
23                                    -3.9138099402589788e-01
   &VA [&Type "ArrayOfDoubles", &Dim (24,1)] "Mayer's total valence"
                                                         0

0                                      3.7501391907913280e+00
1                                      1.0316844707848847e+00
2                                      1.0316650990458489e+00
3                                      3.9720465066573576e+00
4                                      4.4894084820487610e+00
5                                      2.0748088504149265e+00
6                                      2.0803030946360530e+00
7                                      2.2032328838478938e+00
8                                      3.9144705603174490e+00
9                                      9.8007852833246834e-01
10                                     3.9103775208180975e+00
11                                     1.0271055775633682e+00
12                                     3.7156824079036905e+00
13                                     3.9375619070685373e+00
14                                     1.0311661027842227e+00
15                                     3.9211537496200473e+00
16                                     9.8402579423378300e-01
17                                     3.8022870357633534e+00
18                                     1.0139352667252399e+00
19                                     1.9915710904024007e+00
20                                     1.0262597036244436e+00
21                                     4.5388686457809193e+00
22                                     2.0592163748079315e+00
23                                     2.1080132507826628e+00
   &BVA [&Type "ArrayOfDoubles", &Dim (24,1)] "Mayer's bonded valence"
                                                         0

0                                      3.7501391907913768e+00
1                                      1.0316844707848964e+00
2                                      1.0316650990458565e+00
3                                      3.9720465066573891e+00
4                                      4.4894084820488001e+00
5                                      2.0748088504149251e+00
6                                      2.0803030946360188e+00
7                                      2.2032328838479067e+00
8                                      3.9144705603174215e+00
9                                      9.8007852833245623e-01
10                                     3.9103775208181117e+00
11                                     1.0271055775633717e+00
12                                     3.7156824079037225e+00
13                                     3.9375619070684849e+00
14                                     1.0311661027842136e+00
15                                     3.9211537496199305e+00
16                                     9.8402579423375858e-01
17                                     3.8022870357633010e+00
18                                     1.0139352667252230e+00
19                                     1.9915710904023776e+00
20                                     1.0262597036244336e+00
21                                     4.5388686457809060e+00
22                                     2.0592163748079244e+00
23                                     2.1080132507826743e+00
   &FA [&Type "ArrayOfDoubles", &Dim (24,1)] "Mayer's free valence"
                                                         0

0                                      0.0000000000000000e+00
1                                      0.0000000000000000e+00
2                                      0.0000000000000000e+00
3                                      0.0000000000000000e+00
4                                      0.0000000000000000e+00
5                                      0.0000000000000000e+00
6                                      0.0000000000000000e+00
7                                      0.0000000000000000e+00
8                                      0.0000000000000000e+00
9                                      0.0000000000000000e+00
10                                     0.0000000000000000e+00
11                                     0.0000000000000000e+00
12                                     0.0000000000000000e+00
13                                     0.0000000000000000e+00
14                                     0.0000000000000000e+00
15                                     0.0000000000000000e+00
16                                     0.0000000000000000e+00
17                                     0.0000000000000000e+00
18                                     0.0000000000000000e+00
19                                     0.0000000000000000e+00
20                                     0.0000000000000000e+00
21                                     0.0000000000000000e+00
22                                     0.0000000000000000e+00
23                                     0.0000000000000000e+00
$End
$VdW_Correction
   &GeometryIndex 1
   &ListStatus       OUT
   &VDW [&Type "Double"]      -5.4195434885044982e-02
$End
$Calculation_Info
   &GeometryIndex 1
   &ListStatus       OUT
   &MULT [&Type "Integer"] 1
   &CHARGE [&Type "Integer"] -2
   &NUMOFATOMS [&Type "Integer"] 24
   &NUMOFELECTRONS [&Type "Integer"] 118
   &NUMOFFCELECTRONS [&Type "Integer"] 1
   &NUMOFCORRELECTRONS [&Type "Integer"] 0
   &NUMOFBASISFUNCTS [&Type "Integer"] 264
   &NUMOFAUXCBASISFUNCTS [&Type "Integer"] 0
   &NUMOFAUXJBASISFUNCTS [&Type "Integer"] 872
   &NUMOFAUXJKBASISFUNCTS [&Type "Integer"] 0
   &NUMOFCABSBASISFUNCTS [&Type "Integer"] 0
   &TOTALENERGY [&Type "Double"]      -8.3617422501437329e+02  "Hartrees"
$End
$SCF_Dipole_Moment
   &GeometryIndex 1
   &ListStatus       OUT
   &METHOD [&Type "String"] "SCF"
   &LEVEL [&Type "String"] "Relaxed density"
   &MULT [&Type "Integer"] 1
   &STATE [&Type "Integer"] -1
   &IRREP [&Type "Integer"] 0
   &NATOMS [&Type "Integer"] 24
   &DODIPOLEATOM [&Type "Boolean"] false
   &DIPOLEELECCONTRIB [&Type "ArrayOfDoubles", &Dim (3,1)] "Electronic contribution"
                                                         0

0                                      2.0328969645475898e+00
1                                      5.7799787701022454e-01
2                                      2.5975930449918452e+00
   &DIPOLENUCCONTRIB [&Type "ArrayOfDoubles", &Dim (3,1)] "Nuclear contribution"
                                                         0

0                                     -3.9090528099130779e+00
1                                     -1.8639236941903974e+00
2                                     -3.4803548709500944e+00
   &DIPOLETOTAL [&Type "ArrayOfDoubles", &Dim (3,1)] "Total"
                                                         0

0                                     -1.8761558453654881e+00
1                                     -1.2859258171801728e+00
2                                     -8.8276182595824926e-01
   &DIPOLEMAGNITUDE [&Type "Double", &Units "a.u."]       2.4398431106853424e+00
$End
