*************************************************
******************* ORCA 6.0.1 ******************
*************************************************
$Calculation_Status
   &GeometryIndex 1
   &ListStatus       OUT
   &VERSION [&Type "String"] "6.0.1"
   &PROGNAME [&Type "String"] "LeanSCF"
   &STATUS [&Type "String"] "NORMAL TERMINATION"
$End
$Geometry
   &GeometryIndex 1
   &ListStatus       OUT
   &NATOMS [&Type "Integer"] 24
   &NCORELESSECP [&Type "Integer"] 0
   &NGHOSTATOMS [&Type "Integer"] 0
   &CartesianCoordinates [&Type "Coordinates", &Dim(24,4), &Units "Bohr"] 
              C     80.413516176751   28.969501633013  115.656908574382
              H     81.624830628595   27.346226883974  115.273294169196
              H     81.139171012177   30.526635967364  116.790744254735
              C     78.060807140019   29.116900271459  114.742281125564
              C     76.361943345624   31.363784644691  115.324316774812
              O     77.403182445414   33.327210097835  116.170914082809
              O     74.031911022499   31.165363400629  114.967158535501
              O     77.047913932237   27.183710436457  113.306089263784
              C     77.543022179325   27.244181672743  110.564096643465
              H     76.518790614739   25.586891853294  109.836552081905
              C     80.336037405260   26.996627549199  110.129459632663
              H     81.227988140471   25.159813747028  110.441264444760
              C     81.776008719308   29.046980404504  109.649469194647
              C     80.574142898134   31.531970270610  109.356561643889
              H     81.836479955594   33.145796388979  109.177037661166
              C     78.055137961617   31.828657273636  109.390576714299
              H     77.234996819495   33.724052585959  109.311208216675
              C     76.286354300267   29.600670161742  109.401915071103
              H     74.642292563756   30.008851006669  110.609450070679
              O     75.483220693350   29.075326296512  106.894248491390
              H     73.714437032000   29.744289347921  106.710945056399
              C     84.659730799672   28.956273550075  109.628682207174
              O     85.772779492552   27.077885772958  110.577324726402
              O     85.750102778945   30.874345576005  108.751849281034
$End
$SCF_Energy
   &GeometryIndex 1
   &ListStatus       OUT
   &SCF_ENERGY [&Type "Double"]      -8.3609152039382411e+02
$End
$DFT_Energy
   &GeometryIndex 1
   &ListStatus       OUT
   &NALPHAEL [&Type "Integer"] 59
   &NBETAEL [&Type "Integer"] 59
   &NTOTALEL [&Type "Integer"] 118
   &EEXCHANGE [&Type "Double"]      -8.3126515739678723e+01
   &ECORR [&Type "Double"]      -4.8459107873152449e+00
   &ECNL [&Type "Double"]       0.0000000000000000e+00
   &EXC [&Type "Double"]      -8.7972426526993971e+01
   &EEMBED [&Type "Double"]       0.0000000000000000e+00
   &FINALEN [&Type "Double"]      -8.3609152039382411e+02  "No Van der Waals correction"
$End
$Mulliken_Population_Analysis
   &GeometryIndex 1
   &ListStatus       OUT
   &NATOMS [&Type "Integer"] 24
   &ATNO [&Type "ArrayOfIntegers", &Dim (24,1)] 
                                                         0

0                                                        6
1                                                        1
2                                                        1
3                                                        6
4                                                        6
5                                                        8
6                                                        8
7                                                        8
8                                                        6
9                                                        1
10                                                       6
11                                                       1
12                                                       6
13                                                       6
14                                                       1
15                                                       6
16                                                       1
17                                                       6
18                                                       1
19                                                       8
20                                                       1
21                                                       6
22                                                       8
23                                                       8
   &ATOMICCHARGES [&Type "ArrayOfDoubles", &Dim (24,1)] 
                                                         0

0                                      8.9178579624622500e-03
1                                     -2.3576211418532056e-02
2                                     -3.1254398218306445e-02
3                                      8.5265545971475731e-03
4                                      8.1737451675427231e-02
5                                     -4.1224062820350049e-01
6                                     -4.1480756473609581e-01
7                                     -3.7420437708245124e-01
8                                      2.6383916188106582e-01
9                                     -7.7853239102131377e-02
10                                    -8.5641136918351179e-02
11                                    -6.4502112594089223e-02
12                                    -1.3211332440633328e-02
13                                     4.4673793226970737e-02
14                                    -5.7910891379190810e-02
15                                    -1.6624698540626426e-02
16                                    -6.6682319151281533e-02
17                                     1.8898853768533552e-01
18                                    -1.1332574926151917e-02
19                                    -3.3540521492839481e-01
20                                     1.4552348851496133e-01
21                                     6.9802226168504511e-02
22                                    -4.1492554077080079e-01
23                                    -4.1183683130137716e-01
$End
$Loewdin_Population_Analysis
   &GeometryIndex 1
   &ListStatus       OUT
   &NATOMS [&Type "Integer"] 24
   &ATNO [&Type "ArrayOfIntegers", &Dim (24,1)] 
                                                         0

0                                                        6
1                                                        1
2                                                        1
3                                                        6
4                                                        6
5                                                        8
6                                                        8
7                                                        8
8                                                        6
9                                                        1
10                                                       6
11                                                       1
12                                                       6
13                                                       6
14                                                       1
15                                                       6
16                                                       1
17                                                       6
18                                                       1
19                                                       8
20                                                       1
21                                                       6
22                                                       8
23                                                       8
   &ATOMICCHARGES [&Type "ArrayOfDoubles", &Dim (24,1)] 
                                                         0

0                                     -9.6281926695481523e-02
1                                      5.1867305781736484e-03
2                                      9.5727049086464788e-03
3                                     -7.5492906236114266e-03
4                                     -6.3378968101075017e-02
5                                     -3.8238882919997863e-01
6                                     -3.8158312047140974e-01
7                                     -1.5894357493326083e-01
8                                      8.4238789684171422e-02
9                                     -2.4278988113135558e-03
10                                    -5.1720154005415075e-02
11                                     2.2313149761578055e-03
12                                    -5.3810884302505357e-02
13                                    -6.6674903624708293e-03
14                                     1.2068195177593388e-02
15                                    -5.6224849550108758e-02
16                                     8.9989935680978572e-04
17                                     4.0607097757412447e-02
18                                     8.7829296805260748e-03
19                                    -1.7053791794349493e-01
20                                     7.7235390641056334e-02
21                                    -4.3813044389620082e-02
22                                    -3.8725878825054139e-01
23                                    -3.7823631512031852e-01
$End
$Mayer_Population_Analysis
   &GeometryIndex 1
   &ListStatus       OUT
   &NATOMS [&Type "Integer"] 24 "Total number of atoms"
   &BONDTHRESH [&Type "Double"]       1.0000000000000001e-01  "The threshold for printing"
   &NBONDORDERSPRINT [&Type "Integer"] 27 "The number of bond orders larger than threshold"
   &BONDORDERS [&Type "ArrayOfDoubles", &Dim (27,1)] "The bond orders"
                                                         0

0                                      9.1182266592987493e-01
1                                      9.0701153492479425e-01
2                                      1.9689672090936712e+00
3                                      8.3361669682447848e-01
4                                      1.0390424673025764e+00
5                                      1.8778716318017890e+00
6                                      1.7899306478044039e+00
7                                      1.1627904798212091e-01
8                                      1.1187747101986308e-01
9                                      9.4932887562183144e-01
10                                     8.9181315481365908e-01
11                                     9.8256793074163362e-01
12                                     9.7664024207145705e-01
13                                     9.4253816513392930e-01
14                                     1.7666845614511959e+00
15                                     1.1032110033529092e+00
16                                     8.3362735671761024e-01
17                                     9.6269293798534061e-01
18                                     1.7660977218226317e+00
19                                     9.5408445322495750e-01
20                                     9.6332509828280677e-01
21                                     8.9297970226889178e-01
22                                     1.0214278665719698e+00
23                                     9.8064651262452074e-01
24                                     1.8795681434881484e+00
25                                     1.8468081434938193e+00
26                                     1.2323202380723727e-01
   &COMPONENTS [&Type "ArrayOfIntegers", &Dim (27,4)] "The indices and atomic numbers of the bonding atoms"
                                                         0                           1                           2                           3

0                                                        0                           6                           1                           1
1                                                        0                           6                           2                           1
2                                                        0                           6                           3                           6
3                                                        3                           6                           4                           6
4                                                        3                           6                           7                           8
5                                                        4                           6                           5                           8
6                                                        4                           6                           6                           8
7                                                        5                           8                           6                           8
8                                                        6                           8                          18                           1
9                                                        7                           8                           8                           6
10                                                       8                           6                           9                           1
11                                                       8                           6                          10                           6
12                                                       8                           6                          17                           6
13                                                      10                           6                          11                           1
14                                                      10                           6                          12                           6
15                                                      12                           6                          13                           6
16                                                      12                           6                          21                           6
17                                                      13                           6                          14                           1
18                                                      13                           6                          15                           6
19                                                      15                           6                          16                           1
20                                                      15                           6                          17                           6
21                                                      17                           6                          18                           1
22                                                      17                           6                          19                           8
23                                                      19                           8                          20                           1
24                                                      21                           6                          22                           8
25                                                      21                           6                          23                           8
26                                                      22                           8                          23                           8
   &ATNO [&Type "ArrayOfIntegers", &Dim (24,1)] "Atomic number of the elements"
                                                         0

0                                                        6
1                                                        1
2                                                        1
3                                                        6
4                                                        6
5                                                        8
6                                                        8
7                                                        8
8                                                        6
9                                                        1
10                                                       6
11                                                       1
12                                                       6
13                                                       6
14                                                       1
15                                                       6
16                                                       1
17                                                       6
18                                                       1
19                                                       8
20                                                       1
21                                                       6
22                                                       8
23                                                       8
   &NA [&Type "ArrayOfDoubles", &Dim (24,1)] "Mulliken gross atomic population"
                                                         0

0                                      5.9910821420375369e+00
1                                      1.0235762114185325e+00
2                                      1.0312543982183062e+00
3                                      5.9914734454028542e+00
4                                      5.9182625483245737e+00
5                                      8.4122406282034987e+00
6                                      8.4148075647360958e+00
7                                      8.3742043770824512e+00
8                                      5.7361608381189360e+00
9                                      1.0778532391021314e+00
10                                     6.0856411369183512e+00
11                                     1.0645021125940892e+00
12                                     6.0132113324406324e+00
13                                     5.9553262067730266e+00
14                                     1.0579108913791908e+00
15                                     6.0166246985406220e+00
16                                     1.0666823191512811e+00
17                                     5.8110114623146618e+00
18                                     1.0113325749261515e+00
19                                     8.3354052149283930e+00
20                                     8.5447651148503878e-01
21                                     5.9301977738314955e+00
22                                     8.4149255407708026e+00
23                                     8.4118368313013736e+00
   &ZA [&Type "ArrayOfDoubles", &Dim (24,1)] "Total nuclear charge"
                                                         0

0                                      6.0000000000000000e+00
1                                      1.0000000000000000e+00
2                                      1.0000000000000000e+00
3                                      6.0000000000000000e+00
4                                      6.0000000000000000e+00
5                                      8.0000000000000000e+00
6                                      8.0000000000000000e+00
7                                      8.0000000000000000e+00
8                                      6.0000000000000000e+00
9                                      1.0000000000000000e+00
10                                     6.0000000000000000e+00
11                                     1.0000000000000000e+00
12                                     6.0000000000000000e+00
13                                     6.0000000000000000e+00
14                                     1.0000000000000000e+00
15                                     6.0000000000000000e+00
16                                     1.0000000000000000e+00
17                                     6.0000000000000000e+00
18                                     1.0000000000000000e+00
19                                     8.0000000000000000e+00
20                                     1.0000000000000000e+00
21                                     6.0000000000000000e+00
22                                     8.0000000000000000e+00
23                                     8.0000000000000000e+00
   &QA [&Type "ArrayOfDoubles", &Dim (24,1)] "Mulliken gross atomic charge"
                                                         0

0                                      8.9178579624631382e-03
1                                     -2.3576211418532500e-02
2                                     -3.1254398218306223e-02
3                                      8.5265545971457968e-03
4                                      8.1737451675426342e-02
5                                     -4.1224062820349872e-01
6                                     -4.1480756473609581e-01
7                                     -3.7420437708245124e-01
8                                      2.6383916188106404e-01
9                                     -7.7853239102131377e-02
10                                    -8.5641136918351179e-02
11                                    -6.4502112594089223e-02
12                                    -1.3211332440632439e-02
13                                     4.4673793226973402e-02
14                                    -5.7910891379190810e-02
15                                    -1.6624698540621985e-02
16                                    -6.6682319151281089e-02
17                                     1.8898853768533819e-01
18                                    -1.1332574926151473e-02
19                                    -3.3540521492839304e-01
20                                     1.4552348851496122e-01
21                                     6.9802226168504511e-02
22                                    -4.1492554077080257e-01
23                                    -4.1183683130137361e-01
   &VA [&Type "ArrayOfDoubles", &Dim (24,1)] "Mayer's total valence"
                                                         0

0                                      3.8875961991597645e+00
1                                      9.9928541657959347e-01
2                                      1.0219903184575452e+00
3                                      3.9470168937072212e+00
4                                      4.5037467003018232e+00
5                                      2.0817120656701955e+00
6                                      2.0532612040083476e+00
7                                      2.0890902851718312e+00
8                                      3.8511230124922395e+00
9                                      9.9660363482217540e-01
10                                     3.8745191662865626e+00
11                                     1.0251358782669207e+00
12                                     3.7176455024040460e+00
13                                     3.9274457897139254e+00
14                                     1.0337287162909630e+00
15                                     3.8085938886365742e+00
16                                     9.8119704161937882e-01
17                                     3.8906124469286598e+00
18                                     1.0803384428137861e+00
19                                     2.0265108220337158e+00
20                                     1.0212326223831070e+00
21                                     4.5501724739649401e+00
22                                     2.0757954548075661e+00
23                                     2.0741805681875287e+00
   &BVA [&Type "ArrayOfDoubles", &Dim (24,1)] "Mayer's bonded valence"
                                                         0

0                                      3.8875961991597983e+00
1                                      9.9928541657958381e-01
2                                      1.0219903184575432e+00
3                                      3.9470168937072181e+00
4                                      4.5037467003018499e+00
5                                      2.0817120656701658e+00
6                                      2.0532612040083489e+00
7                                      2.0890902851718760e+00
8                                      3.8511230124922373e+00
9                                      9.9660363482216774e-01
10                                     3.8745191662865923e+00
11                                     1.0251358782669218e+00
12                                     3.7176455024040824e+00
13                                     3.9274457897138952e+00
14                                     1.0337287162909581e+00
15                                     3.8085938886365587e+00
16                                     9.8119704161937416e-01
17                                     3.8906124469286225e+00
18                                     1.0803384428137779e+00
19                                     2.0265108220337176e+00
20                                     1.0212326223831056e+00
21                                     4.5501724739649685e+00
22                                     2.0757954548075652e+00
23                                     2.0741805681875647e+00
   &FA [&Type "ArrayOfDoubles", &Dim (24,1)] "Mayer's free valence"
                                                         0

0                                      0.0000000000000000e+00
1                                      0.0000000000000000e+00
2                                      0.0000000000000000e+00
3                                      0.0000000000000000e+00
4                                      0.0000000000000000e+00
5                                      0.0000000000000000e+00
6                                      0.0000000000000000e+00
7                                      0.0000000000000000e+00
8                                      0.0000000000000000e+00
9                                      0.0000000000000000e+00
10                                     0.0000000000000000e+00
11                                     0.0000000000000000e+00
12                                     0.0000000000000000e+00
13                                     0.0000000000000000e+00
14                                     0.0000000000000000e+00
15                                     0.0000000000000000e+00
16                                     0.0000000000000000e+00
17                                     0.0000000000000000e+00
18                                     0.0000000000000000e+00
19                                     0.0000000000000000e+00
20                                     0.0000000000000000e+00
21                                     0.0000000000000000e+00
22                                     0.0000000000000000e+00
23                                     0.0000000000000000e+00
$End
$VdW_Correction
   &GeometryIndex 1
   &ListStatus       OUT
   &VDW [&Type "Double"]      -5.2761110503834842e-02
$End
$Calculation_Info
   &GeometryIndex 1
   &ListStatus       OUT
   &MULT [&Type "Integer"] 1
   &CHARGE [&Type "Integer"] -2
   &NUMOFATOMS [&Type "Integer"] 24
   &NUMOFELECTRONS [&Type "Integer"] 118
   &NUMOFFCELECTRONS [&Type "Integer"] 1
   &NUMOFCORRELECTRONS [&Type "Integer"] 0
   &NUMOFBASISFUNCTS [&Type "Integer"] 264
   &NUMOFAUXCBASISFUNCTS [&Type "Integer"] 0
   &NUMOFAUXJBASISFUNCTS [&Type "Integer"] 872
   &NUMOFAUXJKBASISFUNCTS [&Type "Integer"] 0
   &NUMOFCABSBASISFUNCTS [&Type "Integer"] 0
   &TOTALENERGY [&Type "Double"]      -8.3614428150432798e+02  "Hartrees"
$End
$SCF_Dipole_Moment
   &GeometryIndex 1
   &ListStatus       OUT
   &METHOD [&Type "String"] "SCF"
   &LEVEL [&Type "String"] "Relaxed density"
   &MULT [&Type "Integer"] 1
   &STATE [&Type "Integer"] -1
   &IRREP [&Type "Integer"] 0
   &NATOMS [&Type "Integer"] 24
   &DODIPOLEATOM [&Type "Boolean"] false
   &DIPOLEELECCONTRIB [&Type "ArrayOfDoubles", &Dim (3,1)] "Electronic contribution"
                                                         0

0                                      7.9923009600089090e-01
1                                     -3.4245207421270590e-01
2                                      3.3226810124074613e-01
   &DIPOLENUCCONTRIB [&Type "ArrayOfDoubles", &Dim (3,1)] "Nuclear contribution"
                                                         0

0                                     -3.2338404306048005e+00
1                                     -7.6353591688202371e-01
2                                     -2.0579505039140287e+00
   &DIPOLETOTAL [&Type "ArrayOfDoubles", &Dim (3,1)] "Total"
                                                         0

0                                     -2.4346103346039096e+00
1                                     -1.1059879910947297e+00
2                                     -1.7256824026732827e+00
   &DIPOLEMAGNITUDE [&Type "Double", &Units "a.u."]       3.1825330591687733e+00
$End
