*************************************************
******************* ORCA 6.0.1 ******************
*************************************************
$Calculation_Status
   &GeometryIndex 1
   &ListStatus       OUT
   &VERSION [&Type "String"] "6.0.1"
   &PROGNAME [&Type "String"] "LeanSCF"
   &STATUS [&Type "String"] "NORMAL TERMINATION"
$End
$Geometry
   &GeometryIndex 1
   &ListStatus       OUT
   &NATOMS [&Type "Integer"] 24
   &NCORELESSECP [&Type "Integer"] 0
   &NGHOSTATOMS [&Type "Integer"] 0
   &CartesianCoordinates [&Type "Coordinates", &Dim(24,4), &Units "Bohr"] 
              C     80.604378516277   38.034517897433  106.038202552723
              H     81.900730644147   36.447147944939  106.378353256829
              H     81.352710065310   39.771176214507  106.898027943657
              C     78.051358509349   37.348547310820  107.113456722924
              C     76.216434433312   39.398900166124  108.145247192045
              O     77.155628321871   41.400120141947  108.999403404578
              O     73.912858276062   38.856548765689  108.124460204572
              O     77.329483126192   35.171582804542  107.087000557049
              C     76.719101584935   36.050305456816  101.266644064572
              H     75.881952907608   34.321206044278  100.522091967807
              C     79.164407202229   36.139122585110  101.895922867168
              H     80.392729189278   34.496950574732  101.674824909499
              C     80.385170284742   38.425691207155  103.073222248601
              C     78.786461975445   40.744385173476  102.674490034343
              H     79.716207233334   42.552853083639  102.997633203244
              C     76.324148822945   40.648009140646  102.126469455506
              H     75.205430951664   42.382777731586  102.113241372569
              C     74.923861757710   38.244277498298  101.525536544919
              H     73.601053463965   37.851214462443  103.095898962208
              O     73.542471953813   38.539074775190   99.237078196741
              H     71.673532807365   38.374668601539   99.507309033891
              C     83.161177975473   38.724267936314  102.086785206694
              O     84.508552708958   36.768401387706  102.103792741899
              O     83.866045823425   40.865327646047  101.376248180339
$End
$SCF_Energy
   &GeometryIndex 1
   &ListStatus       OUT
   &SCF_ENERGY [&Type "Double"]      -8.3612061969915453e+02
$End
$DFT_Energy
   &GeometryIndex 1
   &ListStatus       OUT
   &NALPHAEL [&Type "Integer"] 59
   &NBETAEL [&Type "Integer"] 59
   &NTOTALEL [&Type "Integer"] 118
   &EEXCHANGE [&Type "Double"]      -8.3134784783616752e+01
   &ECORR [&Type "Double"]      -4.8456491565353730e+00
   &ECNL [&Type "Double"]       0.0000000000000000e+00
   &EXC [&Type "Double"]      -8.7980433940152125e+01
   &EEMBED [&Type "Double"]       0.0000000000000000e+00
   &FINALEN [&Type "Double"]      -8.3612061969915453e+02  "No Van der Waals correction"
$End
$Mulliken_Population_Analysis
   &GeometryIndex 1
   &ListStatus       OUT
   &NATOMS [&Type "Integer"] 24
   &ATNO [&Type "ArrayOfIntegers", &Dim (24,1)] 
                                                         0

0                                                        6
1                                                        1
2                                                        1
3                                                        6
4                                                        6
5                                                        8
6                                                        8
7                                                        8
8                                                        6
9                                                        1
10                                                       6
11                                                       1
12                                                       6
13                                                       6
14                                                       1
15                                                       6
16                                                       1
17                                                       6
18                                                       1
19                                                       8
20                                                       1
21                                                       6
22                                                       8
23                                                       8
   &ATOMICCHARGES [&Type "ArrayOfDoubles", &Dim (24,1)] 
                                                         0

0                                      2.3465703162043461e-01
1                                     -4.7331518868475975e-02
2                                     -2.8994645276778641e-02
3                                     -5.1500285705888160e-02
4                                      7.9054401609927716e-02
5                                     -4.0955666856764061e-01
6                                     -4.0763611828384150e-01
7                                     -2.5275184786195659e-01
8                                     -6.1223914302030558e-02
9                                     -9.6481762897611789e-02
10                                     6.1521963277948899e-02
11                                    -5.3456698824449367e-02
12                                    -2.2058687992338921e-01
13                                     7.7532219463284591e-02
14                                    -4.8217597922706634e-02
15                                    -6.0690819689222408e-02
16                                    -8.1144159237629410e-02
17                                     3.0734696296030961e-01
18                                    -1.9687728390487269e-03
19                                    -3.5901751281126160e-01
20                                     1.3923414859568140e-01
21                                     9.7311321634573567e-02
22                                    -4.2289793293994116e-01
23                                    -3.9320091321035022e-01
$End
$Loewdin_Population_Analysis
   &GeometryIndex 1
   &ListStatus       OUT
   &NATOMS [&Type "Integer"] 24
   &ATNO [&Type "ArrayOfIntegers", &Dim (24,1)] 
                                                         0

0                                                        6
1                                                        1
2                                                        1
3                                                        6
4                                                        6
5                                                        8
6                                                        8
7                                                        8
8                                                        6
9                                                        1
10                                                       6
11                                                       1
12                                                       6
13                                                       6
14                                                       1
15                                                       6
16                                                       1
17                                                       6
18                                                       1
19                                                       8
20                                                       1
21                                                       6
22                                                       8
23                                                       8
   &ATOMICCHARGES [&Type "ArrayOfDoubles", &Dim (24,1)] 
                                                         0

0                                     -2.9965858734004591e-02
1                                      9.7463436377078771e-03
2                                      1.6336910163257556e-02
3                                      3.3332682339892727e-02
4                                     -8.1603903405031986e-02
5                                     -3.7178682801608431e-01
6                                     -3.6977276756981858e-01
7                                     -1.8488946226960579e-01
8                                     -7.3887232454722174e-02
9                                     -9.7347301168557721e-03
10                                     5.4367504677061973e-03
11                                     8.8370585599130136e-03
12                                    -7.8759564589638842e-02
13                                     1.2992484897746515e-02
14                                     1.3366819735718627e-02
15                                    -6.9998514436677262e-02
16                                    -1.9071502873180268e-03
17                                     5.2050045177594484e-02
18                                     1.1352124849997813e-02
19                                    -1.8181113443176322e-01
20                                     7.0950117305978999e-02
21                                    -2.5492554585164307e-02
22                                    -3.8571561059031190e-01
23                                    -3.6907602564854791e-01
$End
$Mayer_Population_Analysis
   &GeometryIndex 1
   &ListStatus       OUT
   &NATOMS [&Type "Integer"] 24 "Total number of atoms"
   &BONDTHRESH [&Type "Double"]       1.0000000000000001e-01  "The threshold for printing"
   &NBONDORDERSPRINT [&Type "Integer"] 26 "The number of bond orders larger than threshold"
   &BONDORDERS [&Type "ArrayOfDoubles", &Dim (26,1)] "The bond orders"
                                                         0

0                                      8.8419162923883354e-01
1                                      9.0702463268006950e-01
2                                      9.7051080567854575e-01
3                                      9.9949140861729391e-01
4                                      8.0548363412545221e-01
5                                      2.0766251340046917e+00
6                                      1.8358842551572430e+00
7                                      1.8333421430126453e+00
8                                      1.3148001154953132e-01
9                                      9.5365735971583976e-01
10                                     1.8637210679045184e+00
11                                     9.7184818223765368e-01
12                                     9.6010285422548547e-01
13                                     9.8336555890548305e-01
14                                     9.7301918018837685e-01
15                                     7.7570088842886786e-01
16                                     9.5703381356911410e-01
17                                     1.8783700036596143e+00
18                                     9.5280111038829662e-01
19                                     9.7969446616735101e-01
20                                     8.5993515166037304e-01
21                                     9.7836045629971391e-01
22                                     9.7475729386305265e-01
23                                     1.8268338062759684e+00
24                                     1.9151765322012242e+00
25                                     1.1473607227299562e-01
   &COMPONENTS [&Type "ArrayOfIntegers", &Dim (26,4)] "The indices and atomic numbers of the bonding atoms"
                                                         0                           1                           2                           3

0                                                        0                           6                           1                           1
1                                                        0                           6                           2                           1
2                                                        0                           6                           3                           6
3                                                        0                           6                          12                           6
4                                                        3                           6                           4                           6
5                                                        3                           6                           7                           8
6                                                        4                           6                           5                           8
7                                                        4                           6                           6                           8
8                                                        5                           8                           6                           8
9                                                        8                           6                           9                           1
10                                                       8                           6                          10                           6
11                                                       8                           6                          17                           6
12                                                      10                           6                          11                           1
13                                                      10                           6                          12                           6
14                                                      12                           6                          13                           6
15                                                      12                           6                          21                           6
16                                                      13                           6                          14                           1
17                                                      13                           6                          15                           6
18                                                      15                           6                          16                           1
19                                                      15                           6                          17                           6
20                                                      17                           6                          18                           1
21                                                      17                           6                          19                           8
22                                                      19                           8                          20                           1
23                                                      21                           6                          22                           8
24                                                      21                           6                          23                           8
25                                                      22                           8                          23                           8
   &ATNO [&Type "ArrayOfIntegers", &Dim (24,1)] "Atomic number of the elements"
                                                         0

0                                                        6
1                                                        1
2                                                        1
3                                                        6
4                                                        6
5                                                        8
6                                                        8
7                                                        8
8                                                        6
9                                                        1
10                                                       6
11                                                       1
12                                                       6
13                                                       6
14                                                       1
15                                                       6
16                                                       1
17                                                       6
18                                                       1
19                                                       8
20                                                       1
21                                                       6
22                                                       8
23                                                       8
   &NA [&Type "ArrayOfDoubles", &Dim (24,1)] "Mulliken gross atomic population"
                                                         0

0                                      5.7653429683795636e+00
1                                      1.0473315188684758e+00
2                                      1.0289946452767784e+00
3                                      6.0515002857058855e+00
4                                      5.9209455983900758e+00
5                                      8.4095566685676406e+00
6                                      8.4076361182838415e+00
7                                      8.2527518478619637e+00
8                                      6.0612239143020297e+00
9                                      1.0964817628976125e+00
10                                     5.9384780367220484e+00
11                                     1.0534566988244496e+00
12                                     6.2205868799233821e+00
13                                     5.9224677805367136e+00
14                                     1.0482175979227069e+00
15                                     6.0606908196892189e+00
16                                     1.0811441592376303e+00
17                                     5.6926530370396868e+00
18                                     1.0019687728390489e+00
19                                     8.3590175128112616e+00
20                                     8.6076585140431872e-01
21                                     5.9026886783654282e+00
22                                     8.4228979329399394e+00
23                                     8.3932009132103467e+00
   &ZA [&Type "ArrayOfDoubles", &Dim (24,1)] "Total nuclear charge"
                                                         0

0                                      6.0000000000000000e+00
1                                      1.0000000000000000e+00
2                                      1.0000000000000000e+00
3                                      6.0000000000000000e+00
4                                      6.0000000000000000e+00
5                                      8.0000000000000000e+00
6                                      8.0000000000000000e+00
7                                      8.0000000000000000e+00
8                                      6.0000000000000000e+00
9                                      1.0000000000000000e+00
10                                     6.0000000000000000e+00
11                                     1.0000000000000000e+00
12                                     6.0000000000000000e+00
13                                     6.0000000000000000e+00
14                                     1.0000000000000000e+00
15                                     6.0000000000000000e+00
16                                     1.0000000000000000e+00
17                                     6.0000000000000000e+00
18                                     1.0000000000000000e+00
19                                     8.0000000000000000e+00
20                                     1.0000000000000000e+00
21                                     6.0000000000000000e+00
22                                     8.0000000000000000e+00
23                                     8.0000000000000000e+00
   &QA [&Type "ArrayOfDoubles", &Dim (24,1)] "Mulliken gross atomic charge"
                                                         0

0                                      2.3465703162043638e-01
1                                     -4.7331518868475753e-02
2                                     -2.8994645276778419e-02
3                                     -5.1500285705885496e-02
4                                      7.9054401609924163e-02
5                                     -4.0955666856764061e-01
6                                     -4.0763611828384150e-01
7                                     -2.5275184786196370e-01
8                                     -6.1223914302029669e-02
9                                     -9.6481762897612455e-02
10                                     6.1521963277951563e-02
11                                    -5.3456698824449589e-02
12                                    -2.2058687992338211e-01
13                                     7.7532219463286367e-02
14                                    -4.8217597922706856e-02
15                                    -6.0690819689218856e-02
16                                    -8.1144159237630298e-02
17                                     3.0734696296031316e-01
18                                    -1.9687728390489490e-03
19                                    -3.5901751281126160e-01
20                                     1.3923414859568128e-01
21                                     9.7311321634571790e-02
22                                    -4.2289793293993938e-01
23                                    -3.9320091321034667e-01
   &VA [&Type "ArrayOfDoubles", &Dim (24,1)] "Mayer's total valence"
                                                         0

0                                      3.7554685092780296e+00
1                                      1.0375066212306994e+00
2                                      1.0292334957302052e+00
3                                      3.9776169057553599e+00
4                                      4.4795093554012908e+00
5                                      2.0743390492534264e+00
6                                      2.0734918025285811e+00
7                                      2.1988569133648221e+00
8                                      3.9021067239556455e+00
9                                      9.8133772105309836e-01
10                                     3.9027505473536248e+00
11                                     1.0342809952358702e+00
12                                     3.7157806121550472e+00
13                                     3.9230948792712019e+00
14                                     1.0282343606994031e+00
15                                     3.9290632877551497e+00
16                                     9.8495324589185596e-01
17                                     3.7930319292788153e+00
18                                     1.0396725667320896e+00
19                                     1.9919475190851239e+00
20                                     1.0233188595860905e+00
21                                     4.5444734074681161e+00
22                                     2.0560372408517145e+00
23                                     2.1078472033555107e+00
   &BVA [&Type "ArrayOfDoubles", &Dim (24,1)] "Mayer's bonded valence"
                                                         0

0                                      3.7554685092780327e+00
1                                      1.0375066212306989e+00
2                                      1.0292334957302107e+00
3                                      3.9776169057553994e+00
4                                      4.4795093554013139e+00
5                                      2.0743390492534335e+00
6                                      2.0734918025285616e+00
7                                      2.1988569133648355e+00
8                                      3.9021067239556100e+00
9                                      9.8133772105310135e-01
10                                     3.9027505473535777e+00
11                                     1.0342809952358618e+00
12                                     3.7157806121550720e+00
13                                     3.9230948792711886e+00
14                                     1.0282343606993924e+00
15                                     3.9290632877551919e+00
16                                     9.8495324589186961e-01
17                                     3.7930319292788415e+00
18                                     1.0396725667320965e+00
19                                     1.9919475190851266e+00
20                                     1.0233188595860883e+00
21                                     4.5444734074681143e+00
22                                     2.0560372408517207e+00
23                                     2.1078472033555542e+00
   &FA [&Type "ArrayOfDoubles", &Dim (24,1)] "Mayer's free valence"
                                                         0

0                                      0.0000000000000000e+00
1                                      0.0000000000000000e+00
2                                      0.0000000000000000e+00
3                                      0.0000000000000000e+00
4                                      0.0000000000000000e+00
5                                      0.0000000000000000e+00
6                                      0.0000000000000000e+00
7                                      0.0000000000000000e+00
8                                      0.0000000000000000e+00
9                                      0.0000000000000000e+00
10                                     0.0000000000000000e+00
11                                     0.0000000000000000e+00
12                                     0.0000000000000000e+00
13                                     0.0000000000000000e+00
14                                     0.0000000000000000e+00
15                                     0.0000000000000000e+00
16                                     0.0000000000000000e+00
17                                     0.0000000000000000e+00
18                                     0.0000000000000000e+00
19                                     0.0000000000000000e+00
20                                     0.0000000000000000e+00
21                                     0.0000000000000000e+00
22                                     0.0000000000000000e+00
23                                     0.0000000000000000e+00
$End
$VdW_Correction
   &GeometryIndex 1
   &ListStatus       OUT
   &VDW [&Type "Double"]      -5.4421066696395792e-02
$End
$Calculation_Info
   &GeometryIndex 1
   &ListStatus       OUT
   &MULT [&Type "Integer"] 1
   &CHARGE [&Type "Integer"] -2
   &NUMOFATOMS [&Type "Integer"] 24
   &NUMOFELECTRONS [&Type "Integer"] 118
   &NUMOFFCELECTRONS [&Type "Integer"] 1
   &NUMOFCORRELECTRONS [&Type "Integer"] 0
   &NUMOFBASISFUNCTS [&Type "Integer"] 264
   &NUMOFAUXCBASISFUNCTS [&Type "Integer"] 0
   &NUMOFAUXJBASISFUNCTS [&Type "Integer"] 872
   &NUMOFAUXJKBASISFUNCTS [&Type "Integer"] 0
   &NUMOFCABSBASISFUNCTS [&Type "Integer"] 0
   &TOTALENERGY [&Type "Double"]      -8.3617504076585089e+02  "Hartrees"
$End
$SCF_Dipole_Moment
   &GeometryIndex 1
   &ListStatus       OUT
   &METHOD [&Type "String"] "SCF"
   &LEVEL [&Type "String"] "Relaxed density"
   &MULT [&Type "Integer"] 1
   &STATE [&Type "Integer"] -1
   &IRREP [&Type "Integer"] 0
   &NATOMS [&Type "Integer"] 24
   &DODIPOLEATOM [&Type "Boolean"] false
   &DIPOLEELECCONTRIB [&Type "ArrayOfDoubles", &Dim (3,1)] "Electronic contribution"
                                                         0

0                                      1.6806698599458061e+00
1                                     -6.8216409878168238e-02
2                                      2.8635655907102184e+00
   &DIPOLENUCCONTRIB [&Type "ArrayOfDoubles", &Dim (3,1)] "Nuclear contribution"
                                                         0

0                                     -3.6250394685485219e+00
1                                     -7.6232729738450189e-01
2                                     -4.1598345271539046e+00
   &DIPOLETOTAL [&Type "ArrayOfDoubles", &Dim (3,1)] "Total"
                                                         0

0                                     -1.9443696086027158e+00
1                                     -8.3054370726267013e-01
2                                     -1.2962689364436861e+00
   &DIPOLEMAGNITUDE [&Type "Double", &Units "a.u."]       2.4800583017583162e+00
$End
