*************************************************
******************* ORCA 6.0.1 ******************
*************************************************
$Calculation_Status
   &GeometryIndex 1
   &ListStatus       OUT
   &VERSION [&Type "String"] "6.0.1"
   &PROGNAME [&Type "String"] "LeanSCF"
   &STATUS [&Type "String"] "NORMAL TERMINATION"
$End
$Geometry
   &GeometryIndex 1
   &ListStatus       OUT
   &NATOMS [&Type "Integer"] 24
   &NCORELESSECP [&Type "Integer"] 0
   &NGHOSTATOMS [&Type "Integer"] 0
   &CartesianCoordinates [&Type "Coordinates", &Dim(24,4), &Units "Bohr"] 
              C     80.465874210539   37.906421808155  106.758159845883
              H     81.723482354811   36.357881281437  106.263904883148
              H     81.282805237130   39.639439154127  107.515713970444
              C     77.874050123927   37.479748569601  106.929233057090
              C     76.074132898162   39.477095191455  108.035176282292
              O     77.009850460597   41.467966641251  108.943299940008
              O     73.753508051506   38.972113276385  108.020818916796
              O     76.864214307335   35.523432629729  105.948978665229
              C     76.603621165116   35.977821946159  102.014700134320
              H     75.690783505061   34.149218514547  101.749530704695
              C     79.196343148608   36.204175353224  101.707588593198
              H     80.399191960719   34.545605084296  101.485078371921
              C     80.362938591379   38.511803862146  102.222807136561
              C     78.802162742109   40.799564124567  102.319867454808
              H     79.797660451726   42.586614320532  102.547336099103
              C     76.270082115805   40.689867848493  102.210279999420
              H     75.139103114276   42.405633974000  102.397531395903
              C     74.864727115517   38.246587692262  101.831030398727
              H     73.415242525381   38.077948029708  103.310869317557
              O     73.727098390265   38.219027767048   99.384323004581
              H     71.834461111192   38.145592382455   99.514621074264
              C     83.214615033297   38.750642266649  101.858553261391
              O     84.532942813228   36.780699157235  102.037534401791
              O     84.027773179248   40.910647633514  101.329397649592
$End
$SCF_Energy
   &GeometryIndex 1
   &ListStatus       OUT
   &SCF_ENERGY [&Type "Double"]      -8.3605836503204557e+02
$End
$DFT_Energy
   &GeometryIndex 1
   &ListStatus       OUT
   &NALPHAEL [&Type "Integer"] 59
   &NBETAEL [&Type "Integer"] 59
   &NTOTALEL [&Type "Integer"] 118
   &EEXCHANGE [&Type "Double"]      -8.3089633726772831e+01
   &ECORR [&Type "Double"]      -4.8438799399662589e+00
   &ECNL [&Type "Double"]       0.0000000000000000e+00
   &EXC [&Type "Double"]      -8.7933513666739088e+01
   &EEMBED [&Type "Double"]       0.0000000000000000e+00
   &FINALEN [&Type "Double"]      -8.3605836503204557e+02  "No Van der Waals correction"
$End
$Mulliken_Population_Analysis
   &GeometryIndex 1
   &ListStatus       OUT
   &NATOMS [&Type "Integer"] 24
   &ATNO [&Type "ArrayOfIntegers", &Dim (24,1)] 
                                                         0

0                                                        6
1                                                        1
2                                                        1
3                                                        6
4                                                        6
5                                                        8
6                                                        8
7                                                        8
8                                                        6
9                                                        1
10                                                       6
11                                                       1
12                                                       6
13                                                       6
14                                                       1
15                                                       6
16                                                       1
17                                                       6
18                                                       1
19                                                       8
20                                                       1
21                                                       6
22                                                       8
23                                                       8
   &ATOMICCHARGES [&Type "ArrayOfDoubles", &Dim (24,1)] 
                                                         0

0                                      8.3451319971310056e-02
1                                     -2.5251171049749610e-02
2                                     -1.7819748945338221e-02
3                                     -4.4973598493989186e-02
4                                      7.0712749488190951e-02
5                                     -4.1184059517795824e-01
6                                     -4.1919598448322226e-01
7                                     -3.1806909905225744e-01
8                                      7.7310166396090452e-02
9                                     -7.4212104674596713e-02
10                                     2.4794702474464358e-02
11                                    -6.3738994883340450e-02
12                                    -1.3775616315916750e-01
13                                     7.5898289327938073e-02
14                                    -5.2985300381317213e-02
15                                    -2.4722655416796968e-02
16                                    -7.0682626562043049e-02
17                                     2.6840645053875178e-01
18                                    -7.5469593240258259e-03
19                                    -3.4852261838115162e-01
20                                     1.3532520808346571e-01
21                                     9.7606684625503704e-02
22                                    -4.1796031556713409e-01
23                                    -3.9822763535351413e-01
$End
$Loewdin_Population_Analysis
   &GeometryIndex 1
   &ListStatus       OUT
   &NATOMS [&Type "Integer"] 24
   &ATNO [&Type "ArrayOfIntegers", &Dim (24,1)] 
                                                         0

0                                                        6
1                                                        1
2                                                        1
3                                                        6
4                                                        6
5                                                        8
6                                                        8
7                                                        8
8                                                        6
9                                                        1
10                                                       6
11                                                       1
12                                                       6
13                                                       6
14                                                       1
15                                                       6
16                                                       1
17                                                       6
18                                                       1
19                                                       8
20                                                       1
21                                                       6
22                                                       8
23                                                       8
   &ATOMICCHARGES [&Type "ArrayOfDoubles", &Dim (24,1)] 
                                                         0

0                                     -4.9886502788051068e-02
1                                      7.0110499515813052e-03
2                                      1.0279535948509833e-02
3                                     -3.5309024797489208e-02
4                                     -6.9974678957298586e-02
5                                     -3.8272162411362665e-01
6                                     -3.8464854684996119e-01
7                                     -1.9799235577328567e-01
8                                      5.1483792540299333e-02
9                                     -1.9681975606560265e-03
10                                    -5.9516047031682895e-02
11                                     5.8575100855674522e-03
12                                    -1.1164150495199365e-02
13                                    -2.5139858316887143e-03
14                                     1.4794301215107497e-02
15                                    -5.5309955994599314e-02
16                                     1.3062555826451883e-03
17                                     4.9750365691603626e-02
18                                     1.2628172820272732e-02
19                                    -1.7866838152533759e-01
20                                     6.8767218708486233e-02
21                                    -4.0920496910514359e-02
22                                    -3.8443362977854179e-01
23                                    -3.6685062413603475e-01
$End
$Mayer_Population_Analysis
   &GeometryIndex 1
   &ListStatus       OUT
   &NATOMS [&Type "Integer"] 24 "Total number of atoms"
   &BONDTHRESH [&Type "Double"]       1.0000000000000001e-01  "The threshold for printing"
   &NBONDORDERSPRINT [&Type "Integer"] 28 "The number of bond orders larger than threshold"
   &BONDORDERS [&Type "ArrayOfDoubles", &Dim (28,1)] "The bond orders"
                                                         0

0                                      8.9982710485025086e-01
1                                      9.2330976272639398e-01
2                                      1.4482702911848249e+00
3                                      1.1519119750290649e-01
4                                      3.4504089982707409e-01
5                                      8.1482861982241361e-01
6                                      1.6024572478316463e+00
7                                      1.8697890263909309e+00
8                                      1.8140522623840825e+00
9                                      1.2398529359648337e-01
10                                     3.2887511284065313e-01
11                                     9.3802605366844860e-01
12                                     1.4356768932959694e+00
13                                     9.9529492329568592e-01
14                                     9.4751202353430897e-01
15                                     1.3802070106674609e+00
16                                     1.0611300104964356e+00
17                                     8.2755300363426565e-01
18                                     9.6931906684549185e-01
19                                     1.7732476696366599e+00
20                                     9.5261445454909455e-01
21                                     9.7774558806892253e-01
22                                     8.7418865739899099e-01
23                                     9.9022693129203432e-01
24                                     9.7365966482844835e-01
25                                     1.8284402437103102e+00
26                                     1.8841878341350167e+00
27                                     1.2033510955729300e-01
   &COMPONENTS [&Type "ArrayOfIntegers", &Dim (28,4)] "The indices and atomic numbers of the bonding atoms"
                                                         0                           1                           2                           3

0                                                        0                           6                           1                           1
1                                                        0                           6                           2                           1
2                                                        0                           6                           3                           6
3                                                        0                           6                           8                           6
4                                                        0                           6                          12                           6
5                                                        3                           6                           4                           6
6                                                        3                           6                           7                           8
7                                                        4                           6                           5                           8
8                                                        4                           6                           6                           8
9                                                        5                           8                           6                           8
10                                                       7                           8                           8                           6
11                                                       8                           6                           9                           1
12                                                       8                           6                          10                           6
13                                                       8                           6                          17                           6
14                                                      10                           6                          11                           1
15                                                      10                           6                          12                           6
16                                                      12                           6                          13                           6
17                                                      12                           6                          21                           6
18                                                      13                           6                          14                           1
19                                                      13                           6                          15                           6
20                                                      15                           6                          16                           1
21                                                      15                           6                          17                           6
22                                                      17                           6                          18                           1
23                                                      17                           6                          19                           8
24                                                      19                           8                          20                           1
25                                                      21                           6                          22                           8
26                                                      21                           6                          23                           8
27                                                      22                           8                          23                           8
   &ATNO [&Type "ArrayOfIntegers", &Dim (24,1)] "Atomic number of the elements"
                                                         0

0                                                        6
1                                                        1
2                                                        1
3                                                        6
4                                                        6
5                                                        8
6                                                        8
7                                                        8
8                                                        6
9                                                        1
10                                                       6
11                                                       1
12                                                       6
13                                                       6
14                                                       1
15                                                       6
16                                                       1
17                                                       6
18                                                       1
19                                                       8
20                                                       1
21                                                       6
22                                                       8
23                                                       8
   &NA [&Type "ArrayOfDoubles", &Dim (24,1)] "Mulliken gross atomic population"
                                                         0

0                                      5.9165486800286864e+00
1                                      1.0252511710497492e+00
2                                      1.0178197489453378e+00
3                                      6.0449735984939812e+00
4                                      5.9292872505117957e+00
5                                      8.4118405951779192e+00
6                                      8.4191959844832382e+00
7                                      8.3180690990522681e+00
8                                      5.9226898336039007e+00
9                                      1.0742121046745969e+00
10                                     5.9752052975255285e+00
11                                     1.0637389948833413e+00
12                                     6.1377561631591426e+00
13                                     5.9241017106720548e+00
14                                     1.0529853003813148e+00
15                                     6.0247226554167792e+00
16                                     1.0706826265620446e+00
17                                     5.7315935494612571e+00
18                                     1.0075469593240272e+00
19                                     8.3485226183811481e+00
20                                     8.6467479191653351e-01
21                                     5.9023933153744901e+00
22                                     8.4179603155671359e+00
23                                     8.3982276353535230e+00
   &ZA [&Type "ArrayOfDoubles", &Dim (24,1)] "Total nuclear charge"
                                                         0

0                                      6.0000000000000000e+00
1                                      1.0000000000000000e+00
2                                      1.0000000000000000e+00
3                                      6.0000000000000000e+00
4                                      6.0000000000000000e+00
5                                      8.0000000000000000e+00
6                                      8.0000000000000000e+00
7                                      8.0000000000000000e+00
8                                      6.0000000000000000e+00
9                                      1.0000000000000000e+00
10                                     6.0000000000000000e+00
11                                     1.0000000000000000e+00
12                                     6.0000000000000000e+00
13                                     6.0000000000000000e+00
14                                     1.0000000000000000e+00
15                                     6.0000000000000000e+00
16                                     1.0000000000000000e+00
17                                     6.0000000000000000e+00
18                                     1.0000000000000000e+00
19                                     8.0000000000000000e+00
20                                     1.0000000000000000e+00
21                                     6.0000000000000000e+00
22                                     8.0000000000000000e+00
23                                     8.0000000000000000e+00
   &QA [&Type "ArrayOfDoubles", &Dim (24,1)] "Mulliken gross atomic charge"
                                                         0

0                                      8.3451319971313609e-02
1                                     -2.5251171049749166e-02
2                                     -1.7819748945337777e-02
3                                     -4.4973598493981193e-02
4                                      7.0712749488204274e-02
5                                     -4.1184059517791916e-01
6                                     -4.1919598448323825e-01
7                                     -3.1806909905226810e-01
8                                      7.7310166396099333e-02
9                                     -7.4212104674596935e-02
10                                     2.4794702474471464e-02
11                                    -6.3738994883341338e-02
12                                    -1.3775616315914263e-01
13                                     7.5898289327945179e-02
14                                    -5.2985300381314770e-02
15                                    -2.4722655416779205e-02
16                                    -7.0682626562044604e-02
17                                     2.6840645053874290e-01
18                                    -7.5469593240271582e-03
19                                    -3.4852261838114806e-01
20                                     1.3532520808346649e-01
21                                     9.7606684625509921e-02
22                                    -4.1796031556713586e-01
23                                    -3.9822763535352301e-01
   &VA [&Type "ArrayOfDoubles", &Dim (24,1)] "Mayer's total valence"
                                                         0

0                                      3.8131356725299730e+00
1                                      1.0304611046258407e+00
2                                      1.0226986708743195e+00
3                                      4.0123162636237737e+00
4                                      4.4930126590252453e+00
5                                      2.0885749786316397e+00
6                                      2.0597722030828289e+00
7                                      2.1322040686194166e+00
8                                      3.9167560464652165e+00
9                                      9.8866354760641906e-01
10                                     3.9036647289901327e+00
11                                     1.0319525853791180e+00
12                                     3.7244827719346367e+00
13                                     3.9112929001147108e+00
14                                     1.0291841074832870e+00
15                                     3.8571961698400523e+00
16                                     9.8431446476518814e-01
17                                     3.8675199486822849e+00
18                                     1.0620126033860942e+00
19                                     1.9985010543803758e+00
20                                     1.0289323503752108e+00
21                                     4.5352517147373348e+00
22                                     2.0672881583190117e+00
23                                     2.1048196781150783e+00
   &BVA [&Type "ArrayOfDoubles", &Dim (24,1)] "Mayer's bonded valence"
                                                         0

0                                      3.8131356725299894e+00
1                                      1.0304611046258523e+00
2                                      1.0226986708743293e+00
3                                      4.0123162636237781e+00
4                                      4.4930126590252604e+00
5                                      2.0885749786317436e+00
6                                      2.0597722030828192e+00
7                                      2.1322040686193864e+00
8                                      3.9167560464652302e+00
9                                      9.8866354760641972e-01
10                                     3.9036647289901261e+00
11                                     1.0319525853791165e+00
12                                     3.7244827719346754e+00
13                                     3.9112929001146863e+00
14                                     1.0291841074832873e+00
15                                     3.8571961698400044e+00
16                                     9.8431446476517614e-01
17                                     3.8675199486822622e+00
18                                     1.0620126033860964e+00
19                                     1.9985010543803392e+00
20                                     1.0289323503752070e+00
21                                     4.5352517147373188e+00
22                                     2.0672881583190477e+00
23                                     2.1048196781150557e+00
   &FA [&Type "ArrayOfDoubles", &Dim (24,1)] "Mayer's free valence"
                                                         0

0                                      0.0000000000000000e+00
1                                      0.0000000000000000e+00
2                                      0.0000000000000000e+00
3                                      0.0000000000000000e+00
4                                      0.0000000000000000e+00
5                                      0.0000000000000000e+00
6                                      0.0000000000000000e+00
7                                      0.0000000000000000e+00
8                                      0.0000000000000000e+00
9                                      0.0000000000000000e+00
10                                     0.0000000000000000e+00
11                                     0.0000000000000000e+00
12                                     0.0000000000000000e+00
13                                     0.0000000000000000e+00
14                                     0.0000000000000000e+00
15                                     0.0000000000000000e+00
16                                     0.0000000000000000e+00
17                                     0.0000000000000000e+00
18                                     0.0000000000000000e+00
19                                     0.0000000000000000e+00
20                                     0.0000000000000000e+00
21                                     0.0000000000000000e+00
22                                     0.0000000000000000e+00
23                                     0.0000000000000000e+00
$End
$VdW_Correction
   &GeometryIndex 1
   &ListStatus       OUT
   &VDW [&Type "Double"]      -5.7065562272067237e-02
$End
$Calculation_Info
   &GeometryIndex 1
   &ListStatus       OUT
   &MULT [&Type "Integer"] 1
   &CHARGE [&Type "Integer"] -2
   &NUMOFATOMS [&Type "Integer"] 24
   &NUMOFELECTRONS [&Type "Integer"] 118
   &NUMOFFCELECTRONS [&Type "Integer"] 1
   &NUMOFCORRELECTRONS [&Type "Integer"] 0
   &NUMOFBASISFUNCTS [&Type "Integer"] 264
   &NUMOFAUXCBASISFUNCTS [&Type "Integer"] 0
   &NUMOFAUXJBASISFUNCTS [&Type "Integer"] 872
   &NUMOFAUXJKBASISFUNCTS [&Type "Integer"] 0
   &NUMOFCABSBASISFUNCTS [&Type "Integer"] 0
   &TOTALENERGY [&Type "Double"]      -8.3611543059431767e+02  "Hartrees"
$End
$SCF_Dipole_Moment
   &GeometryIndex 1
   &ListStatus       OUT
   &METHOD [&Type "String"] "SCF"
   &LEVEL [&Type "String"] "Relaxed density"
   &MULT [&Type "Integer"] 1
   &STATE [&Type "Integer"] -1
   &IRREP [&Type "Integer"] 0
   &NATOMS [&Type "Integer"] 24
   &DODIPOLEATOM [&Type "Boolean"] false
   &DIPOLEELECCONTRIB [&Type "ArrayOfDoubles", &Dim (3,1)] "Electronic contribution"
                                                         0

0                                      1.4038499470350889e+00
1                                     -3.0284677832602417e-02
2                                      1.2744460364151158e+00
   &DIPOLENUCCONTRIB [&Type "ArrayOfDoubles", &Dim (3,1)] "Nuclear contribution"
                                                         0

0                                     -3.5939020559540609e+00
1                                     -1.0387249183340970e+00
2                                     -3.0305952019847240e+00
   &DIPOLETOTAL [&Type "ArrayOfDoubles", &Dim (3,1)] "Total"
                                                         0

0                                     -2.1900521089189722e+00
1                                     -1.0690095961666994e+00
2                                     -1.7561491655696082e+00
   &DIPOLEMAGNITUDE [&Type "Double", &Units "a.u."]       3.0038591258925176e+00
$End
