*************************************************
******************* ORCA 6.0.1 ******************
*************************************************
$Calculation_Status
   &GeometryIndex 1
   &ListStatus       OUT
   &VERSION [&Type "String"] "6.0.1"
   &PROGNAME [&Type "String"] "LeanSCF"
   &STATUS [&Type "String"] "NORMAL TERMINATION"
$End
$Geometry
   &GeometryIndex 1
   &ListStatus       OUT
   &NATOMS [&Type "Integer"] 24
   &NCORELESSECP [&Type "Integer"] 0
   &NGHOSTATOMS [&Type "Integer"] 0
   &CartesianCoordinates [&Type "Coordinates", &Dim(24,4), &Units "Bohr"] 
              C     90.827796900791   52.712020779599  107.461166331566
              H     92.462410006633   51.782275521710  106.624017654239
              H     91.105586642477   54.161440724317  108.899247919480
              C     88.454300876586   52.145102939423  106.790313554024
              C     86.205526777220   53.435785888891  108.045091706948
              O     86.628825431218   55.391652437500  109.330105478014
              O     84.058797889085   52.472025560591  107.746514977788
              O     87.938405642025   50.293171328180  105.023419618807
              C     87.966751534034   50.962134379588  102.309772890497
              H     87.594475485652   49.146107564890  101.370579001938
              C     90.532999623899   51.971248135102  101.669155731097
              H     92.139266837732   50.693793268571  101.438609142759
              C     90.997872252844   54.475135262548  101.727737241249
              C     88.885158435120   56.257147006836  101.971511912525
              H     89.376487229940   58.250808078123  102.152925621381
              C     86.464419257567   55.478579839660  101.965842734123
              H     84.931851362957   56.858079917423  102.105682468033
              C     85.725536339204   52.742256397742  101.703170801508
              H     84.285565025156   52.303839934672  103.145031841690
              O     84.744768475699   52.307619386940   99.242747375142
              H     83.144170440267   51.289057000757   99.350461764776
              C     93.686952541414   55.520153814606  101.791987929802
              O     95.536994426523   54.021600990407  101.710729706044
              O     93.883484059342   57.855855316133  102.047100957882
$End
$SCF_Energy
   &GeometryIndex 1
   &ListStatus       OUT
   &SCF_ENERGY [&Type "Double"]      -8.3609044967958880e+02
$End
$DFT_Energy
   &GeometryIndex 1
   &ListStatus       OUT
   &NALPHAEL [&Type "Integer"] 59
   &NBETAEL [&Type "Integer"] 59
   &NTOTALEL [&Type "Integer"] 118
   &EEXCHANGE [&Type "Double"]      -8.3119593435949440e+01
   &ECORR [&Type "Double"]      -4.8454347648632874e+00
   &ECNL [&Type "Double"]       0.0000000000000000e+00
   &EXC [&Type "Double"]      -8.7965028200812725e+01
   &EEMBED [&Type "Double"]       0.0000000000000000e+00
   &FINALEN [&Type "Double"]      -8.3609044967958880e+02  "No Van der Waals correction"
$End
$Mulliken_Population_Analysis
   &GeometryIndex 1
   &ListStatus       OUT
   &NATOMS [&Type "Integer"] 24
   &ATNO [&Type "ArrayOfIntegers", &Dim (24,1)] 
                                                         0

0                                                        6
1                                                        1
2                                                        1
3                                                        6
4                                                        6
5                                                        8
6                                                        8
7                                                        8
8                                                        6
9                                                        1
10                                                       6
11                                                       1
12                                                       6
13                                                       6
14                                                       1
15                                                       6
16                                                       1
17                                                       6
18                                                       1
19                                                       8
20                                                       1
21                                                       6
22                                                       8
23                                                       8
   &ATOMICCHARGES [&Type "ArrayOfDoubles", &Dim (24,1)] 
                                                         0

0                                      1.4096643109413165e-02
1                                     -2.6839003076854606e-02
2                                     -2.7539139595561091e-02
3                                      7.1626558902933013e-03
4                                      8.5760361910671712e-02
5                                     -4.1107025460774160e-01
6                                     -4.2003949256403139e-01
7                                     -3.7593680305588784e-01
8                                      2.6615915314574146e-01
9                                     -9.0867986970526671e-02
10                                    -8.3043167443209498e-02
11                                    -6.3920678613111903e-02
12                                    -3.8412946616272592e-02
13                                     5.1187631804250344e-02
14                                    -5.5500880989153734e-02
15                                    -2.2603397939986003e-02
16                                    -6.9943950575503733e-02
17                                     2.0432675553469259e-01
18                                    -8.6185230909838761e-03
19                                    -3.4023094013448407e-01
20                                     1.4553981574933839e-01
21                                     7.1436897578495362e-02
22                                    -4.1881028070580051e-01
23                                    -3.9229246874387513e-01
$End
$Loewdin_Population_Analysis
   &GeometryIndex 1
   &ListStatus       OUT
   &NATOMS [&Type "Integer"] 24
   &ATNO [&Type "ArrayOfIntegers", &Dim (24,1)] 
                                                         0

0                                                        6
1                                                        1
2                                                        1
3                                                        6
4                                                        6
5                                                        8
6                                                        8
7                                                        8
8                                                        6
9                                                        1
10                                                       6
11                                                       1
12                                                       6
13                                                       6
14                                                       1
15                                                       6
16                                                       1
17                                                       6
18                                                       1
19                                                       8
20                                                       1
21                                                       6
22                                                       8
23                                                       8
   &ATOMICCHARGES [&Type "ArrayOfDoubles", &Dim (24,1)] 
                                                         0

0                                     -9.4235274448545958e-02
1                                      4.0240507207304210e-03
2                                      1.1415274750793181e-02
3                                     -8.2537994141667070e-03
4                                     -5.9864020227857750e-02
5                                     -3.8210559847770043e-01
6                                     -3.8485891078240897e-01
7                                     -1.6070710065633342e-01
8                                      8.1178945725445928e-02
9                                     -6.5104124333841273e-03
10                                    -5.1651427391791849e-02
11                                     1.8066820268726191e-03
12                                    -5.6378520005575083e-02
13                                    -4.2714551774460929e-03
14                                     1.3424436125585859e-02
15                                    -5.5143075608007130e-02
16                                    -4.3450396077404640e-04
17                                     4.2182503634886181e-02
18                                     1.1627431031116076e-02
19                                    -1.7378486554048855e-01
20                                     7.5607307474760077e-02
21                                    -4.5926115746817153e-02
22                                    -3.9329545318483383e-01
23                                    -3.6384609843414673e-01
$End
$Mayer_Population_Analysis
   &GeometryIndex 1
   &ListStatus       OUT
   &NATOMS [&Type "Integer"] 24 "Total number of atoms"
   &BONDTHRESH [&Type "Double"]       1.0000000000000001e-01  "The threshold for printing"
   &NBONDORDERSPRINT [&Type "Integer"] 27 "The number of bond orders larger than threshold"
   &BONDORDERS [&Type "ArrayOfDoubles", &Dim (27,1)] "The bond orders"
                                                         0

0                                      9.1511747271977095e-01
1                                      9.0467051816615374e-01
2                                      1.9601024898132340e+00
3                                      8.3411652498833255e-01
4                                      1.0364234363741882e+00
5                                      1.8806334174366461e+00
6                                      1.7842218316865077e+00
7                                      1.1974276810135404e-01
8                                      1.1103687386363159e-01
9                                      9.4478803565495606e-01
10                                     8.9004163736376485e-01
11                                     9.7607512337049329e-01
12                                     9.5747811925273241e-01
13                                     9.3035786568407475e-01
14                                     1.7804785027811674e+00
15                                     1.0947896455091268e+00
16                                     8.2803989916198539e-01
17                                     9.6134546625666895e-01
18                                     1.7703635060224787e+00
19                                     9.5354779117001642e-01
20                                     9.6757544918828897e-01
21                                     8.8608123120128068e-01
22                                     1.0270415099955916e+00
23                                     9.7543625983548898e-01
24                                     1.8738694705914822e+00
25                                     1.8743670151341529e+00
26                                     1.2066240906366976e-01
   &COMPONENTS [&Type "ArrayOfIntegers", &Dim (27,4)] "The indices and atomic numbers of the bonding atoms"
                                                         0                           1                           2                           3

0                                                        0                           6                           1                           1
1                                                        0                           6                           2                           1
2                                                        0                           6                           3                           6
3                                                        3                           6                           4                           6
4                                                        3                           6                           7                           8
5                                                        4                           6                           5                           8
6                                                        4                           6                           6                           8
7                                                        5                           8                           6                           8
8                                                        6                           8                          18                           1
9                                                        7                           8                           8                           6
10                                                       8                           6                           9                           1
11                                                       8                           6                          10                           6
12                                                       8                           6                          17                           6
13                                                      10                           6                          11                           1
14                                                      10                           6                          12                           6
15                                                      12                           6                          13                           6
16                                                      12                           6                          21                           6
17                                                      13                           6                          14                           1
18                                                      13                           6                          15                           6
19                                                      15                           6                          16                           1
20                                                      15                           6                          17                           6
21                                                      17                           6                          18                           1
22                                                      17                           6                          19                           8
23                                                      19                           8                          20                           1
24                                                      21                           6                          22                           8
25                                                      21                           6                          23                           8
26                                                      22                           8                          23                           8
   &ATNO [&Type "ArrayOfIntegers", &Dim (24,1)] "Atomic number of the elements"
                                                         0

0                                                        6
1                                                        1
2                                                        1
3                                                        6
4                                                        6
5                                                        8
6                                                        8
7                                                        8
8                                                        6
9                                                        1
10                                                       6
11                                                       1
12                                                       6
13                                                       6
14                                                       1
15                                                       6
16                                                       1
17                                                       6
18                                                       1
19                                                       8
20                                                       1
21                                                       6
22                                                       8
23                                                       8
   &NA [&Type "ArrayOfDoubles", &Dim (24,1)] "Mulliken gross atomic population"
                                                         0

0                                      5.9859033568905922e+00
1                                      1.0268390030768551e+00
2                                      1.0275391395955615e+00
3                                      5.9928373441097085e+00
4                                      5.9142396380893283e+00
5                                      8.4110702546077434e+00
6                                      8.4200394925640367e+00
7                                      8.3759368030558861e+00
8                                      5.7338408468542630e+00
9                                      1.0908679869705264e+00
10                                     6.0830431674432131e+00
11                                     1.0639206786131119e+00
12                                     6.0384129466162726e+00
13                                     5.9488123681957488e+00
14                                     1.0555008809891537e+00
15                                     6.0226033979399851e+00
16                                     1.0699439505755046e+00
17                                     5.7956732444653083e+00
18                                     1.0086185230909841e+00
19                                     8.3402309401344823e+00
20                                     8.5446018425066139e-01
21                                     5.9285631024215082e+00
22                                     8.4188102807057987e+00
23                                     8.3922924687438734e+00
   &ZA [&Type "ArrayOfDoubles", &Dim (24,1)] "Total nuclear charge"
                                                         0

0                                      6.0000000000000000e+00
1                                      1.0000000000000000e+00
2                                      1.0000000000000000e+00
3                                      6.0000000000000000e+00
4                                      6.0000000000000000e+00
5                                      8.0000000000000000e+00
6                                      8.0000000000000000e+00
7                                      8.0000000000000000e+00
8                                      6.0000000000000000e+00
9                                      1.0000000000000000e+00
10                                     6.0000000000000000e+00
11                                     1.0000000000000000e+00
12                                     6.0000000000000000e+00
13                                     6.0000000000000000e+00
14                                     1.0000000000000000e+00
15                                     6.0000000000000000e+00
16                                     1.0000000000000000e+00
17                                     6.0000000000000000e+00
18                                     1.0000000000000000e+00
19                                     8.0000000000000000e+00
20                                     1.0000000000000000e+00
21                                     6.0000000000000000e+00
22                                     8.0000000000000000e+00
23                                     8.0000000000000000e+00
   &QA [&Type "ArrayOfDoubles", &Dim (24,1)] "Mulliken gross atomic charge"
                                                         0

0                                      1.4096643109407836e-02
1                                     -2.6839003076855050e-02
2                                     -2.7539139595561535e-02
3                                      7.1626558902915249e-03
4                                      8.5760361910671712e-02
5                                     -4.1107025460774338e-01
6                                     -4.2003949256403672e-01
7                                     -3.7593680305588606e-01
8                                      2.6615915314573702e-01
9                                     -9.0867986970526449e-02
10                                    -8.3043167443213051e-02
11                                    -6.3920678613111903e-02
12                                    -3.8412946616272592e-02
13                                     5.1187631804251232e-02
14                                    -5.5500880989153734e-02
15                                    -2.2603397939985115e-02
16                                    -6.9943950575504621e-02
17                                     2.0432675553469171e-01
18                                    -8.6185230909840982e-03
19                                    -3.4023094013448230e-01
20                                     1.4553981574933861e-01
21                                     7.1436897578491809e-02
22                                    -4.1881028070579873e-01
23                                    -3.9229246874387336e-01
   &VA [&Type "ArrayOfDoubles", &Dim (24,1)] "Mayer's total valence"
                                                         0

0                                      3.8820577731553034e+00
1                                      9.9822882577838368e-01
2                                      1.0242662214227425e+00
3                                      3.9370297465597885e+00
4                                      4.4996676464267082e+00
5                                      2.0873527910923468e+00
6                                      2.0507752650870694e+00
7                                      2.0858797278019807e+00
8                                      3.8336050829402724e+00
9                                      9.9408833762031201e-01
10                                     3.8667902174399504e+00
11                                     1.0343266277760221e+00
12                                     3.7251909220301664e+00
13                                     3.9138375061191262e+00
14                                     1.0370522600852350e+00
15                                     3.8157509523419928e+00
16                                     9.7977001939447739e-01
17                                     3.8680374515188527e+00
18                                     1.0806746791646344e+00
19                                     2.0233810570463397e+00
20                                     1.0185326390992302e+00
21                                     4.5638176179711207e+00
22                                     2.0776528019292435e+00
23                                     2.1013765810792631e+00
   &BVA [&Type "ArrayOfDoubles", &Dim (24,1)] "Mayer's bonded valence"
                                                         0

0                                      3.8820577731552963e+00
1                                      9.9822882577838035e-01
2                                      1.0242662214227412e+00
3                                      3.9370297465597690e+00
4                                      4.4996676464267331e+00
5                                      2.0873527910923269e+00
6                                      2.0507752650870597e+00
7                                      2.0858797278020038e+00
8                                      3.8336050829402852e+00
9                                      9.9408833762031257e-01
10                                     3.8667902174399473e+00
11                                     1.0343266277760124e+00
12                                     3.7251909220302295e+00
13                                     3.9138375061191706e+00
14                                     1.0370522600852290e+00
15                                     3.8157509523420305e+00
16                                     9.7977001939448505e-01
17                                     3.8680374515188873e+00
18                                     1.0806746791646522e+00
19                                     2.0233810570463184e+00
20                                     1.0185326390992215e+00
21                                     4.5638176179711252e+00
22                                     2.0776528019292329e+00
23                                     2.1013765810792506e+00
   &FA [&Type "ArrayOfDoubles", &Dim (24,1)] "Mayer's free valence"
                                                         0

0                                      0.0000000000000000e+00
1                                      0.0000000000000000e+00
2                                      0.0000000000000000e+00
3                                      0.0000000000000000e+00
4                                      0.0000000000000000e+00
5                                      0.0000000000000000e+00
6                                      0.0000000000000000e+00
7                                      0.0000000000000000e+00
8                                      0.0000000000000000e+00
9                                      0.0000000000000000e+00
10                                     0.0000000000000000e+00
11                                     0.0000000000000000e+00
12                                     0.0000000000000000e+00
13                                     0.0000000000000000e+00
14                                     0.0000000000000000e+00
15                                     0.0000000000000000e+00
16                                     0.0000000000000000e+00
17                                     0.0000000000000000e+00
18                                     0.0000000000000000e+00
19                                     0.0000000000000000e+00
20                                     0.0000000000000000e+00
21                                     0.0000000000000000e+00
22                                     0.0000000000000000e+00
23                                     0.0000000000000000e+00
$End
$VdW_Correction
   &GeometryIndex 1
   &ListStatus       OUT
   &VDW [&Type "Double"]      -5.2644379151721543e-02
$End
$Calculation_Info
   &GeometryIndex 1
   &ListStatus       OUT
   &MULT [&Type "Integer"] 1
   &CHARGE [&Type "Integer"] -2
   &NUMOFATOMS [&Type "Integer"] 24
   &NUMOFELECTRONS [&Type "Integer"] 118
   &NUMOFFCELECTRONS [&Type "Integer"] 1
   &NUMOFCORRELECTRONS [&Type "Integer"] 0
   &NUMOFBASISFUNCTS [&Type "Integer"] 264
   &NUMOFAUXCBASISFUNCTS [&Type "Integer"] 0
   &NUMOFAUXJBASISFUNCTS [&Type "Integer"] 872
   &NUMOFAUXJKBASISFUNCTS [&Type "Integer"] 0
   &NUMOFCABSBASISFUNCTS [&Type "Integer"] 0
   &TOTALENERGY [&Type "Double"]      -8.3614309405874053e+02  "Hartrees"
$End
$SCF_Dipole_Moment
   &GeometryIndex 1
   &ListStatus       OUT
   &METHOD [&Type "String"] "SCF"
   &LEVEL [&Type "String"] "Relaxed density"
   &MULT [&Type "Integer"] 1
   &STATE [&Type "Integer"] -1
   &IRREP [&Type "Integer"] 0
   &NATOMS [&Type "Integer"] 24
   &DODIPOLEATOM [&Type "Boolean"] false
   &DIPOLEELECCONTRIB [&Type "ArrayOfDoubles", &Dim (3,1)] "Electronic contribution"
                                                         0

0                                      9.0398804026616286e-01
1                                      3.0636317706455202e-01
2                                      5.4235002535982002e-01
   &DIPOLENUCCONTRIB [&Type "ArrayOfDoubles", &Dim (3,1)] "Nuclear contribution"
                                                         0

0                                     -2.9380653126626726e+00
1                                     -2.2063633333758688e+00
2                                     -2.6316123417431214e+00
   &DIPOLETOTAL [&Type "ArrayOfDoubles", &Dim (3,1)] "Total"
                                                         0

0                                     -2.0340772723965097e+00
1                                     -1.9000001563113167e+00
2                                     -2.0892623163833015e+00
   &DIPOLEMAGNITUDE [&Type "Double", &Units "a.u."]       3.4802999828638868e+00
$End
