*************************************************
******************* ORCA 6.0.1 ******************
*************************************************
$Calculation_Status
   &GeometryIndex 1
   &ListStatus       OUT
   &VERSION [&Type "String"] "6.0.1"
   &PROGNAME [&Type "String"] "LeanSCF"
   &STATUS [&Type "String"] "NORMAL TERMINATION"
$End
$Geometry
   &GeometryIndex 1
   &ListStatus       OUT
   &NATOMS [&Type "Integer"] 24
   &NCORELESSECP [&Type "Integer"] 0
   &NGHOSTATOMS [&Type "Integer"] 0
   &CartesianCoordinates [&Type "Coordinates", &Dim(24,4), &Units "Bohr"] 
              C     92.801512813443   45.860589814063  102.071548819278
              H     94.187087108491   44.378902532059  101.737387654229
              H     93.473452175403   47.762044754877  102.473326323833
              C     90.311352956959   45.234371834559  102.630121190904
              C     88.442132560527   47.215358596968  103.629280121542
              O     89.181384842206   49.470815367442  103.886552244364
              O     86.275802550210   46.439006230888  104.181151985798
              O     89.412077131331   43.053933601862  102.084571129717
              C     88.802706901865   42.858689040108   98.237590861182
              H     88.120444965920   40.919059081047   98.330177521608
              C     91.304544054848   43.325772819964   97.609066962705
              H     92.694253294736   41.807757537781   97.568891461607
              C     92.184806051708   45.804708406302   97.605732446706
              C     90.353955254506   47.891070580076   97.528111916775
              H     91.133227696462   49.792175083954   97.366725852661
              C     87.860433061501   47.463240429129   97.665591034494
              H     86.518932534612   49.030834497694   97.638950902131
              C     86.776767508309   44.843019702379   97.836299246137
              H     85.451278045449   44.783098464075   99.437434636154
              O     85.489572507052   44.248495682996   95.532737564087
              H     83.652018848217   43.942624921308   95.881268214508
              C     94.867614169958   46.348776933446   96.686469668661
              O     96.535738621982   44.658148399929   96.819173771747
              O     95.163921186265   48.504024493764   95.753854703114
$End
$SCF_Energy
   &GeometryIndex 1
   &ListStatus       OUT
   &SCF_ENERGY [&Type "Double"]      -8.3605611822395008e+02
$End
$DFT_Energy
   &GeometryIndex 1
   &ListStatus       OUT
   &NALPHAEL [&Type "Integer"] 59
   &NBETAEL [&Type "Integer"] 59
   &NTOTALEL [&Type "Integer"] 118
   &EEXCHANGE [&Type "Double"]      -8.3094938455048151e+01
   &ECORR [&Type "Double"]      -4.8443220160391549e+00
   &ECNL [&Type "Double"]       0.0000000000000000e+00
   &EXC [&Type "Double"]      -8.7939260471087309e+01
   &EEMBED [&Type "Double"]       0.0000000000000000e+00
   &FINALEN [&Type "Double"]      -8.3605611822395008e+02  "No Van der Waals correction"
$End
$Mulliken_Population_Analysis
   &GeometryIndex 1
   &ListStatus       OUT
   &NATOMS [&Type "Integer"] 24
   &ATNO [&Type "ArrayOfIntegers", &Dim (24,1)] 
                                                         0

0                                                        6
1                                                        1
2                                                        1
3                                                        6
4                                                        6
5                                                        8
6                                                        8
7                                                        8
8                                                        6
9                                                        1
10                                                       6
11                                                       1
12                                                       6
13                                                       6
14                                                       1
15                                                       6
16                                                       1
17                                                       6
18                                                       1
19                                                       8
20                                                       1
21                                                       6
22                                                       8
23                                                       8
   &ATOMICCHARGES [&Type "ArrayOfDoubles", &Dim (24,1)] 
                                                         0

0                                      9.3709809280904111e-02
1                                     -3.1814491090354391e-02
2                                     -2.0067848296541291e-02
3                                     -4.3263413264463146e-02
4                                      7.0648459651473594e-02
5                                     -4.1862424113846330e-01
6                                     -4.1722599334082489e-01
7                                     -3.2423944874931721e-01
8                                      8.6487547456226999e-02
9                                     -7.6023062285885956e-02
10                                     1.8434529419248946e-02
11                                    -6.3347654661587871e-02
12                                    -1.4316646780252018e-01
13                                     8.7051207566589461e-02
14                                    -4.6757113281907348e-02
15                                    -2.3677752267084351e-02
16                                    -7.3217345169195092e-02
17                                     2.6423887238374988e-01
18                                    -9.4836783661773616e-03
19                                    -3.4662701295260412e-01
20                                     1.3391575644741938e-01
21                                     9.8017861566026099e-02
22                                    -4.1796466592091086e-01
23                                    -3.9700385518363390e-01
$End
$Loewdin_Population_Analysis
   &GeometryIndex 1
   &ListStatus       OUT
   &NATOMS [&Type "Integer"] 24
   &ATNO [&Type "ArrayOfIntegers", &Dim (24,1)] 
                                                         0

0                                                        6
1                                                        1
2                                                        1
3                                                        6
4                                                        6
5                                                        8
6                                                        8
7                                                        8
8                                                        6
9                                                        1
10                                                       6
11                                                       1
12                                                       6
13                                                       6
14                                                       1
15                                                       6
16                                                       1
17                                                       6
18                                                       1
19                                                       8
20                                                       1
21                                                       6
22                                                       8
23                                                       8
   &ATOMICCHARGES [&Type "ArrayOfDoubles", &Dim (24,1)] 
                                                         0

0                                     -5.2751813356784361e-02
1                                      5.0341247665413036e-03
2                                      1.0244290517798849e-02
3                                     -3.3647195116875750e-02
4                                     -7.2170651794495555e-02
5                                     -3.8831718526586911e-01
6                                     -3.8105692745102893e-01
7                                     -1.9984256290407032e-01
8                                      5.1364034663277991e-02
9                                     -2.5268263339999208e-03
10                                    -6.2331518822727361e-02
11                                     5.2118720254819006e-03
12                                    -9.8603164943789068e-03
13                                     3.9670707211403311e-03
14                                     1.7000382456703989e-02
15                                    -5.6687844320777891e-02
16                                     3.4396072552611567e-04
17                                     5.2370914626874487e-02
18                                     1.2592269362649788e-02
19                                    -1.7806710184405183e-01
20                                     6.7216480756791430e-02
21                                    -3.9358809103969605e-02
22                                    -3.8624374512869508e-01
23                                    -3.6248290268490457e-01
$End
$Mayer_Population_Analysis
   &GeometryIndex 1
   &ListStatus       OUT
   &NATOMS [&Type "Integer"] 24 "Total number of atoms"
   &BONDTHRESH [&Type "Double"]       1.0000000000000001e-01  "The threshold for printing"
   &NBONDORDERSPRINT [&Type "Integer"] 28 "The number of bond orders larger than threshold"
   &BONDORDERS [&Type "ArrayOfDoubles", &Dim (28,1)] "The bond orders"
                                                         0

0                                      9.0303185111439610e-01
1                                      9.1895225239512635e-01
2                                      1.4569138394553482e+00
3                                      1.0722769179667116e-01
4                                      3.4876022192998318e-01
5                                      8.2001289502008212e-01
6                                      1.5822538349978665e+00
7                                      1.8587667977503866e+00
8                                      1.8290891100985014e+00
9                                      1.2492940051435406e-01
10                                     3.5071356856369562e-01
11                                     9.3579707908748666e-01
12                                     1.4334599567851889e+00
13                                     9.9473602915719217e-01
14                                     9.4991180714473256e-01
15                                     1.3733777299643601e+00
16                                     1.0624952827236451e+00
17                                     8.2716453810087298e-01
18                                     9.6729146538784649e-01
19                                     1.7784669211736535e+00
20                                     9.5295261026709843e-01
21                                     9.7713924235693728e-01
22                                     8.8174263793990859e-01
23                                     9.8838973452175682e-01
24                                     9.7594782804628211e-01
25                                     1.8506698253970915e+00
26                                     1.8689420959997463e+00
27                                     1.2156831298646489e-01
   &COMPONENTS [&Type "ArrayOfIntegers", &Dim (28,4)] "The indices and atomic numbers of the bonding atoms"
                                                         0                           1                           2                           3

0                                                        0                           6                           1                           1
1                                                        0                           6                           2                           1
2                                                        0                           6                           3                           6
3                                                        0                           6                           8                           6
4                                                        0                           6                          12                           6
5                                                        3                           6                           4                           6
6                                                        3                           6                           7                           8
7                                                        4                           6                           5                           8
8                                                        4                           6                           6                           8
9                                                        5                           8                           6                           8
10                                                       7                           8                           8                           6
11                                                       8                           6                           9                           1
12                                                       8                           6                          10                           6
13                                                       8                           6                          17                           6
14                                                      10                           6                          11                           1
15                                                      10                           6                          12                           6
16                                                      12                           6                          13                           6
17                                                      12                           6                          21                           6
18                                                      13                           6                          14                           1
19                                                      13                           6                          15                           6
20                                                      15                           6                          16                           1
21                                                      15                           6                          17                           6
22                                                      17                           6                          18                           1
23                                                      17                           6                          19                           8
24                                                      19                           8                          20                           1
25                                                      21                           6                          22                           8
26                                                      21                           6                          23                           8
27                                                      22                           8                          23                           8
   &ATNO [&Type "ArrayOfIntegers", &Dim (24,1)] "Atomic number of the elements"
                                                         0

0                                                        6
1                                                        1
2                                                        1
3                                                        6
4                                                        6
5                                                        8
6                                                        8
7                                                        8
8                                                        6
9                                                        1
10                                                       6
11                                                       1
12                                                       6
13                                                       6
14                                                       1
15                                                       6
16                                                       1
17                                                       6
18                                                       1
19                                                       8
20                                                       1
21                                                       6
22                                                       8
23                                                       8
   &NA [&Type "ArrayOfDoubles", &Dim (24,1)] "Mulliken gross atomic population"
                                                         0

0                                      5.9062901907190701e+00
1                                      1.0318144910903546e+00
2                                      1.0200678482965417e+00
3                                      6.0432634132644418e+00
4                                      5.9293515403485086e+00
5                                      8.4186242411384953e+00
6                                      8.4172259933408107e+00
7                                      8.3242394487493172e+00
8                                      5.9135124525437703e+00
9                                      1.0760230622858906e+00
10                                     5.9815654705807555e+00
11                                     1.0633476546615899e+00
12                                     6.1431664678025060e+00
13                                     5.9129487924334319e+00
14                                     1.0467571132819076e+00
15                                     6.0236777522670977e+00
16                                     1.0732173451691920e+00
17                                     5.7357611276162768e+00
18                                     1.0094836783661776e+00
19                                     8.3466270129525988e+00
20                                     8.6608424355258085e-01
21                                     5.9019821384339721e+00
22                                     8.4179646659209340e+00
23                                     8.3970038551836677e+00
   &ZA [&Type "ArrayOfDoubles", &Dim (24,1)] "Total nuclear charge"
                                                         0

0                                      6.0000000000000000e+00
1                                      1.0000000000000000e+00
2                                      1.0000000000000000e+00
3                                      6.0000000000000000e+00
4                                      6.0000000000000000e+00
5                                      8.0000000000000000e+00
6                                      8.0000000000000000e+00
7                                      8.0000000000000000e+00
8                                      6.0000000000000000e+00
9                                      1.0000000000000000e+00
10                                     6.0000000000000000e+00
11                                     1.0000000000000000e+00
12                                     6.0000000000000000e+00
13                                     6.0000000000000000e+00
14                                     1.0000000000000000e+00
15                                     6.0000000000000000e+00
16                                     1.0000000000000000e+00
17                                     6.0000000000000000e+00
18                                     1.0000000000000000e+00
19                                     8.0000000000000000e+00
20                                     1.0000000000000000e+00
21                                     6.0000000000000000e+00
22                                     8.0000000000000000e+00
23                                     8.0000000000000000e+00
   &QA [&Type "ArrayOfDoubles", &Dim (24,1)] "Mulliken gross atomic charge"
                                                         0

0                                      9.3709809280929868e-02
1                                     -3.1814491090354613e-02
2                                     -2.0067848296541735e-02
3                                     -4.3263413264441830e-02
4                                      7.0648459651491358e-02
5                                     -4.1862424113849528e-01
6                                     -4.1722599334081067e-01
7                                     -3.2423944874931721e-01
8                                      8.6487547456229663e-02
9                                     -7.6023062285890619e-02
10                                     1.8434529419244505e-02
11                                    -6.3347654661589869e-02
12                                    -1.4316646780250597e-01
13                                     8.7051207566568145e-02
14                                    -4.6757113281907570e-02
15                                    -2.3677752267097674e-02
16                                    -7.3217345169191983e-02
17                                     2.6423887238372323e-01
18                                    -9.4836783661775836e-03
19                                    -3.4662701295259879e-01
20                                     1.3391575644741915e-01
21                                     9.8017861566027875e-02
22                                    -4.1796466592093395e-01
23                                    -3.9700385518366765e-01
   &VA [&Type "ArrayOfDoubles", &Dim (24,1)] "Mayer's total valence"
                                                         0

0                                      3.8127447844598850e+00
1                                      1.0166111439471301e+00
2                                      1.0248793550861364e+00
3                                      4.0097983219308313e+00
4                                      4.4988903039938970e+00
5                                      2.0818784254803986e+00
6                                      2.0583376143923480e+00
7                                      2.1266117544415755e+00
8                                      3.9229322835043572e+00
9                                      9.8904762688062142e-01
10                                     3.9048740258620360e+00
11                                     1.0293737267140675e+00
12                                     3.7164389251341738e+00
13                                     3.9246513261962215e+00
14                                     1.0344391157062633e+00
15                                     3.8523127034677556e+00
16                                     9.8346237346316978e-01
17                                     3.8748838001953971e+00
18                                     1.0462353042775274e+00
19                                     1.9987434884120114e+00
20                                     1.0301366894386916e+00
21                                     4.5419965763946353e+00
22                                     2.0707800729863788e+00
23                                     2.1053931581922183e+00
   &BVA [&Type "ArrayOfDoubles", &Dim (24,1)] "Mayer's bonded valence"
                                                         0

0                                      3.8127447844598730e+00
1                                      1.0166111439471126e+00
2                                      1.0248793550861099e+00
3                                      4.0097983219308215e+00
4                                      4.4988903039939405e+00
5                                      2.0818784254802978e+00
6                                      2.0583376143923964e+00
7                                      2.1266117544415013e+00
8                                      3.9229322835043008e+00
9                                      9.8904762688059433e-01
10                                     3.9048740258619099e+00
11                                     1.0293737267140470e+00
12                                     3.7164389251341854e+00
13                                     3.9246513261962339e+00
14                                     1.0344391157062653e+00
15                                     3.8523127034677360e+00
16                                     9.8346237346316889e-01
17                                     3.8748838001953634e+00
18                                     1.0462353042775256e+00
19                                     1.9987434884120630e+00
20                                     1.0301366894386916e+00
21                                     4.5419965763946282e+00
22                                     2.0707800729863313e+00
23                                     2.1053931581921286e+00
   &FA [&Type "ArrayOfDoubles", &Dim (24,1)] "Mayer's free valence"
                                                         0

0                                      0.0000000000000000e+00
1                                      0.0000000000000000e+00
2                                      0.0000000000000000e+00
3                                      0.0000000000000000e+00
4                                      0.0000000000000000e+00
5                                      0.0000000000000000e+00
6                                      0.0000000000000000e+00
7                                      0.0000000000000000e+00
8                                      0.0000000000000000e+00
9                                      0.0000000000000000e+00
10                                     0.0000000000000000e+00
11                                     0.0000000000000000e+00
12                                     0.0000000000000000e+00
13                                     0.0000000000000000e+00
14                                     0.0000000000000000e+00
15                                     0.0000000000000000e+00
16                                     0.0000000000000000e+00
17                                     0.0000000000000000e+00
18                                     0.0000000000000000e+00
19                                     0.0000000000000000e+00
20                                     0.0000000000000000e+00
21                                     0.0000000000000000e+00
22                                     0.0000000000000000e+00
23                                     0.0000000000000000e+00
$End
$VdW_Correction
   &GeometryIndex 1
   &ListStatus       OUT
   &VDW [&Type "Double"]      -5.6983507456516994e-02
$End
$Calculation_Info
   &GeometryIndex 1
   &ListStatus       OUT
   &MULT [&Type "Integer"] 1
   &CHARGE [&Type "Integer"] -2
   &NUMOFATOMS [&Type "Integer"] 24
   &NUMOFELECTRONS [&Type "Integer"] 118
   &NUMOFFCELECTRONS [&Type "Integer"] 1
   &NUMOFCORRELECTRONS [&Type "Integer"] 0
   &NUMOFBASISFUNCTS [&Type "Integer"] 264
   &NUMOFAUXCBASISFUNCTS [&Type "Integer"] 0
   &NUMOFAUXJBASISFUNCTS [&Type "Integer"] 872
   &NUMOFAUXJKBASISFUNCTS [&Type "Integer"] 0
   &NUMOFCABSBASISFUNCTS [&Type "Integer"] 0
   &TOTALENERGY [&Type "Double"]      -8.3611310173140657e+02  "Hartrees"
$End
$SCF_Dipole_Moment
   &GeometryIndex 1
   &ListStatus       OUT
   &METHOD [&Type "String"] "SCF"
   &LEVEL [&Type "String"] "Relaxed density"
   &MULT [&Type "Integer"] 1
   &STATE [&Type "Integer"] -1
   &IRREP [&Type "Integer"] 0
   &NATOMS [&Type "Integer"] 24
   &DODIPOLEATOM [&Type "Boolean"] false
   &DIPOLEELECCONTRIB [&Type "ArrayOfDoubles", &Dim (3,1)] "Electronic contribution"
                                                         0

0                                      1.5010888216639469e+00
1                                      4.4339146087970477e-01
2                                      1.0446504428280454e+00
   &DIPOLENUCCONTRIB [&Type "ArrayOfDoubles", &Dim (3,1)] "Nuclear contribution"
                                                         0

0                                     -3.6538287051813256e+00
1                                     -2.0963503720850980e+00
2                                     -2.2599624121056650e+00
   &DIPOLETOTAL [&Type "ArrayOfDoubles", &Dim (3,1)] "Total"
                                                         0

0                                     -2.1527398835173788e+00
1                                     -1.6529589112053933e+00
2                                     -1.2153119692776195e+00
   &DIPOLEMAGNITUDE [&Type "Double", &Units "a.u."]       2.9738099049685713e+00
$End
