*************************************************
******************* ORCA 6.0.1 ******************
*************************************************
$Calculation_Status
   &GeometryIndex 1
   &ListStatus       OUT
   &VERSION [&Type "String"] "6.0.1"
   &PROGNAME [&Type "String"] "LeanSCF"
   &STATUS [&Type "String"] "NORMAL TERMINATION"
$End
$Geometry
   &GeometryIndex 1
   &ListStatus       OUT
   &NATOMS [&Type "Integer"] 24
   &NCORELESSECP [&Type "Integer"] 0
   &NGHOSTATOMS [&Type "Integer"] 0
   &CartesianCoordinates [&Type "Coordinates", &Dim(24,4), &Units "Bohr"] 
              C     90.965089192606   53.122079883190  106.731546263593
              H     92.591981100370   52.022878767724  106.134257208058
              H     91.267056300435   54.878890897112  107.749388576306
              C     88.558742669476   52.081091081765  106.688171073265
              C     86.333169072017   53.449302722741  107.985622879258
              O     86.794500645645   55.395381032513  109.271272932922
              O     84.173184621164   52.501213150050  107.738791757476
              O     88.085246637937   50.081053298602  105.402766326168
              C     87.996043478494   50.926488962306  101.568793356049
              H     87.653391419220   48.970450822281  101.010813095738
              C     90.421976718900   51.928085671229  101.433443682548
              H     92.073165308607   50.754985622075  101.036620878343
              C     90.846036162862   54.382558343946  102.295605746346
              C     88.692539418072   56.117501772339  102.485214300170
              H     89.138055144602   58.078037210761  102.932985682607
              C     86.315550149630   55.319154307525  102.090712479363
              H     84.740732823432   56.652344709881  102.146953848596
              C     85.667907021134   52.607780170361  101.546016041981
              H     84.389720937153   51.940244436489  103.050508899050
              O     84.468324671667   52.435843217925   99.150181279652
              H     82.918999048599   51.317319423787   99.262942185512
              C     93.506526115875   55.530176909804  102.238318790402
              O     95.386423303550   54.094518282307  101.916765038689
              O     93.614213370852   57.870248153423  102.487475686262
$End
$SCF_Energy
   &GeometryIndex 1
   &ListStatus       OUT
   &SCF_ENERGY [&Type "Double"]      -8.3606035955641664e+02
$End
$DFT_Energy
   &GeometryIndex 1
   &ListStatus       OUT
   &NALPHAEL [&Type "Integer"] 59
   &NBETAEL [&Type "Integer"] 59
   &NTOTALEL [&Type "Integer"] 118
   &EEXCHANGE [&Type "Double"]      -8.3083894918789369e+01
   &ECORR [&Type "Double"]      -4.8433067198402400e+00
   &ECNL [&Type "Double"]       0.0000000000000000e+00
   &EXC [&Type "Double"]      -8.7927201638629612e+01
   &EEMBED [&Type "Double"]       0.0000000000000000e+00
   &FINALEN [&Type "Double"]      -8.3606035955641664e+02  "No Van der Waals correction"
$End
$Mulliken_Population_Analysis
   &GeometryIndex 1
   &ListStatus       OUT
   &NATOMS [&Type "Integer"] 24
   &ATNO [&Type "ArrayOfIntegers", &Dim (24,1)] 
                                                         0

0                                                        6
1                                                        1
2                                                        1
3                                                        6
4                                                        6
5                                                        8
6                                                        8
7                                                        8
8                                                        6
9                                                        1
10                                                       6
11                                                       1
12                                                       6
13                                                       6
14                                                       1
15                                                       6
16                                                       1
17                                                       6
18                                                       1
19                                                       8
20                                                       1
21                                                       6
22                                                       8
23                                                       8
   &ATOMICCHARGES [&Type "ArrayOfDoubles", &Dim (24,1)] 
                                                         0

0                                      8.4582925326396108e-02
1                                     -3.0744464065372901e-02
2                                     -1.3793099300024370e-02
3                                     -4.5198838854481949e-02
4                                      7.1919631858682109e-02
5                                     -4.0790842989741272e-01
6                                     -4.1541216648223589e-01
7                                     -3.2819439676297080e-01
8                                      7.5002809359304479e-02
9                                     -7.7845749806359832e-02
10                                     2.4858254311326711e-02
11                                    -6.6443503556327776e-02
12                                    -1.4447450012771856e-01
13                                     7.3124904669557900e-02
14                                    -4.6640696122539849e-02
15                                    -2.9104752677957535e-02
16                                    -7.2484646385765572e-02
17                                     2.7050390979321826e-01
18                                     1.5276233459466937e-03
19                                    -3.5193218538479165e-01
20                                     1.4201128722563094e-01
21                                     9.7577397583081371e-02
22                                    -4.2297605611764411e-01
23                                    -3.8795525793151953e-01
$End
$Loewdin_Population_Analysis
   &GeometryIndex 1
   &ListStatus       OUT
   &NATOMS [&Type "Integer"] 24
   &ATNO [&Type "ArrayOfIntegers", &Dim (24,1)] 
                                                         0

0                                                        6
1                                                        1
2                                                        1
3                                                        6
4                                                        6
5                                                        8
6                                                        8
7                                                        8
8                                                        6
9                                                        1
10                                                       6
11                                                       1
12                                                       6
13                                                       6
14                                                       1
15                                                       6
16                                                       1
17                                                       6
18                                                       1
19                                                       8
20                                                       1
21                                                       6
22                                                       8
23                                                       8
   &ATOMICCHARGES [&Type "ArrayOfDoubles", &Dim (24,1)] 
                                                         0

0                                     -5.1213338711049161e-02
1                                      5.0418855993877854e-03
2                                      1.1725761817159341e-02
3                                     -3.4219393828705869e-02
4                                     -6.8650751032972579e-02
5                                     -3.7939730721493348e-01
6                                     -3.8235435533581352e-01
7                                     -2.0644199888558923e-01
8                                      4.9666699924559410e-02
9                                     -3.5398108374016246e-03
10                                    -6.2868775484687944e-02
11                                     4.9194485308501346e-03
12                                    -9.7862589635013819e-03
13                                    -4.3834087341805272e-03
14                                     1.6381523040624790e-02
15                                    -5.0372705454933886e-02
16                                     5.8764890865414809e-04
17                                     4.5832323318412804e-02
18                                     1.5912269602475826e-02
19                                    -1.7936125048141349e-01
20                                     7.5313307724818701e-02
21                                    -4.1339972541720726e-02
22                                    -3.9276341746501942e-01
23                                    -3.5868812349497148e-01
$End
$Mayer_Population_Analysis
   &GeometryIndex 1
   &ListStatus       OUT
   &NATOMS [&Type "Integer"] 24 "Total number of atoms"
   &BONDTHRESH [&Type "Double"]       1.0000000000000001e-01  "The threshold for printing"
   &NBONDORDERSPRINT [&Type "Integer"] 29 "The number of bond orders larger than threshold"
   &BONDORDERS [&Type "ArrayOfDoubles", &Dim (29,1)] "The bond orders"
                                                         0

0                                      9.0610280763055440e-01
1                                      9.1985767166203225e-01
2                                      1.4740445338624608e+00
3                                      1.0784468742179185e-01
4                                      3.2493429288940856e-01
5                                      8.1318370023980380e-01
6                                      1.5723042849734958e+00
7                                      1.8690817746871076e+00
8                                      1.8078312529544092e+00
9                                      1.2309645012865254e-01
10                                     1.0347698191202614e-01
11                                     3.5186223714575476e-01
12                                     9.3515596510713517e-01
13                                     1.4144808475123272e+00
14                                     9.8406277015968102e-01
15                                     9.4918203337701867e-01
16                                     1.3788048661288874e+00
17                                     1.0711182189026753e+00
18                                     8.2020460687219710e-01
19                                     9.6717087713888661e-01
20                                     1.7648997932306771e+00
21                                     9.5571582863321314e-01
22                                     9.8007505741938206e-01
23                                     8.6414501313096781e-01
24                                     9.9005988233123188e-01
25                                     9.7175861544292075e-01
26                                     1.8451879961555500e+00
27                                     1.8841009963089184e+00
28                                     1.2227402691752554e-01
   &COMPONENTS [&Type "ArrayOfIntegers", &Dim (29,4)] "The indices and atomic numbers of the bonding atoms"
                                                         0                           1                           2                           3

0                                                        0                           6                           1                           1
1                                                        0                           6                           2                           1
2                                                        0                           6                           3                           6
3                                                        0                           6                           8                           6
4                                                        0                           6                          12                           6
5                                                        3                           6                           4                           6
6                                                        3                           6                           7                           8
7                                                        4                           6                           5                           8
8                                                        4                           6                           6                           8
9                                                        5                           8                           6                           8
10                                                       6                           8                          18                           1
11                                                       7                           8                           8                           6
12                                                       8                           6                           9                           1
13                                                       8                           6                          10                           6
14                                                       8                           6                          17                           6
15                                                      10                           6                          11                           1
16                                                      10                           6                          12                           6
17                                                      12                           6                          13                           6
18                                                      12                           6                          21                           6
19                                                      13                           6                          14                           1
20                                                      13                           6                          15                           6
21                                                      15                           6                          16                           1
22                                                      15                           6                          17                           6
23                                                      17                           6                          18                           1
24                                                      17                           6                          19                           8
25                                                      19                           8                          20                           1
26                                                      21                           6                          22                           8
27                                                      21                           6                          23                           8
28                                                      22                           8                          23                           8
   &ATNO [&Type "ArrayOfIntegers", &Dim (24,1)] "Atomic number of the elements"
                                                         0

0                                                        6
1                                                        1
2                                                        1
3                                                        6
4                                                        6
5                                                        8
6                                                        8
7                                                        8
8                                                        6
9                                                        1
10                                                       6
11                                                       1
12                                                       6
13                                                       6
14                                                       1
15                                                       6
16                                                       1
17                                                       6
18                                                       1
19                                                       8
20                                                       1
21                                                       6
22                                                       8
23                                                       8
   &NA [&Type "ArrayOfDoubles", &Dim (24,1)] "Mulliken gross atomic population"
                                                         0

0                                      5.9154170746735986e+00
1                                      1.0307444640653731e+00
2                                      1.0137930993000219e+00
3                                      6.0451988388544660e+00
4                                      5.9280803681413072e+00
5                                      8.4079084298974021e+00
6                                      8.4154121664822643e+00
7                                      8.3281943967630117e+00
8                                      5.9249971906407009e+00
9                                      1.0778457498063592e+00
10                                     5.9751417456886653e+00
11                                     1.0664435035563273e+00
12                                     6.1444745001277088e+00
13                                     5.9268750953304545e+00
14                                     1.0466406961225414e+00
15                                     6.0291047526779478e+00
16                                     1.0724846463857654e+00
17                                     5.7294960902067569e+00
18                                     9.9847237665405364e-01
19                                     8.3519321853847970e+00
20                                     8.5798871277437005e-01
21                                     5.9024226024169382e+00
22                                     8.4229760561176139e+00
23                                     8.3879552579315213e+00
   &ZA [&Type "ArrayOfDoubles", &Dim (24,1)] "Total nuclear charge"
                                                         0

0                                      6.0000000000000000e+00
1                                      1.0000000000000000e+00
2                                      1.0000000000000000e+00
3                                      6.0000000000000000e+00
4                                      6.0000000000000000e+00
5                                      8.0000000000000000e+00
6                                      8.0000000000000000e+00
7                                      8.0000000000000000e+00
8                                      6.0000000000000000e+00
9                                      1.0000000000000000e+00
10                                     6.0000000000000000e+00
11                                     1.0000000000000000e+00
12                                     6.0000000000000000e+00
13                                     6.0000000000000000e+00
14                                     1.0000000000000000e+00
15                                     6.0000000000000000e+00
16                                     1.0000000000000000e+00
17                                     6.0000000000000000e+00
18                                     1.0000000000000000e+00
19                                     8.0000000000000000e+00
20                                     1.0000000000000000e+00
21                                     6.0000000000000000e+00
22                                     8.0000000000000000e+00
23                                     8.0000000000000000e+00
   &QA [&Type "ArrayOfDoubles", &Dim (24,1)] "Mulliken gross atomic charge"
                                                         0

0                                      8.4582925326401437e-02
1                                     -3.0744464065373123e-02
2                                     -1.3793099300021927e-02
3                                     -4.5198838854465961e-02
4                                      7.1919631858692767e-02
5                                     -4.0790842989740206e-01
6                                     -4.1541216648226431e-01
7                                     -3.2819439676301165e-01
8                                      7.5002809359299150e-02
9                                     -7.7845749806359166e-02
10                                     2.4858254311334704e-02
11                                    -6.6443503556327332e-02
12                                    -1.4447450012770879e-01
13                                     7.3124904669545465e-02
14                                    -4.6640696122541403e-02
15                                    -2.9104752677947765e-02
16                                    -7.2484646385765350e-02
17                                     2.7050390979324312e-01
18                                     1.5276233459463606e-03
19                                    -3.5193218538479698e-01
20                                     1.4201128722562995e-01
21                                     9.7577397583061831e-02
22                                    -4.2297605611761391e-01
23                                    -3.8795525793152130e-01
   &VA [&Type "ArrayOfDoubles", &Dim (24,1)] "Mayer's total valence"
                                                         0

0                                      3.8145879866399710e+00
1                                      1.0163263704027932e+00
2                                      1.0300572447512046e+00
3                                      4.0117247555649440e+00
4                                      4.4826601357908702e+00
5                                      2.0925706034778253e+00
6                                      2.0642563307701276e+00
7                                      2.1254587271643071e+00
8                                      3.9023989620614610e+00
9                                      9.8985736598581731e-01
10                                     3.8740375660409492e+00
11                                     1.0322934292341344e+00
12                                     3.7079553747031708e+00
13                                     3.8920081878340245e+00
14                                     1.0391985066208147e+00
15                                     3.8535340449632258e+00
16                                     9.8443196532657429e-01
17                                     3.8357466275632093e+00
18                                     1.0773354488709153e+00
19                                     2.0012031097970806e+00
20                                     1.0226264100138835e+00
21                                     4.5399439184849202e+00
22                                     2.0704321738638325e+00
23                                     2.1112239751704469e+00
   &BVA [&Type "ArrayOfDoubles", &Dim (24,1)] "Mayer's bonded valence"
                                                         0

0                                      3.8145879866399750e+00
1                                      1.0163263704027850e+00
2                                      1.0300572447512006e+00
3                                      4.0117247555649858e+00
4                                      4.4826601357908746e+00
5                                      2.0925706034778608e+00
6                                      2.0642563307700459e+00
7                                      2.1254587271641787e+00
8                                      3.9023989620614357e+00
9                                      9.8985736598581708e-01
10                                     3.8740375660409621e+00
11                                     1.0322934292341290e+00
12                                     3.7079553747031633e+00
13                                     3.8920081878339881e+00
14                                     1.0391985066208105e+00
15                                     3.8535340449632876e+00
16                                     9.8443196532658350e-01
17                                     3.8357466275632701e+00
18                                     1.0773354488709215e+00
19                                     2.0012031097970722e+00
20                                     1.0226264100138842e+00
21                                     4.5399439184848642e+00
22                                     2.0704321738639209e+00
23                                     2.1112239751704314e+00
   &FA [&Type "ArrayOfDoubles", &Dim (24,1)] "Mayer's free valence"
                                                         0

0                                      0.0000000000000000e+00
1                                      0.0000000000000000e+00
2                                      0.0000000000000000e+00
3                                      0.0000000000000000e+00
4                                      0.0000000000000000e+00
5                                      0.0000000000000000e+00
6                                      0.0000000000000000e+00
7                                      0.0000000000000000e+00
8                                      0.0000000000000000e+00
9                                      0.0000000000000000e+00
10                                     0.0000000000000000e+00
11                                     0.0000000000000000e+00
12                                     0.0000000000000000e+00
13                                     0.0000000000000000e+00
14                                     0.0000000000000000e+00
15                                     0.0000000000000000e+00
16                                     0.0000000000000000e+00
17                                     0.0000000000000000e+00
18                                     0.0000000000000000e+00
19                                     0.0000000000000000e+00
20                                     0.0000000000000000e+00
21                                     0.0000000000000000e+00
22                                     0.0000000000000000e+00
23                                     0.0000000000000000e+00
$End
$VdW_Correction
   &GeometryIndex 1
   &ListStatus       OUT
   &VDW [&Type "Double"]      -5.6564087693414603e-02
$End
$Calculation_Info
   &GeometryIndex 1
   &ListStatus       OUT
   &MULT [&Type "Integer"] 1
   &CHARGE [&Type "Integer"] -2
   &NUMOFATOMS [&Type "Integer"] 24
   &NUMOFELECTRONS [&Type "Integer"] 118
   &NUMOFFCELECTRONS [&Type "Integer"] 1
   &NUMOFCORRELECTRONS [&Type "Integer"] 0
   &NUMOFBASISFUNCTS [&Type "Integer"] 264
   &NUMOFAUXCBASISFUNCTS [&Type "Integer"] 0
   &NUMOFAUXJBASISFUNCTS [&Type "Integer"] 872
   &NUMOFAUXJKBASISFUNCTS [&Type "Integer"] 0
   &NUMOFCABSBASISFUNCTS [&Type "Integer"] 0
   &TOTALENERGY [&Type "Double"]      -8.3611692364411010e+02  "Hartrees"
$End
$SCF_Dipole_Moment
   &GeometryIndex 1
   &ListStatus       OUT
   &METHOD [&Type "String"] "SCF"
   &LEVEL [&Type "String"] "Relaxed density"
   &MULT [&Type "Integer"] 1
   &STATE [&Type "Integer"] -1
   &IRREP [&Type "Integer"] 0
   &NATOMS [&Type "Integer"] 24
   &DODIPOLEATOM [&Type "Boolean"] false
   &DIPOLEELECCONTRIB [&Type "ArrayOfDoubles", &Dim (3,1)] "Electronic contribution"
                                                         0

0                                      1.1664115125552375e+00
1                                      4.5585892102297204e-01
2                                      1.4962624733321446e+00
   &DIPOLENUCCONTRIB [&Type "ArrayOfDoubles", &Dim (3,1)] "Nuclear contribution"
                                                         0

0                                     -2.8949579600227651e+00
1                                     -2.1037537696707176e+00
2                                     -3.6361931479665230e+00
   &DIPOLETOTAL [&Type "ArrayOfDoubles", &Dim (3,1)] "Total"
                                                         0

0                                     -1.7285464474675276e+00
1                                     -1.6478948486477456e+00
2                                     -2.1399306746343782e+00
   &DIPOLEMAGNITUDE [&Type "Double", &Units "a.u."]       3.2066701647493359e+00
$End
