*************************************************
******************* ORCA 6.0.1 ******************
*************************************************
$Calculation_Status
   &GeometryIndex 1
   &ListStatus       OUT
   &VERSION [&Type "String"] "6.0.1"
   &PROGNAME [&Type "String"] "LeanSCF"
   &STATUS [&Type "String"] "NORMAL TERMINATION"
$End
$Geometry
   &GeometryIndex 1
   &ListStatus       OUT
   &NATOMS [&Type "Integer"] 24
   &NCORELESSECP [&Type "Integer"] 0
   &NGHOSTATOMS [&Type "Integer"] 0
   &CartesianCoordinates [&Type "Coordinates", &Dim(24,4), &Units "Bohr"] 
              C     87.095587786297   50.121206249993  105.240738124208
              H     88.650832394514   48.925009607221  104.628466856818
              H     87.516996714161   51.959909778299  106.068438170866
              C     84.676738334877   49.433345937246  104.981845643861
              C     82.548906708082   51.170004254320  105.858678570001
              O     83.127162905062   53.420668079820  106.361345721624
              O     80.366273023403   50.255376805502  106.040092278857
              O     84.005885557335   47.101423887987  103.976511340615
              C     83.830141026881   46.870877299649  101.198613923751
              H     83.329363601392   44.879105954496  100.894368016190
              C     86.366153498603   47.466141031834  100.091234409273
              H     87.898721393213   46.097979310875  100.285876201067
              C     86.861261745690   49.782945272021   99.157709699116
              C     84.841144508529   51.685899488880   99.025428869741
              H     85.398613718035   53.594522884141   98.490636373842
              C     82.433633413913   51.132209731641   99.603685066721
              H     80.978544290793   52.592968033162   99.611243971257
              C     81.624830628595   48.462026704410  100.144146741023
              H     80.164072327073   48.492262322553  101.616243399347
              O     80.696975096839   47.328191024058   97.885924010987
              H     78.807248962918   47.235594443496   97.940726068871
              C     89.508768059314   50.623873401616   98.424495959154
              O     91.379596931896   49.185791813702   98.810000090474
              O     89.624041353483   52.806507086295   97.515537688738
$End
$SCF_Energy
   &GeometryIndex 1
   &ListStatus       OUT
   &SCF_ENERGY [&Type "Double"]      -8.3609094922940199e+02
$End
$DFT_Energy
   &GeometryIndex 1
   &ListStatus       OUT
   &NALPHAEL [&Type "Integer"] 59
   &NBETAEL [&Type "Integer"] 59
   &NTOTALEL [&Type "Integer"] 118
   &EEXCHANGE [&Type "Double"]      -8.3123165134172964e+01
   &ECORR [&Type "Double"]      -4.8455542715089130e+00
   &ECNL [&Type "Double"]       0.0000000000000000e+00
   &EXC [&Type "Double"]      -8.7968719405681881e+01
   &EEMBED [&Type "Double"]       0.0000000000000000e+00
   &FINALEN [&Type "Double"]      -8.3609094922940199e+02  "No Van der Waals correction"
$End
$Mulliken_Population_Analysis
   &GeometryIndex 1
   &ListStatus       OUT
   &NATOMS [&Type "Integer"] 24
   &ATNO [&Type "ArrayOfIntegers", &Dim (24,1)] 
                                                         0

0                                                        6
1                                                        1
2                                                        1
3                                                        6
4                                                        6
5                                                        8
6                                                        8
7                                                        8
8                                                        6
9                                                        1
10                                                       6
11                                                       1
12                                                       6
13                                                       6
14                                                       1
15                                                       6
16                                                       1
17                                                       6
18                                                       1
19                                                       8
20                                                       1
21                                                       6
22                                                       8
23                                                       8
   &ATOMICCHARGES [&Type "ArrayOfDoubles", &Dim (24,1)] 
                                                         0

0                                      1.0901051782244764e-02
1                                     -2.7512709796578161e-02
2                                     -2.8720234546129486e-02
3                                      1.2087086962464078e-02
4                                      8.5946005386437818e-02
5                                     -4.1253565753320132e-01
6                                     -4.2173450321609174e-01
7                                     -3.7839136011282903e-01
8                                      2.6891130634922877e-01
9                                     -7.9885270927426255e-02
10                                    -9.3279581898394248e-02
11                                    -6.3021078901362992e-02
12                                    -1.9713162196215883e-02
13                                     4.5536546534833633e-02
14                                    -5.3046169246059538e-02
15                                    -2.1835091171877430e-02
16                                    -6.8821959757656703e-02
17                                     2.0836974200933156e-01
18                                    -1.9085880822786949e-02
19                                    -3.3618220860785719e-01
20                                     1.4309956983854255e-01
21                                     7.5470681287395536e-02
22                                    -4.2338004544713215e-01
23                                    -4.0317707596885555e-01
$End
$Loewdin_Population_Analysis
   &GeometryIndex 1
   &ListStatus       OUT
   &NATOMS [&Type "Integer"] 24
   &ATNO [&Type "ArrayOfIntegers", &Dim (24,1)] 
                                                         0

0                                                        6
1                                                        1
2                                                        1
3                                                        6
4                                                        6
5                                                        8
6                                                        8
7                                                        8
8                                                        6
9                                                        1
10                                                       6
11                                                       1
12                                                       6
13                                                       6
14                                                       1
15                                                       6
16                                                       1
17                                                       6
18                                                       1
19                                                       8
20                                                       1
21                                                       6
22                                                       8
23                                                       8
   &ATOMICCHARGES [&Type "ArrayOfDoubles", &Dim (24,1)] 
                                                         0

0                                     -9.6639537676561638e-02
1                                      3.1243243143707078e-03
2                                      1.0591280143713133e-02
3                                     -4.4850214286613621e-03
4                                     -5.9590865634667978e-02
5                                     -3.8207023373490756e-01
6                                     -3.8583893929322421e-01
7                                     -1.6294491430830860e-01
8                                      8.5334174629183579e-02
9                                     -3.0731005055659733e-03
10                                    -4.9714540699357102e-02
11                                     2.4426476053234225e-03
12                                    -5.4871434260760132e-02
13                                    -3.2633861571342848e-03
14                                     1.3341677734955426e-02
15                                    -5.9088149390022160e-02
16                                    -3.3834263889453986e-04
17                                     4.4898084485364365e-02
18                                     7.0281946674664031e-03
19                                    -1.7112056213593796e-01
20                                     7.4045217361921489e-02
21                                    -4.2028745260147105e-02
22                                    -3.9638496791199529e-01
23                                    -3.6935285990609223e-01
$End
$Mayer_Population_Analysis
   &GeometryIndex 1
   &ListStatus       OUT
   &NATOMS [&Type "Integer"] 24 "Total number of atoms"
   &BONDTHRESH [&Type "Double"]       1.0000000000000001e-01  "The threshold for printing"
   &NBONDORDERSPRINT [&Type "Integer"] 26 "The number of bond orders larger than threshold"
   &BONDORDERS [&Type "ArrayOfDoubles", &Dim (26,1)] "The bond orders"
                                                         0

0                                      9.1377252092110650e-01
1                                      9.0479123198918765e-01
2                                      1.9666602006135838e+00
3                                      8.3250032435146415e-01
4                                      1.0294239538677927e+00
5                                      1.8772875046180642e+00
6                                      1.7973544429772703e+00
7                                      1.2172802224511479e-01
8                                      9.5443770832429276e-01
9                                      8.9185116144662102e-01
10                                     9.7712172144898202e-01
11                                     9.7436516043659527e-01
12                                     9.3905356489815617e-01
13                                     1.7690500465223415e+00
14                                     1.1025885693873563e+00
15                                     8.3679154458472560e-01
16                                     9.6167560827091236e-01
17                                     1.7620892548639873e+00
18                                     9.5545763622626845e-01
19                                     9.6532619845104461e-01
20                                     8.9327799258516383e-01
21                                     1.0169889892267212e+00
22                                     9.7817201497540363e-01
23                                     1.8794759220278709e+00
24                                     1.8539021304147967e+00
25                                     1.2522083330484257e-01
   &COMPONENTS [&Type "ArrayOfIntegers", &Dim (26,4)] "The indices and atomic numbers of the bonding atoms"
                                                         0                           1                           2                           3

0                                                        0                           6                           1                           1
1                                                        0                           6                           2                           1
2                                                        0                           6                           3                           6
3                                                        3                           6                           4                           6
4                                                        3                           6                           7                           8
5                                                        4                           6                           5                           8
6                                                        4                           6                           6                           8
7                                                        5                           8                           6                           8
8                                                        7                           8                           8                           6
9                                                        8                           6                           9                           1
10                                                       8                           6                          10                           6
11                                                       8                           6                          17                           6
12                                                      10                           6                          11                           1
13                                                      10                           6                          12                           6
14                                                      12                           6                          13                           6
15                                                      12                           6                          21                           6
16                                                      13                           6                          14                           1
17                                                      13                           6                          15                           6
18                                                      15                           6                          16                           1
19                                                      15                           6                          17                           6
20                                                      17                           6                          18                           1
21                                                      17                           6                          19                           8
22                                                      19                           8                          20                           1
23                                                      21                           6                          22                           8
24                                                      21                           6                          23                           8
25                                                      22                           8                          23                           8
   &ATNO [&Type "ArrayOfIntegers", &Dim (24,1)] "Atomic number of the elements"
                                                         0

0                                                        6
1                                                        1
2                                                        1
3                                                        6
4                                                        6
5                                                        8
6                                                        8
7                                                        8
8                                                        6
9                                                        1
10                                                       6
11                                                       1
12                                                       6
13                                                       6
14                                                       1
15                                                       6
16                                                       1
17                                                       6
18                                                       1
19                                                       8
20                                                       1
21                                                       6
22                                                       8
23                                                       8
   &NA [&Type "ArrayOfDoubles", &Dim (24,1)] "Mulliken gross atomic population"
                                                         0

0                                      5.9890989482177615e+00
1                                      1.0275127097965779e+00
2                                      1.0287202345461290e+00
3                                      5.9879129130375368e+00
4                                      5.9140539946135604e+00
5                                      8.4125356575332031e+00
6                                      8.4217345032160882e+00
7                                      8.3783913601128326e+00
8                                      5.7310886936507721e+00
9                                      1.0798852709274269e+00
10                                     6.0932795818983925e+00
11                                     1.0630210789013632e+00
12                                     6.0197131621962177e+00
13                                     5.9544634534651655e+00
14                                     1.0530461692460595e+00
15                                     6.0218350911718765e+00
16                                     1.0688219597576565e+00
17                                     5.7916302579906711e+00
18                                     1.0190858808227867e+00
19                                     8.3361822086078519e+00
20                                     8.5690043016145734e-01
21                                     5.9245293187126054e+00
22                                     8.4233800454471321e+00
23                                     8.4031770759688573e+00
   &ZA [&Type "ArrayOfDoubles", &Dim (24,1)] "Total nuclear charge"
                                                         0

0                                      6.0000000000000000e+00
1                                      1.0000000000000000e+00
2                                      1.0000000000000000e+00
3                                      6.0000000000000000e+00
4                                      6.0000000000000000e+00
5                                      8.0000000000000000e+00
6                                      8.0000000000000000e+00
7                                      8.0000000000000000e+00
8                                      6.0000000000000000e+00
9                                      1.0000000000000000e+00
10                                     6.0000000000000000e+00
11                                     1.0000000000000000e+00
12                                     6.0000000000000000e+00
13                                     6.0000000000000000e+00
14                                     1.0000000000000000e+00
15                                     6.0000000000000000e+00
16                                     1.0000000000000000e+00
17                                     6.0000000000000000e+00
18                                     1.0000000000000000e+00
19                                     8.0000000000000000e+00
20                                     1.0000000000000000e+00
21                                     6.0000000000000000e+00
22                                     8.0000000000000000e+00
23                                     8.0000000000000000e+00
   &QA [&Type "ArrayOfDoubles", &Dim (24,1)] "Mulliken gross atomic charge"
                                                         0

0                                      1.0901051782238547e-02
1                                     -2.7512709796577939e-02
2                                     -2.8720234546129042e-02
3                                      1.2087086962463189e-02
4                                      8.5946005386439595e-02
5                                     -4.1253565753320309e-01
6                                     -4.2173450321608819e-01
7                                     -3.7839136011283259e-01
8                                      2.6891130634922789e-01
9                                     -7.9885270927426921e-02
10                                    -9.3279581898392472e-02
11                                    -6.3021078901363214e-02
12                                    -1.9713162196217660e-02
13                                     4.5536546534834521e-02
14                                    -5.3046169246059538e-02
15                                    -2.1835091171876542e-02
16                                    -6.8821959757656481e-02
17                                     2.0836974200932890e-01
18                                    -1.9085880822786727e-02
19                                    -3.3618220860785186e-01
20                                     1.4309956983854266e-01
21                                     7.5470681287394648e-02
22                                    -4.2338004544713215e-01
23                                    -4.0317707596885732e-01
   &VA [&Type "ArrayOfDoubles", &Dim (24,1)] "Mayer's total valence"
                                                         0

0                                      3.8867567095933535e+00
1                                      9.9499754738661861e-01
2                                      1.0243153482269007e+00
3                                      3.9334513084464282e+00
4                                      4.5097731548072755e+00
5                                      2.0872606880560736e+00
6                                      2.0509248556805688e+00
7                                      2.0861825387258284e+00
8                                      3.8531180102533438e+00
9                                      9.9591641695376920e-01
10                                     3.8690954134622393e+00
11                                     1.0290217377633624e+00
12                                     3.7144715626414082e+00
13                                     3.9222165256867410e+00
14                                     1.0386850878677090e+00
15                                     3.8077770328646392e+00
16                                     9.7990047221803034e-01
17                                     3.8878817669149655e+00
18                                     1.0654942043584579e+00
19                                     2.0192009360512215e+00
20                                     1.0216657761163299e+00
21                                     4.5548759896632340e+00
22                                     2.0763167997801726e+00
23                                     2.0886415879138234e+00
   &BVA [&Type "ArrayOfDoubles", &Dim (24,1)] "Mayer's bonded valence"
                                                         0

0                                      3.8867567095933273e+00
1                                      9.9499754738661128e-01
2                                      1.0243153482269025e+00
3                                      3.9334513084464207e+00
4                                      4.5097731548072799e+00
5                                      2.0872606880560767e+00
6                                      2.0509248556805844e+00
7                                      2.0861825387258133e+00
8                                      3.8531180102533549e+00
9                                      9.9591641695375954e-01
10                                     3.8690954134622295e+00
11                                     1.0290217377633579e+00
12                                     3.7144715626414464e+00
13                                     3.9222165256868240e+00
14                                     1.0386850878677054e+00
15                                     3.8077770328646614e+00
16                                     9.7990047221803933e-01
17                                     3.8878817669149823e+00
18                                     1.0654942043584594e+00
19                                     2.0192009360511491e+00
20                                     1.0216657761163237e+00
21                                     4.5548759896631852e+00
22                                     2.0763167997801180e+00
23                                     2.0886415879138251e+00
   &FA [&Type "ArrayOfDoubles", &Dim (24,1)] "Mayer's free valence"
                                                         0

0                                      0.0000000000000000e+00
1                                      0.0000000000000000e+00
2                                      0.0000000000000000e+00
3                                      0.0000000000000000e+00
4                                      0.0000000000000000e+00
5                                      0.0000000000000000e+00
6                                      0.0000000000000000e+00
7                                      0.0000000000000000e+00
8                                      0.0000000000000000e+00
9                                      0.0000000000000000e+00
10                                     0.0000000000000000e+00
11                                     0.0000000000000000e+00
12                                     0.0000000000000000e+00
13                                     0.0000000000000000e+00
14                                     0.0000000000000000e+00
15                                     0.0000000000000000e+00
16                                     0.0000000000000000e+00
17                                     0.0000000000000000e+00
18                                     0.0000000000000000e+00
19                                     0.0000000000000000e+00
20                                     0.0000000000000000e+00
21                                     0.0000000000000000e+00
22                                     0.0000000000000000e+00
23                                     0.0000000000000000e+00
$End
$VdW_Correction
   &GeometryIndex 1
   &ListStatus       OUT
   &VDW [&Type "Double"]      -5.2685626656475512e-02
$End
$Calculation_Info
   &GeometryIndex 1
   &ListStatus       OUT
   &MULT [&Type "Integer"] 1
   &CHARGE [&Type "Integer"] -2
   &NUMOFATOMS [&Type "Integer"] 24
   &NUMOFELECTRONS [&Type "Integer"] 118
   &NUMOFFCELECTRONS [&Type "Integer"] 1
   &NUMOFCORRELECTRONS [&Type "Integer"] 0
   &NUMOFBASISFUNCTS [&Type "Integer"] 264
   &NUMOFAUXCBASISFUNCTS [&Type "Integer"] 0
   &NUMOFAUXJBASISFUNCTS [&Type "Integer"] 872
   &NUMOFAUXJKBASISFUNCTS [&Type "Integer"] 0
   &NUMOFCABSBASISFUNCTS [&Type "Integer"] 0
   &TOTALENERGY [&Type "Double"]      -8.3614363485605850e+02  "Hartrees"
$End
$SCF_Dipole_Moment
   &GeometryIndex 1
   &ListStatus       OUT
   &METHOD [&Type "String"] "SCF"
   &LEVEL [&Type "String"] "Relaxed density"
   &MULT [&Type "Integer"] 1
   &STATE [&Type "Integer"] -1
   &IRREP [&Type "Integer"] 0
   &NATOMS [&Type "Integer"] 24
   &DODIPOLEATOM [&Type "Boolean"] false
   &DIPOLEELECCONTRIB [&Type "ArrayOfDoubles", &Dim (3,1)] "Electronic contribution"
                                                         0

0                                      9.1555258417717134e-01
1                                      1.6156906562570306e-01
2                                      2.6478280308924201e-01
   &DIPOLENUCCONTRIB [&Type "ArrayOfDoubles", &Dim (3,1)] "Nuclear contribution"
                                                         0

0                                     -3.2019828554161336e+00
1                                     -2.3040803697141783e+00
2                                     -1.3479874563305572e+00
   &DIPOLETOTAL [&Type "ArrayOfDoubles", &Dim (3,1)] "Total"
                                                         0

0                                     -2.2864302712389621e+00
1                                     -2.1425113040884751e+00
2                                     -1.0832046532413151e+00
   &DIPOLEMAGNITUDE [&Type "Double", &Units "a.u."]       3.3153356382406303e+00
$End
