*************************************************
******************* ORCA 6.0.1 ******************
*************************************************
$Calculation_Status
   &GeometryIndex 1
   &ListStatus       OUT
   &VERSION [&Type "String"] "6.0.1"
   &PROGNAME [&Type "String"] "LeanSCF"
   &STATUS [&Type "String"] "NORMAL TERMINATION"
$End
$Geometry
   &GeometryIndex 1
   &ListStatus       OUT
   &NATOMS [&Type "Integer"] 24
   &NCORELESSECP [&Type "Integer"] 0
   &NGHOSTATOMS [&Type "Integer"] 0
   &CartesianCoordinates [&Type "Coordinates", &Dim(24,4), &Units "Bohr"] 
              C     86.832915853682   36.046526004548   78.431193462268
              H     87.738094671830   34.668915652919   77.199092022951
              H     87.796676181981   37.822868570434   78.837484581061
              C     84.582252028181   35.617558172148   79.496999001799
              C     83.393614289945   37.486497318596   81.335702530105
              O     84.185409540058   39.731491965694   81.309246364230
              O     81.723096387558   36.655017819671   82.798350557760
              O     83.280230721910   33.387681334121   79.081259252337
              C     81.532234048032   33.253510778612   76.909963924461
              H     80.825476473946   31.301423682272   76.970435160747
              C     83.000551254089   33.748619025700   74.540247352524
              H     84.140056112844   32.244397023098   73.704988401331
              C     83.189523867481   36.120225323771   73.631289082108
              C     81.677742960344   38.153570643870   74.768904214728
              H     82.121828601816   40.067863217532   74.145294590534
              C     79.882503133119   37.684918562658   76.501783079534
              H     78.797800332248   39.223155635669   77.348380387531
              C     79.255114056657   35.027963618364   77.306806412584
              H     78.856381842400   35.035522522900   79.343931184952
              O     77.125392703728   34.128453978618   75.925416608688
              H     75.728885090760   33.678699158745   77.127282429862
              C     85.105706167277   36.845880159197   71.609282118812
              O     86.330248702058   35.143236912534   70.475446438459
              O     85.347591112419   39.181581660723   71.282359497644
$End
$SCF_Energy
   &GeometryIndex 1
   &ListStatus       OUT
   &SCF_ENERGY [&Type "Double"]      -8.3608797460855453e+02
$End
$DFT_Energy
   &GeometryIndex 1
   &ListStatus       OUT
   &NALPHAEL [&Type "Integer"] 59
   &NBETAEL [&Type "Integer"] 59
   &NTOTALEL [&Type "Integer"] 118
   &EEXCHANGE [&Type "Double"]      -8.3123052745329176e+01
   &ECORR [&Type "Double"]      -4.8459228431475143e+00
   &ECNL [&Type "Double"]       0.0000000000000000e+00
   &EXC [&Type "Double"]      -8.7968975588476695e+01
   &EEMBED [&Type "Double"]       0.0000000000000000e+00
   &FINALEN [&Type "Double"]      -8.3608797460855453e+02  "No Van der Waals correction"
$End
$Mulliken_Population_Analysis
   &GeometryIndex 1
   &ListStatus       OUT
   &NATOMS [&Type "Integer"] 24
   &ATNO [&Type "ArrayOfIntegers", &Dim (24,1)] 
                                                         0

0                                                        6
1                                                        1
2                                                        1
3                                                        6
4                                                        6
5                                                        8
6                                                        8
7                                                        8
8                                                        6
9                                                        1
10                                                       6
11                                                       1
12                                                       6
13                                                       6
14                                                       1
15                                                       6
16                                                       1
17                                                       6
18                                                       1
19                                                       8
20                                                       1
21                                                       6
22                                                       8
23                                                       8
   &ATOMICCHARGES [&Type "ArrayOfDoubles", &Dim (24,1)] 
                                                         0

0                                      1.3605814513439896e-02
1                                     -3.7211916207335438e-02
2                                     -2.7839994331527285e-02
3                                      1.7709034972158477e-02
4                                      9.0739871244397641e-02
5                                     -4.1419791477359347e-01
6                                     -4.2413077640274821e-01
7                                     -3.7499193079376703e-01
8                                      2.6622340131125188e-01
9                                     -8.8664863525801829e-02
10                                    -8.9181988707560222e-02
11                                    -6.8069641033854822e-02
12                                    -3.0062536175718968e-02
13                                     5.1599651516239575e-02
14                                    -4.9143122609154100e-02
15                                    -1.6836652187833145e-02
16                                    -6.7039000187776310e-02
17                                     2.0730344302488124e-01
18                                    -1.9384859059977000e-02
19                                    -3.3579838079656987e-01
20                                     1.4260552555688533e-01
21                                     7.6888431034669580e-02
22                                    -4.2253382996151601e-01
23                                    -4.0158776641916205e-01
$End
$Loewdin_Population_Analysis
   &GeometryIndex 1
   &ListStatus       OUT
   &NATOMS [&Type "Integer"] 24
   &ATNO [&Type "ArrayOfIntegers", &Dim (24,1)] 
                                                         0

0                                                        6
1                                                        1
2                                                        1
3                                                        6
4                                                        6
5                                                        8
6                                                        8
7                                                        8
8                                                        6
9                                                        1
10                                                       6
11                                                       1
12                                                       6
13                                                       6
14                                                       1
15                                                       6
16                                                       1
17                                                       6
18                                                       1
19                                                       8
20                                                       1
21                                                       6
22                                                       8
23                                                       8
   &ATOMICCHARGES [&Type "ArrayOfDoubles", &Dim (24,1)] 
                                                         0

0                                     -1.0002119275207644e-01
1                                      8.4758154312747358e-04
2                                      1.1577299912769456e-02
3                                     -1.5489946345432770e-03
4                                     -6.0178073432120449e-02
5                                     -3.8272687026614705e-01
6                                     -3.8494910879639654e-01
7                                     -1.5968309758081745e-01
8                                      8.1887208739253481e-02
9                                     -6.1870444477316600e-03
10                                    -5.4840159626801110e-02
11                                     4.5858085152827854e-04
12                                    -5.3004436715507808e-02
13                                    -3.8374958850262431e-04
14                                     1.5120697315120446e-02
15                                    -5.6031193132808355e-02
16                                     1.3261059318311341e-03
17                                     4.4514300387269223e-02
18                                     7.2173272547283451e-03
19                                    -1.7289062262762833e-01
20                                     7.3894217764454928e-02
21                                    -4.1611366233316183e-02
22                                    -3.9540966970005975e-01
23                                    -3.6737774016562419e-01
$End
$Mayer_Population_Analysis
   &GeometryIndex 1
   &ListStatus       OUT
   &NATOMS [&Type "Integer"] 24 "Total number of atoms"
   &BONDTHRESH [&Type "Double"]       1.0000000000000001e-01  "The threshold for printing"
   &NBONDORDERSPRINT [&Type "Integer"] 26 "The number of bond orders larger than threshold"
   &BONDORDERS [&Type "ArrayOfDoubles", &Dim (26,1)] "The bond orders"
                                                         0

0                                      9.1533811365461215e-01
1                                      9.0744660683592449e-01
2                                      1.9647145498638083e+00
3                                      8.3096703009477979e-01
4                                      1.0354454615821971e+00
5                                      1.8799033828768681e+00
6                                      1.7934138667421453e+00
7                                      1.2081112834362023e-01
8                                      9.4853299114888401e-01
9                                      8.9180320203309771e-01
10                                     9.7233412421955157e-01
11                                     9.7026324532787356e-01
12                                     9.3807305873593694e-01
13                                     1.7726686697568450e+00
14                                     1.1043768061066330e+00
15                                     8.3288780062705259e-01
16                                     9.6072202158985387e-01
17                                     1.7650453723388777e+00
18                                     9.5299680730397474e-01
19                                     9.6543019551940024e-01
20                                     8.9434682976235802e-01
21                                     1.0213774829206310e+00
22                                     9.7854994900401049e-01
23                                     1.8833433571947937e+00
24                                     1.8528494386670207e+00
25                                     1.2595731039689961e-01
   &COMPONENTS [&Type "ArrayOfIntegers", &Dim (26,4)] "The indices and atomic numbers of the bonding atoms"
                                                         0                           1                           2                           3

0                                                        0                           6                           1                           1
1                                                        0                           6                           2                           1
2                                                        0                           6                           3                           6
3                                                        3                           6                           4                           6
4                                                        3                           6                           7                           8
5                                                        4                           6                           5                           8
6                                                        4                           6                           6                           8
7                                                        5                           8                           6                           8
8                                                        7                           8                           8                           6
9                                                        8                           6                           9                           1
10                                                       8                           6                          10                           6
11                                                       8                           6                          17                           6
12                                                      10                           6                          11                           1
13                                                      10                           6                          12                           6
14                                                      12                           6                          13                           6
15                                                      12                           6                          21                           6
16                                                      13                           6                          14                           1
17                                                      13                           6                          15                           6
18                                                      15                           6                          16                           1
19                                                      15                           6                          17                           6
20                                                      17                           6                          18                           1
21                                                      17                           6                          19                           8
22                                                      19                           8                          20                           1
23                                                      21                           6                          22                           8
24                                                      21                           6                          23                           8
25                                                      22                           8                          23                           8
   &ATNO [&Type "ArrayOfIntegers", &Dim (24,1)] "Atomic number of the elements"
                                                         0

0                                                        6
1                                                        1
2                                                        1
3                                                        6
4                                                        6
5                                                        8
6                                                        8
7                                                        8
8                                                        6
9                                                        1
10                                                       6
11                                                       1
12                                                       6
13                                                       6
14                                                       1
15                                                       6
16                                                       1
17                                                       6
18                                                       1
19                                                       8
20                                                       1
21                                                       6
22                                                       8
23                                                       8
   &NA [&Type "ArrayOfDoubles", &Dim (24,1)] "Mulliken gross atomic population"
                                                         0

0                                      5.9863941854865601e+00
1                                      1.0372119162073357e+00
2                                      1.0278399943315275e+00
3                                      5.9822909650278424e+00
4                                      5.9092601287556032e+00
5                                      8.4141979147735917e+00
6                                      8.4241307764027482e+00
7                                      8.3749919307937670e+00
8                                      5.7337765986887508e+00
9                                      1.0886648635258018e+00
10                                     6.0891819887075620e+00
11                                     1.0680696410338550e+00
12                                     6.0300625361757190e+00
13                                     5.9484003484837613e+00
14                                     1.0491431226091537e+00
15                                     6.0168366521878314e+00
16                                     1.0670390001877765e+00
17                                     5.7926965569751152e+00
18                                     1.0193848590599770e+00
19                                     8.3357983807965716e+00
20                                     8.5739447444311456e-01
21                                     5.9231115689653322e+00
22                                     8.4225338299615196e+00
23                                     8.4015877664191621e+00
   &ZA [&Type "ArrayOfDoubles", &Dim (24,1)] "Total nuclear charge"
                                                         0

0                                      6.0000000000000000e+00
1                                      1.0000000000000000e+00
2                                      1.0000000000000000e+00
3                                      6.0000000000000000e+00
4                                      6.0000000000000000e+00
5                                      8.0000000000000000e+00
6                                      8.0000000000000000e+00
7                                      8.0000000000000000e+00
8                                      6.0000000000000000e+00
9                                      1.0000000000000000e+00
10                                     6.0000000000000000e+00
11                                     1.0000000000000000e+00
12                                     6.0000000000000000e+00
13                                     6.0000000000000000e+00
14                                     1.0000000000000000e+00
15                                     6.0000000000000000e+00
16                                     1.0000000000000000e+00
17                                     6.0000000000000000e+00
18                                     1.0000000000000000e+00
19                                     8.0000000000000000e+00
20                                     1.0000000000000000e+00
21                                     6.0000000000000000e+00
22                                     8.0000000000000000e+00
23                                     8.0000000000000000e+00
   &QA [&Type "ArrayOfDoubles", &Dim (24,1)] "Mulliken gross atomic charge"
                                                         0

0                                      1.3605814513439896e-02
1                                     -3.7211916207335660e-02
2                                     -2.7839994331527507e-02
3                                      1.7709034972157589e-02
4                                      9.0739871244396753e-02
5                                     -4.1419791477359169e-01
6                                     -4.2413077640274821e-01
7                                     -3.7499193079376703e-01
8                                      2.6622340131124922e-01
9                                     -8.8664863525801829e-02
10                                    -8.9181988707561999e-02
11                                    -6.8069641033855044e-02
12                                    -3.0062536175718968e-02
13                                     5.1599651516238687e-02
14                                    -4.9143122609153655e-02
15                                    -1.6836652187831369e-02
16                                    -6.7039000187776532e-02
17                                     2.0730344302488479e-01
18                                    -1.9384859059977000e-02
19                                    -3.3579838079657165e-01
20                                     1.4260552555688544e-01
21                                     7.6888431034667803e-02
22                                    -4.2253382996151956e-01
23                                    -4.0158776641916205e-01
   &VA [&Type "ArrayOfDoubles", &Dim (24,1)] "Mayer's total valence"
                                                         0

0                                      3.8914945499298086e+00
1                                      9.8947613012000990e-01
2                                      1.0193103254786449e+00
3                                      3.9460695081683350e+00
4                                      4.5092511002062059e+00
5                                      2.0838113240204836e+00
6                                      2.0467919346564707e+00
7                                      2.0878033984873401e+00
8                                      3.8497748481021561e+00
9                                      9.9252140722436555e-01
10                                     3.8658048385927875e+00
11                                     1.0280667468970828e+00
12                                     3.7255424849852630e+00
13                                     3.9251869831935844e+00
14                                     1.0408805744390879e+00
15                                     3.8142093485876871e+00
16                                     9.8227403264478352e-01
17                                     3.8931385321813754e+00
18                                     1.0601088705344310e+00
19                                     2.0179519524447871e+00
20                                     1.0207847761851576e+00
21                                     4.5560778875017522e+00
22                                     2.0762166481018904e+00
23                                     2.0936554152228535e+00
   &BVA [&Type "ArrayOfDoubles", &Dim (24,1)] "Mayer's bonded valence"
                                                         0

0                                      3.8914945499298117e+00
1                                      9.8947613012000779e-01
2                                      1.0193103254786409e+00
3                                      3.9460695081683430e+00
4                                      4.5092511002062139e+00
5                                      2.0838113240204752e+00
6                                      2.0467919346565022e+00
7                                      2.0878033984873277e+00
8                                      3.8497748481021814e+00
9                                      9.9252140722436655e-01
10                                     3.8658048385928270e+00
11                                     1.0280667468970839e+00
12                                     3.7255424849852736e+00
13                                     3.9251869831935648e+00
14                                     1.0408805744390857e+00
15                                     3.8142093485876662e+00
16                                     9.8227403264477975e-01
17                                     3.8931385321813643e+00
18                                     1.0601088705344315e+00
19                                     2.0179519524447613e+00
20                                     1.0207847761851572e+00
21                                     4.5560778875017141e+00
22                                     2.0762166481018856e+00
23                                     2.0936554152228304e+00
   &FA [&Type "ArrayOfDoubles", &Dim (24,1)] "Mayer's free valence"
                                                         0

0                                      0.0000000000000000e+00
1                                      0.0000000000000000e+00
2                                      0.0000000000000000e+00
3                                      0.0000000000000000e+00
4                                      0.0000000000000000e+00
5                                      0.0000000000000000e+00
6                                      0.0000000000000000e+00
7                                      0.0000000000000000e+00
8                                      0.0000000000000000e+00
9                                      0.0000000000000000e+00
10                                     0.0000000000000000e+00
11                                     0.0000000000000000e+00
12                                     0.0000000000000000e+00
13                                     0.0000000000000000e+00
14                                     0.0000000000000000e+00
15                                     0.0000000000000000e+00
16                                     0.0000000000000000e+00
17                                     0.0000000000000000e+00
18                                     0.0000000000000000e+00
19                                     0.0000000000000000e+00
20                                     0.0000000000000000e+00
21                                     0.0000000000000000e+00
22                                     0.0000000000000000e+00
23                                     0.0000000000000000e+00
$End
$VdW_Correction
   &GeometryIndex 1
   &ListStatus       OUT
   &VDW [&Type "Double"]      -5.3383396783777765e-02
$End
$Calculation_Info
   &GeometryIndex 1
   &ListStatus       OUT
   &MULT [&Type "Integer"] 1
   &CHARGE [&Type "Integer"] -2
   &NUMOFATOMS [&Type "Integer"] 24
   &NUMOFELECTRONS [&Type "Integer"] 118
   &NUMOFFCELECTRONS [&Type "Integer"] 1
   &NUMOFCORRELECTRONS [&Type "Integer"] 0
   &NUMOFBASISFUNCTS [&Type "Integer"] 264
   &NUMOFAUXCBASISFUNCTS [&Type "Integer"] 0
   &NUMOFAUXJBASISFUNCTS [&Type "Integer"] 872
   &NUMOFAUXJKBASISFUNCTS [&Type "Integer"] 0
   &NUMOFCABSBASISFUNCTS [&Type "Integer"] 0
   &TOTALENERGY [&Type "Double"]      -8.3614135800533836e+02  "Hartrees"
$End
$SCF_Dipole_Moment
   &GeometryIndex 1
   &ListStatus       OUT
   &METHOD [&Type "String"] "SCF"
   &LEVEL [&Type "String"] "Relaxed density"
   &MULT [&Type "Integer"] 1
   &STATE [&Type "Integer"] -1
   &IRREP [&Type "Integer"] 0
   &NATOMS [&Type "Integer"] 24
   &DODIPOLEATOM [&Type "Boolean"] false
   &DIPOLEELECCONTRIB [&Type "ArrayOfDoubles", &Dim (3,1)] "Electronic contribution"
                                                         0

0                                      8.6795565542351516e-01
1                                      4.2161591861807607e-01
2                                     -4.0783679751836344e-01
   &DIPOLENUCCONTRIB [&Type "ArrayOfDoubles", &Dim (3,1)] "Nuclear contribution"
                                                         0

0                                     -3.4891194276367088e+00
1                                     -2.5113300020822820e+00
2                                      8.5904727237489453e-01
   &DIPOLETOTAL [&Type "ArrayOfDoubles", &Dim (3,1)] "Total"
                                                         0

0                                     -2.6211637722131935e+00
1                                     -2.0897140834642061e+00
2                                      4.5121047485653110e-01
   &DIPOLEMAGNITUDE [&Type "Double", &Units "a.u."]       3.3824540446267415e+00
$End
