*************************************************
******************* ORCA 6.0.1 ******************
*************************************************
$Calculation_Status
   &GeometryIndex 1
   &ListStatus       OUT
   &VERSION [&Type "String"] "6.0.1"
   &PROGNAME [&Type "String"] "LeanSCF"
   &STATUS [&Type "String"] "NORMAL TERMINATION"
$End
$Geometry
   &GeometryIndex 1
   &ListStatus       OUT
   &NATOMS [&Type "Integer"] 24
   &NCORELESSECP [&Type "Integer"] 0
   &NGHOSTATOMS [&Type "Integer"] 0
   &CartesianCoordinates [&Type "Coordinates", &Dim(24,4), &Units "Bohr"] 
              C     80.050087274441   32.575166764850   98.032324541028
              H     81.122802936236   31.254877080213   96.876091115407
              H     80.970438266106   34.301085582089   98.675229463368
              C     77.821029839542   31.801809980672   99.214465188927
              C     76.550192239321   33.499618193656  101.221974432548
              O     77.895721043355   35.116368971470  102.283294544115
              O     74.243543258447   33.085264933383  101.698101636227
              O     76.663043282445   29.804684923404   98.512269601826
              C     74.930290642856   30.433459926512   94.980249787371
              H     74.267132552782   28.486182085226   94.856640687046
              C     77.126432571483   31.140218677460   93.750755453896
              H     78.373954544492   29.734132261581   92.904730585154
              C     78.057747187807   33.598066750260   94.064065601563
              C     76.333386371870   35.562060330299   94.986831087987
              H     77.037827524759   37.499753163673   95.019402724467
              C     73.983386317429   34.992632311633   95.757412828856
              H     72.727523195365   36.479177084473   96.434828878154
              C     72.949961004667   32.345593874093   95.758018460393
              H     72.321767835924   31.920775375334   97.693306935773
              O     70.891833791842   32.147160495535   94.028950625549
              H     69.317682641162   31.544792008599   94.907372986529
              C     80.426894797984   34.376211226351   92.591241004881
              O     81.976050035287   32.683854431357   92.020733626658
              O     80.619525984382   36.672951017379   91.983499275272
$End
$SCF_Energy
   &GeometryIndex 1
   &ListStatus       OUT
   &SCF_ENERGY [&Type "Double"]      -8.3606290730892499e+02
$End
$DFT_Energy
   &GeometryIndex 1
   &ListStatus       OUT
   &NALPHAEL [&Type "Integer"] 59
   &NBETAEL [&Type "Integer"] 59
   &NTOTALEL [&Type "Integer"] 117
   &EEXCHANGE [&Type "Double"]      -8.3083401247766872e+01
   &ECORR [&Type "Double"]      -4.8431819197181500e+00
   &ECNL [&Type "Double"]       0.0000000000000000e+00
   &EXC [&Type "Double"]      -8.7926583167485020e+01
   &EEMBED [&Type "Double"]       0.0000000000000000e+00
   &FINALEN [&Type "Double"]      -8.3606290730892499e+02  "No Van der Waals correction"
$End
$Mulliken_Population_Analysis
   &GeometryIndex 1
   &ListStatus       OUT
   &NATOMS [&Type "Integer"] 24
   &ATNO [&Type "ArrayOfIntegers", &Dim (24,1)] 
                                                         0

0                                                        6
1                                                        1
2                                                        1
3                                                        6
4                                                        6
5                                                        8
6                                                        8
7                                                        8
8                                                        6
9                                                        1
10                                                       6
11                                                       1
12                                                       6
13                                                       6
14                                                       1
15                                                       6
16                                                       1
17                                                       6
18                                                       1
19                                                       8
20                                                       1
21                                                       6
22                                                       8
23                                                       8
   &ATOMICCHARGES [&Type "ArrayOfDoubles", &Dim (24,1)] 
                                                         0

0                                      7.5243801334683447e-02
1                                     -2.5796444216375392e-02
2                                     -1.8613450004847154e-02
3                                     -3.2401306398455176e-02
4                                      7.5852377324082454e-02
5                                     -3.9915804524966703e-01
6                                     -4.2485967845199291e-01
7                                     -3.2671242973225034e-01
8                                      7.0208127619699745e-02
9                                     -7.8284761641875367e-02
10                                     2.0230298310996098e-02
11                                    -6.1973135978015792e-02
12                                    -1.2867294568090237e-01
13                                     6.6609532475421673e-02
14                                    -5.3477431900553096e-02
15                                    -2.8239292378192893e-02
16                                    -7.5553703866420463e-02
17                                     2.8301890295724697e-01
18                                    -3.4296575442120947e-03
19                                    -3.5275764936993426e-01
20                                     1.3720242300221264e-01
21                                     9.7746166376634136e-02
22                                    -4.0864221454354777e-01
23                                    -4.0753948244385363e-01
$End
$Loewdin_Population_Analysis
   &GeometryIndex 1
   &ListStatus       OUT
   &NATOMS [&Type "Integer"] 24
   &ATNO [&Type "ArrayOfIntegers", &Dim (24,1)] 
                                                         0

0                                                        6
1                                                        1
2                                                        1
3                                                        6
4                                                        6
5                                                        8
6                                                        8
7                                                        8
8                                                        6
9                                                        1
10                                                       6
11                                                       1
12                                                       6
13                                                       6
14                                                       1
15                                                       6
16                                                       1
17                                                       6
18                                                       1
19                                                       8
20                                                       1
21                                                       6
22                                                       8
23                                                       8
   &ATOMICCHARGES [&Type "ArrayOfDoubles", &Dim (24,1)] 
                                                         0

0                                     -5.3601331513476680e-02
1                                      6.1888977334948470e-03
2                                      9.8334347224094953e-03
3                                     -3.0613779840899191e-02
4                                     -6.5830881026556654e-02
5                                     -3.6733965934403301e-01
6                                     -3.8895429321205199e-01
7                                     -2.0684443088719462e-01
8                                      4.4089112639846384e-02
9                                     -3.2154939944284422e-03
10                                    -6.1318603399816318e-02
11                                     5.8662868484354869e-03
12                                    -7.7664681283389214e-03
13                                    -9.9102675243534222e-03
14                                     1.4568525232538487e-02
15                                    -4.6591581573633079e-02
16                                    -5.4786224365166447e-04
17                                     4.8663619967043381e-02
18                                     1.3798684834963715e-02
19                                    -1.8000679140059539e-01
20                                     7.0122497105835180e-02
21                                    -3.9108496971513418e-02
22                                    -3.7480471963014317e-01
23                                    -3.7667639839398248e-01
$End
$Mayer_Population_Analysis
   &GeometryIndex 1
   &ListStatus       OUT
   &NATOMS [&Type "Integer"] 24 "Total number of atoms"
   &BONDTHRESH [&Type "Double"]       1.0000000000000001e-01  "The threshold for printing"
   &NBONDORDERSPRINT [&Type "Integer"] 29 "The number of bond orders larger than threshold"
   &BONDORDERS [&Type "ArrayOfDoubles", &Dim (29,1)] "The bond orders"
                                                         0

0                                      9.0529692799029426e-01
1                                      9.2445469040471606e-01
2                                      1.4415373751370795e+00
3                                      1.0727592241834985e-01
4                                      3.5722129696046950e-01
5                                      8.1497947177621166e-01
6                                      1.6016160119283425e+00
7                                      1.8707689642171550e+00
8                                      1.7937133299602437e+00
9                                      1.2517167569676721e-01
10                                     1.0956647284800473e-01
11                                     3.1747311677975931e-01
12                                     9.3688961007974558e-01
13                                     1.4656127693162442e+00
14                                     9.9032763285470127e-01
15                                     9.4992544969588888e-01
16                                     1.3551795684052956e+00
17                                     1.0537984774053026e+00
18                                     8.2636183615474912e-01
19                                     9.7164594445665053e-01
20                                     1.7755801993005111e+00
21                                     9.5271597483596093e-01
22                                     9.7559021919090250e-01
23                                     8.6198572323214073e-01
24                                     9.8536200106556804e-01
25                                     9.7397456846192521e-01
26                                     1.8364515979261982e+00
27                                     1.8743682115560163e+00
28                                     1.2060821914451460e-01
   &COMPONENTS [&Type "ArrayOfIntegers", &Dim (29,4)] "The indices and atomic numbers of the bonding atoms"
                                                         0                           1                           2                           3

0                                                        0                           6                           1                           1
1                                                        0                           6                           2                           1
2                                                        0                           6                           3                           6
3                                                        0                           6                           8                           6
4                                                        0                           6                          12                           6
5                                                        3                           6                           4                           6
6                                                        3                           6                           7                           8
7                                                        4                           6                           5                           8
8                                                        4                           6                           6                           8
9                                                        5                           8                           6                           8
10                                                       6                           8                          18                           1
11                                                       7                           8                           8                           6
12                                                       8                           6                           9                           1
13                                                       8                           6                          10                           6
14                                                       8                           6                          17                           6
15                                                      10                           6                          11                           1
16                                                      10                           6                          12                           6
17                                                      12                           6                          13                           6
18                                                      12                           6                          21                           6
19                                                      13                           6                          14                           1
20                                                      13                           6                          15                           6
21                                                      15                           6                          16                           1
22                                                      15                           6                          17                           6
23                                                      17                           6                          18                           1
24                                                      17                           6                          19                           8
25                                                      19                           8                          20                           1
26                                                      21                           6                          22                           8
27                                                      21                           6                          23                           8
28                                                      22                           8                          23                           8
   &ATNO [&Type "ArrayOfIntegers", &Dim (24,1)] "Atomic number of the elements"
                                                         0

0                                                        6
1                                                        1
2                                                        1
3                                                        6
4                                                        6
5                                                        8
6                                                        8
7                                                        8
8                                                        6
9                                                        1
10                                                       6
11                                                       1
12                                                       6
13                                                       6
14                                                       1
15                                                       6
16                                                       1
17                                                       6
18                                                       1
19                                                       8
20                                                       1
21                                                       6
22                                                       8
23                                                       8
   &NA [&Type "ArrayOfDoubles", &Dim (24,1)] "Mulliken gross atomic population"
                                                         0

0                                      5.9247561986653157e+00
1                                      1.0257964442163763e+00
2                                      1.0186134500048447e+00
3                                      6.0324013063984667e+00
4                                      5.9241476226759344e+00
5                                      8.3991580452496510e+00
6                                      8.4248596784519965e+00
7                                      8.3267124297322272e+00
8                                      5.9297918723803109e+00
9                                      1.0782847616418738e+00
10                                     5.9797697016890012e+00
11                                     1.0619731359780158e+00
12                                     6.1286729456808935e+00
13                                     5.9333904675245810e+00
14                                     1.0534774319005547e+00
15                                     6.0282392923782036e+00
16                                     1.0755537038664209e+00
17                                     5.7169810970427655e+00
18                                     1.0034296575442128e+00
19                                     8.3527576493699573e+00
20                                     8.6279757699778770e-01
21                                     5.9022538336233756e+00
22                                     8.4086422145435602e+00
23                                     8.4075394824438732e+00
   &ZA [&Type "ArrayOfDoubles", &Dim (24,1)] "Total nuclear charge"
                                                         0

0                                      6.0000000000000000e+00
1                                      1.0000000000000000e+00
2                                      1.0000000000000000e+00
3                                      6.0000000000000000e+00
4                                      6.0000000000000000e+00
5                                      8.0000000000000000e+00
6                                      8.0000000000000000e+00
7                                      8.0000000000000000e+00
8                                      6.0000000000000000e+00
9                                      1.0000000000000000e+00
10                                     6.0000000000000000e+00
11                                     1.0000000000000000e+00
12                                     6.0000000000000000e+00
13                                     6.0000000000000000e+00
14                                     1.0000000000000000e+00
15                                     6.0000000000000000e+00
16                                     1.0000000000000000e+00
17                                     6.0000000000000000e+00
18                                     1.0000000000000000e+00
19                                     8.0000000000000000e+00
20                                     1.0000000000000000e+00
21                                     6.0000000000000000e+00
22                                     8.0000000000000000e+00
23                                     8.0000000000000000e+00
   &QA [&Type "ArrayOfDoubles", &Dim (24,1)] "Mulliken gross atomic charge"
                                                         0

0                                      7.5243801334684335e-02
1                                     -2.5796444216376280e-02
2                                     -1.8613450004844712e-02
3                                     -3.2401306398466723e-02
4                                      7.5852377324065579e-02
5                                     -3.9915804524965104e-01
6                                     -4.2485967845199646e-01
7                                     -3.2671242973222725e-01
8                                      7.0208127619689087e-02
9                                     -7.8284761641873812e-02
10                                     2.0230298310998762e-02
11                                    -6.1973135978015792e-02
12                                    -1.2867294568089349e-01
13                                     6.6609532475419009e-02
14                                    -5.3477431900554651e-02
15                                    -2.8239292378203551e-02
16                                    -7.5553703866420907e-02
17                                     2.8301890295723453e-01
18                                    -3.4296575442127608e-03
19                                    -3.5275764936995735e-01
20                                     1.3720242300221230e-01
21                                     9.7746166376624366e-02
22                                    -4.0864221454356020e-01
23                                    -4.0753948244387317e-01
   &VA [&Type "ArrayOfDoubles", &Dim (24,1)] "Mayer's total valence"
                                                         0

0                                      3.8290253402336032e+00
1                                      1.0273700937187018e+00
2                                      1.0211079811789578e+00
3                                      4.0056054776900485e+00
4                                      4.4800987761915101e+00
5                                      2.0929768257463661e+00
6                                      2.0658359220794775e+00
7                                      2.1211559745213764e+00
8                                      3.9283562497656996e+00
9                                      9.8966953754119169e-01
10                                     3.9122739291520281e+00
11                                     1.0300425355232363e+00
12                                     3.6989204151725548e+00
13                                     3.8976555261016976e+00
14                                     1.0268242061401305e+00
15                                     3.8768391615090740e+00
16                                     9.8445585090264942e-01
17                                     3.8311078831680447e+00
18                                     1.0782318973206950e+00
19                                     1.9960864547186226e+00
20                                     1.0267108420517355e+00
21                                     4.5359199090383999e+00
22                                     2.0729439421477025e+00
23                                     2.0964310580727763e+00
   &BVA [&Type "ArrayOfDoubles", &Dim (24,1)] "Mayer's bonded valence"
                                                         0

0                                      3.8290253402336494e+00
1                                      1.0273700937186927e+00
2                                      1.0211079811789658e+00
3                                      4.0056054776899739e+00
4                                      4.4800987761915074e+00
5                                      2.0929768257464128e+00
6                                      2.0658359220794544e+00
7                                      2.1211559745214004e+00
8                                      3.9283562497656557e+00
9                                      9.8966953754118703e-01
10                                     3.9122739291520801e+00
11                                     1.0300425355232552e+00
12                                     3.6989204151726351e+00
13                                     3.8976555261017278e+00
14                                     1.0268242061401385e+00
15                                     3.8768391615090949e+00
16                                     9.8445585090266008e-01
17                                     3.8311078831680101e+00
18                                     1.0782318973206921e+00
19                                     1.9960864547185428e+00
20                                     1.0267108420517348e+00
21                                     4.5359199090384177e+00
22                                     2.0729439421476421e+00
23                                     2.0964310580727790e+00
   &FA [&Type "ArrayOfDoubles", &Dim (24,1)] "Mayer's free valence"
                                                         0

0                                      0.0000000000000000e+00
1                                      0.0000000000000000e+00
2                                      0.0000000000000000e+00
3                                      0.0000000000000000e+00
4                                      0.0000000000000000e+00
5                                      0.0000000000000000e+00
6                                      0.0000000000000000e+00
7                                      0.0000000000000000e+00
8                                      0.0000000000000000e+00
9                                      0.0000000000000000e+00
10                                     0.0000000000000000e+00
11                                     0.0000000000000000e+00
12                                     0.0000000000000000e+00
13                                     0.0000000000000000e+00
14                                     0.0000000000000000e+00
15                                     0.0000000000000000e+00
16                                     0.0000000000000000e+00
17                                     0.0000000000000000e+00
18                                     0.0000000000000000e+00
19                                     0.0000000000000000e+00
20                                     0.0000000000000000e+00
21                                     0.0000000000000000e+00
22                                     0.0000000000000000e+00
23                                     0.0000000000000000e+00
$End
$VdW_Correction
   &GeometryIndex 1
   &ListStatus       OUT
   &VDW [&Type "Double"]      -5.6503490906640766e-02
$End
$Calculation_Info
   &GeometryIndex 1
   &ListStatus       OUT
   &MULT [&Type "Integer"] 1
   &CHARGE [&Type "Integer"] -2
   &NUMOFATOMS [&Type "Integer"] 24
   &NUMOFELECTRONS [&Type "Integer"] 118
   &NUMOFFCELECTRONS [&Type "Integer"] 1
   &NUMOFCORRELECTRONS [&Type "Integer"] 0
   &NUMOFBASISFUNCTS [&Type "Integer"] 264
   &NUMOFAUXCBASISFUNCTS [&Type "Integer"] 0
   &NUMOFAUXJBASISFUNCTS [&Type "Integer"] 872
   &NUMOFAUXJKBASISFUNCTS [&Type "Integer"] 0
   &NUMOFCABSBASISFUNCTS [&Type "Integer"] 0
   &TOTALENERGY [&Type "Double"]      -8.3611941079983160e+02  "Hartrees"
$End
$SCF_Dipole_Moment
   &GeometryIndex 1
   &ListStatus       OUT
   &METHOD [&Type "String"] "SCF"
   &LEVEL [&Type "String"] "Relaxed density"
   &MULT [&Type "Integer"] 1
   &STATE [&Type "Integer"] -1
   &IRREP [&Type "Integer"] 0
   &NATOMS [&Type "Integer"] 24
   &DODIPOLEATOM [&Type "Boolean"] false
   &DIPOLEELECCONTRIB [&Type "ArrayOfDoubles", &Dim (3,1)] "Electronic contribution"
                                                         0

0                                      1.8128216176916621e+00
1                                      3.6196459622309640e-01
2                                      8.0288332135202045e-01
   &DIPOLENUCCONTRIB [&Type "ArrayOfDoubles", &Dim (3,1)] "Nuclear contribution"
                                                         0

0                                     -4.4169362084548851e+00
1                                     -1.8208514126204989e+00
2                                     -1.6424082789648793e+00
   &DIPOLETOTAL [&Type "ArrayOfDoubles", &Dim (3,1)] "Total"
                                                         0

0                                     -2.6041145907632233e+00
1                                     -1.4588868163974025e+00
2                                     -8.3952495761285884e-01
   &DIPOLEMAGNITUDE [&Type "Double", &Units "a.u."]       3.1007363156738967e+00
$End
