*************************************************
******************* ORCA 6.0.1 ******************
*************************************************
$Calculation_Status
   &GeometryIndex 1
   &ListStatus       OUT
   &VERSION [&Type "String"] "6.0.1"
   &PROGNAME [&Type "String"] "LeanSCF"
   &STATUS [&Type "String"] "NORMAL TERMINATION"
$End
$Geometry
   &GeometryIndex 1
   &ListStatus       OUT
   &NATOMS [&Type "Integer"] 24
   &NCORELESSECP [&Type "Integer"] 0
   &NGHOSTATOMS [&Type "Integer"] 0
   &CartesianCoordinates [&Type "Coordinates", &Dim(24,4), &Units "Bohr"] 
              C     83.798791557044   38.986125653185   69.685624923223
              H     84.718890186612   37.572478512205   68.512903479295
              H     84.618636048951   40.871030692647   69.786699040150
              C     82.000828373133   38.296906888738   71.478972522780
              C     81.029792409247   40.307199969314   73.344213531547
              O     82.394146260506   42.210629100443   73.697067939872
              O     78.954083292160   39.866772549111   74.433031700600
              O     80.958629710380   36.125484922870   71.488823013174
              C     78.382284783095   35.776665116073   68.341241913342
              H     78.042261943501   33.783559892854   68.730701802879
              C     80.175715550685   36.468127416825   66.567936849167
              H     81.433886025132   35.056519428725   65.747992866567
              C     80.723095819505   39.029950988458   66.206301163777
              C     78.903483778072   40.903492298433   67.124206713928
              H     79.228323484997   42.859281912620   66.585187803367
              C     76.900752228063   40.246769352381   68.533298147760
              H     75.558421630006   41.687187383679   69.155775588776
              C     76.334857699008   37.559805997074   69.247136127696
              H     76.273027590565   37.441816230562   71.324233526891
              O     73.984252724398   36.805909106989   68.183163345299
              H     72.691317657962   36.528310829403   69.562326911142
              C     82.544042674628   39.885681955791   64.136212344236
              O     84.611408269860   38.753302098034   63.822817546331
              O     81.831251303302   41.767927635748   62.875279826504
$End
$SCF_Energy
   &GeometryIndex 1
   &ListStatus       OUT
   &SCF_ENERGY [&Type "Double"]      -8.3605977349737645e+02
$End
$DFT_Energy
   &GeometryIndex 1
   &ListStatus       OUT
   &NALPHAEL [&Type "Integer"] 59
   &NBETAEL [&Type "Integer"] 59
   &NTOTALEL [&Type "Integer"] 118
   &EEXCHANGE [&Type "Double"]      -8.3082506675897463e+01
   &ECORR [&Type "Double"]      -4.8423732666383916e+00
   &ECNL [&Type "Double"]       0.0000000000000000e+00
   &EXC [&Type "Double"]      -8.7924879942535853e+01
   &EEMBED [&Type "Double"]       0.0000000000000000e+00
   &FINALEN [&Type "Double"]      -8.3605977349737645e+02  "No Van der Waals correction"
$End
$Mulliken_Population_Analysis
   &GeometryIndex 1
   &ListStatus       OUT
   &NATOMS [&Type "Integer"] 24
   &ATNO [&Type "ArrayOfIntegers", &Dim (24,1)] 
                                                         0

0                                                        6
1                                                        1
2                                                        1
3                                                        6
4                                                        6
5                                                        8
6                                                        8
7                                                        8
8                                                        6
9                                                        1
10                                                       6
11                                                       1
12                                                       6
13                                                       6
14                                                       1
15                                                       6
16                                                       1
17                                                       6
18                                                       1
19                                                       8
20                                                       1
21                                                       6
22                                                       8
23                                                       8
   &ATOMICCHARGES [&Type "ArrayOfDoubles", &Dim (24,1)] 
                                                         0

0                                      7.1584564998191880e-02
1                                     -2.6219641434648056e-02
2                                     -1.8451796828491851e-02
3                                     -2.6385314887818367e-02
4                                      7.2804479745614437e-02
5                                     -4.0906036964335968e-01
6                                     -4.2186245469208572e-01
7                                     -3.2885872634078872e-01
8                                      5.3559773683297784e-02
9                                     -7.6417670994759712e-02
10                                     2.0366759199719198e-02
11                                    -6.6831019402796787e-02
12                                    -1.0538011465480679e-01
13                                     7.1573626824446457e-02
14                                    -5.5820786132101174e-02
15                                    -3.0567199250735477e-02
16                                    -7.8275179395657313e-02
17                                     2.9060534059906740e-01
18                                    -2.7451454304263656e-03
19                                    -3.5242479274960559e-01
20                                     1.4009787749320235e-01
21                                     9.5537595490217342e-02
22                                    -4.1244587948340694e-01
23                                    -4.0438392671240209e-01
$End
$Loewdin_Population_Analysis
   &GeometryIndex 1
   &ListStatus       OUT
   &NATOMS [&Type "Integer"] 24
   &ATNO [&Type "ArrayOfIntegers", &Dim (24,1)] 
                                                         0

0                                                        6
1                                                        1
2                                                        1
3                                                        6
4                                                        6
5                                                        8
6                                                        8
7                                                        8
8                                                        6
9                                                        1
10                                                       6
11                                                       1
12                                                       6
13                                                       6
14                                                       1
15                                                       6
16                                                       1
17                                                       6
18                                                       1
19                                                       8
20                                                       1
21                                                       6
22                                                       8
23                                                       8
   &ATOMICCHARGES [&Type "ArrayOfDoubles", &Dim (24,1)] 
                                                         0

0                                     -4.7543021292831611e-02
1                                      3.7116951157115663e-03
2                                      1.0372835078049647e-02
3                                     -3.4793911124158861e-02
4                                     -6.5360867052796756e-02
5                                     -3.7532122737924745e-01
6                                     -3.8568755126572896e-01
7                                     -2.1504702992624836e-01
8                                      3.8520148473739191e-02
9                                     -2.4627309741034331e-03
10                                    -5.9964899241610858e-02
11                                     5.6232653986896253e-03
12                                    -3.9799063861227779e-03
13                                    -9.7843697028192622e-03
14                                     1.4670254203514532e-02
15                                    -4.4132715582868798e-02
16                                    -1.2672763272245646e-03
17                                     4.6914708771683244e-02
18                                     1.5028250447159941e-02
19                                    -1.8081439742892513e-01
20                                     7.3789321226500726e-02
21                                    -3.8211931510556241e-02
22                                    -3.7820185613687585e-01
23                                    -3.6605678738309599e-01
$End
$Mayer_Population_Analysis
   &GeometryIndex 1
   &ListStatus       OUT
   &NATOMS [&Type "Integer"] 24 "Total number of atoms"
   &BONDTHRESH [&Type "Double"]       1.0000000000000001e-01  "The threshold for printing"
   &NBONDORDERSPRINT [&Type "Integer"] 28 "The number of bond orders larger than threshold"
   &BONDORDERS [&Type "ArrayOfDoubles", &Dim (28,1)] "The bond orders"
                                                         0

0                                      9.1002275383523901e-01
1                                      9.2539278984061835e-01
2                                      1.4281199758422429e+00
3                                      1.1537013940350213e-01
4                                      3.4514880289809585e-01
5                                      8.1721415881190418e-01
6                                      1.6208985795634576e+00
7                                      1.8538627035478807e+00
8                                      1.8074375673218570e+00
9                                      1.2577007722025146e-01
10                                     2.9273411246653969e-01
11                                     9.3845464660580180e-01
12                                     1.4975910976033642e+00
13                                     9.9340977440394118e-01
14                                     9.5577824238030606e-01
15                                     1.3495060179903418e+00
16                                     1.0720406522484172e+00
17                                     8.2689571107528737e-01
18                                     9.7308604546096711e-01
19                                     1.7658340565535593e+00
20                                     9.5080197331607752e-01
21                                     9.7198456736254835e-01
22                                     8.5948678463799888e-01
23                                     9.8708306194070261e-01
24                                     9.7269706653553256e-01
25                                     1.8407280142969653e+00
26                                     1.8491409299485486e+00
27                                     1.1736893155836776e-01
   &COMPONENTS [&Type "ArrayOfIntegers", &Dim (28,4)] "The indices and atomic numbers of the bonding atoms"
                                                         0                           1                           2                           3

0                                                        0                           6                           1                           1
1                                                        0                           6                           2                           1
2                                                        0                           6                           3                           6
3                                                        0                           6                           8                           6
4                                                        0                           6                          12                           6
5                                                        3                           6                           4                           6
6                                                        3                           6                           7                           8
7                                                        4                           6                           5                           8
8                                                        4                           6                           6                           8
9                                                        5                           8                           6                           8
10                                                       7                           8                           8                           6
11                                                       8                           6                           9                           1
12                                                       8                           6                          10                           6
13                                                       8                           6                          17                           6
14                                                      10                           6                          11                           1
15                                                      10                           6                          12                           6
16                                                      12                           6                          13                           6
17                                                      12                           6                          21                           6
18                                                      13                           6                          14                           1
19                                                      13                           6                          15                           6
20                                                      15                           6                          16                           1
21                                                      15                           6                          17                           6
22                                                      17                           6                          18                           1
23                                                      17                           6                          19                           8
24                                                      19                           8                          20                           1
25                                                      21                           6                          22                           8
26                                                      21                           6                          23                           8
27                                                      22                           8                          23                           8
   &ATNO [&Type "ArrayOfIntegers", &Dim (24,1)] "Atomic number of the elements"
                                                         0

0                                                        6
1                                                        1
2                                                        1
3                                                        6
4                                                        6
5                                                        8
6                                                        8
7                                                        8
8                                                        6
9                                                        1
10                                                       6
11                                                       1
12                                                       6
13                                                       6
14                                                       1
15                                                       6
16                                                       1
17                                                       6
18                                                       1
19                                                       8
20                                                       1
21                                                       6
22                                                       8
23                                                       8
   &NA [&Type "ArrayOfDoubles", &Dim (24,1)] "Mulliken gross atomic population"
                                                         0

0                                      5.9284154350018081e+00
1                                      1.0262196414346492e+00
2                                      1.0184517968284932e+00
3                                      6.0263853148878050e+00
4                                      5.9271955202544033e+00
5                                      8.4090603696433934e+00
6                                      8.4218624546920999e+00
7                                      8.3288587263408083e+00
8                                      5.9464402263166871e+00
9                                      1.0764176709947590e+00
10                                     5.9796332408002790e+00
11                                     1.0668310194027926e+00
12                                     6.1053801146548041e+00
13                                     5.9284263731755491e+00
14                                     1.0558207861321003e+00
15                                     6.0305671992507337e+00
16                                     1.0782751793956584e+00
17                                     5.7093946594009211e+00
18                                     1.0027451454304257e+00
19                                     8.3524247927496127e+00
20                                     8.5990212250679665e-01
21                                     5.9044624045097667e+00
22                                     8.4124458794833927e+00
23                                     8.4043839267123932e+00
   &ZA [&Type "ArrayOfDoubles", &Dim (24,1)] "Total nuclear charge"
                                                         0

0                                      6.0000000000000000e+00
1                                      1.0000000000000000e+00
2                                      1.0000000000000000e+00
3                                      6.0000000000000000e+00
4                                      6.0000000000000000e+00
5                                      8.0000000000000000e+00
6                                      8.0000000000000000e+00
7                                      8.0000000000000000e+00
8                                      6.0000000000000000e+00
9                                      1.0000000000000000e+00
10                                     6.0000000000000000e+00
11                                     1.0000000000000000e+00
12                                     6.0000000000000000e+00
13                                     6.0000000000000000e+00
14                                     1.0000000000000000e+00
15                                     6.0000000000000000e+00
16                                     1.0000000000000000e+00
17                                     6.0000000000000000e+00
18                                     1.0000000000000000e+00
19                                     8.0000000000000000e+00
20                                     1.0000000000000000e+00
21                                     6.0000000000000000e+00
22                                     8.0000000000000000e+00
23                                     8.0000000000000000e+00
   &QA [&Type "ArrayOfDoubles", &Dim (24,1)] "Mulliken gross atomic charge"
                                                         0

0                                      7.1584564998191880e-02
1                                     -2.6219641434649166e-02
2                                     -1.8451796828493183e-02
3                                     -2.6385314887805045e-02
4                                      7.2804479745596673e-02
5                                     -4.0906036964339343e-01
6                                     -4.2186245469209993e-01
7                                     -3.2885872634080826e-01
8                                      5.3559773683312883e-02
9                                     -7.6417670994759046e-02
10                                     2.0366759199720974e-02
11                                    -6.6831019402792569e-02
12                                    -1.0538011465480412e-01
13                                     7.1573626824450898e-02
14                                    -5.5820786132100286e-02
15                                    -3.0567199250733701e-02
16                                    -7.8275179395658423e-02
17                                     2.9060534059907894e-01
18                                    -2.7451454304256995e-03
19                                    -3.5242479274961269e-01
20                                     1.4009787749320335e-01
21                                     9.5537595490233329e-02
22                                    -4.1244587948339273e-01
23                                    -4.0438392671239320e-01
   &VA [&Type "ArrayOfDoubles", &Dim (24,1)] "Mayer's total valence"
                                                         0

0                                      3.8266243534650832e+00
1                                      1.0362324161307901e+00
2                                      1.0271146052094704e+00
3                                      3.9981464709159251e+00
4                                      4.4778802603243033e+00
5                                      2.0840994777955508e+00
6                                      2.0686487602983608e+00
7                                      2.1263352322209852e+00
8                                      3.9539524425688346e+00
9                                      9.8921520863577495e-01
10                                     3.9405268365979094e+00
11                                     1.0097349218638081e+00
12                                     3.7146690618217550e+00
13                                     3.9165715194100774e+00
14                                     1.0242064350076727e+00
15                                     3.8747727107607037e+00
16                                     9.8397723063840359e-01
17                                     3.8289420554353577e+00
18                                     1.0718963490103781e+00
19                                     1.9955265149463479e+00
20                                     1.0249857087922691e+00
21                                     4.5195164317165730e+00
22                                     2.0657525588903765e+00
23                                     2.0928949131018988e+00
   &BVA [&Type "ArrayOfDoubles", &Dim (24,1)] "Mayer's bonded valence"
                                                         0

0                                      3.8266243534650823e+00
1                                      1.0362324161307863e+00
2                                      1.0271146052094633e+00
3                                      3.9981464709159549e+00
4                                      4.4778802603242784e+00
5                                      2.0840994777955113e+00
6                                      2.0686487602983443e+00
7                                      2.1263352322209990e+00
8                                      3.9539524425688897e+00
9                                      9.8921520863578916e-01
10                                     3.9405268365979120e+00
11                                     1.0097349218638154e+00
12                                     3.7146690618217626e+00
13                                     3.9165715194101414e+00
14                                     1.0242064350076729e+00
15                                     3.8747727107607757e+00
16                                     9.8397723063841758e-01
17                                     3.8289420554354052e+00
18                                     1.0718963490103794e+00
19                                     1.9955265149463044e+00
20                                     1.0249857087922745e+00
21                                     4.5195164317166441e+00
22                                     2.0657525588904426e+00
23                                     2.0928949131018628e+00
   &FA [&Type "ArrayOfDoubles", &Dim (24,1)] "Mayer's free valence"
                                                         0

0                                      0.0000000000000000e+00
1                                      0.0000000000000000e+00
2                                      0.0000000000000000e+00
3                                      0.0000000000000000e+00
4                                      0.0000000000000000e+00
5                                      0.0000000000000000e+00
6                                      0.0000000000000000e+00
7                                      0.0000000000000000e+00
8                                      0.0000000000000000e+00
9                                      0.0000000000000000e+00
10                                     0.0000000000000000e+00
11                                     0.0000000000000000e+00
12                                     0.0000000000000000e+00
13                                     0.0000000000000000e+00
14                                     0.0000000000000000e+00
15                                     0.0000000000000000e+00
16                                     0.0000000000000000e+00
17                                     0.0000000000000000e+00
18                                     0.0000000000000000e+00
19                                     0.0000000000000000e+00
20                                     0.0000000000000000e+00
21                                     0.0000000000000000e+00
22                                     0.0000000000000000e+00
23                                     0.0000000000000000e+00
$End
$VdW_Correction
   &GeometryIndex 1
   &ListStatus       OUT
   &VDW [&Type "Double"]      -5.6094999041214740e-02
$End
$Calculation_Info
   &GeometryIndex 1
   &ListStatus       OUT
   &MULT [&Type "Integer"] 1
   &CHARGE [&Type "Integer"] -2
   &NUMOFATOMS [&Type "Integer"] 24
   &NUMOFELECTRONS [&Type "Integer"] 118
   &NUMOFFCELECTRONS [&Type "Integer"] 1
   &NUMOFCORRELECTRONS [&Type "Integer"] 0
   &NUMOFBASISFUNCTS [&Type "Integer"] 264
   &NUMOFAUXCBASISFUNCTS [&Type "Integer"] 0
   &NUMOFAUXJBASISFUNCTS [&Type "Integer"] 872
   &NUMOFAUXJKBASISFUNCTS [&Type "Integer"] 0
   &NUMOFCABSBASISFUNCTS [&Type "Integer"] 0
   &TOTALENERGY [&Type "Double"]      -8.3611586849641765e+02  "Hartrees"
$End
$SCF_Dipole_Moment
   &GeometryIndex 1
   &ListStatus       OUT
   &METHOD [&Type "String"] "SCF"
   &LEVEL [&Type "String"] "Relaxed density"
   &MULT [&Type "Integer"] 1
   &STATE [&Type "Integer"] -1
   &IRREP [&Type "Integer"] 0
   &NATOMS [&Type "Integer"] 24
   &DODIPOLEATOM [&Type "Boolean"] false
   &DIPOLEELECCONTRIB [&Type "ArrayOfDoubles", &Dim (3,1)] "Electronic contribution"
                                                         0

0                                      1.9210699987655386e+00
1                                      8.6775981773813526e-01
2                                      1.9854643438246353e-01
   &DIPOLENUCCONTRIB [&Type "ArrayOfDoubles", &Dim (3,1)] "Nuclear contribution"
                                                         0

0                                     -4.4905266222777840e+00
1                                     -2.8460363099667063e+00
2                                     -2.3187254220090381e-01
   &DIPOLETOTAL [&Type "ArrayOfDoubles", &Dim (3,1)] "Total"
                                                         0

0                                     -2.5694566235122451e+00
1                                     -1.9782764922285709e+00
2                                     -3.3326107818440281e-02
   &DIPOLEMAGNITUDE [&Type "Double", &Units "a.u."]       3.2429609694347934e+00
$End
