*************************************************
******************* ORCA 6.0.1 ******************
*************************************************
$Calculation_Status
   &GeometryIndex 1
   &ListStatus       OUT
   &VERSION [&Type "String"] "6.0.1"
   &PROGNAME [&Type "String"] "LeanSCF"
   &STATUS [&Type "String"] "NORMAL TERMINATION"
$End
$Geometry
   &GeometryIndex 1
   &ListStatus       OUT
   &NATOMS [&Type "Integer"] 24
   &NCORELESSECP [&Type "Integer"] 0
   &NGHOSTATOMS [&Type "Integer"] 0
   &CartesianCoordinates [&Type "Coordinates", &Dim(24,4), &Units "Bohr"] 
              C     83.159288249339   39.049300831349   68.999570327867
              H     84.637054086065   37.690587741059   68.468557284235
              H     83.988878022130   40.933357786868   69.237675820741
              C     82.002775855379   38.236718593763   71.467552658768
              C     81.116494298570   40.271953639996   73.370506875627
              O     82.520560816073   42.156010595515   73.616171273036
              O     79.105825692078   39.814639915587   74.545916530926
              O     81.726875839826   36.012510934137   71.985337619462
              C     77.886952335698   35.793302702602   67.722115461336
              H     77.261452985370   33.833656701726   67.788255876023
              C     80.065806568110   36.422581505198   66.609066768456
              H     81.269562115417   34.986389643418   65.739792746853
              C     81.150509368980   39.054970009751   66.777252394375
              C     79.079369526203   40.933357786868   67.330942151614
              H     79.442196943916   42.883555157075   66.799929107982
              C     76.894846115390   40.309748162674   68.423203857021
              H     75.498338502422   41.772396190329   68.842723058751
              C     76.150294018625   37.633895957042   69.029805946009
              H     76.320369370678   37.354216489221   71.097166336519
              O     73.623730177572   37.186030863302   68.247459326566
              H     72.482335592684   36.859108242134   69.730894341694
              C     82.624495753439   39.824088546256   64.331946777081
              O     84.710753405288   38.746944649921   63.923765932154
              O     81.743883375032   41.572085220134   63.001579578801
$End
$SCF_Energy
   &GeometryIndex 1
   &ListStatus       OUT
   &SCF_ENERGY [&Type "Double"]      -8.3612065877974499e+02
$End
$DFT_Energy
   &GeometryIndex 1
   &ListStatus       OUT
   &NALPHAEL [&Type "Integer"] 59
   &NBETAEL [&Type "Integer"] 59
   &NTOTALEL [&Type "Integer"] 118
   &EEXCHANGE [&Type "Double"]      -8.3136492748184054e+01
   &ECORR [&Type "Double"]      -4.8457591278978214e+00
   &ECNL [&Type "Double"]       0.0000000000000000e+00
   &EXC [&Type "Double"]      -8.7982251876081875e+01
   &EEMBED [&Type "Double"]       0.0000000000000000e+00
   &FINALEN [&Type "Double"]      -8.3612065877974499e+02  "No Van der Waals correction"
$End
$Mulliken_Population_Analysis
   &GeometryIndex 1
   &ListStatus       OUT
   &NATOMS [&Type "Integer"] 24
   &ATNO [&Type "ArrayOfIntegers", &Dim (24,1)] 
                                                         0

0                                                        6
1                                                        1
2                                                        1
3                                                        6
4                                                        6
5                                                        8
6                                                        8
7                                                        8
8                                                        6
9                                                        1
10                                                       6
11                                                       1
12                                                       6
13                                                       6
14                                                       1
15                                                       6
16                                                       1
17                                                       6
18                                                       1
19                                                       8
20                                                       1
21                                                       6
22                                                       8
23                                                       8
   &ATOMICCHARGES [&Type "ArrayOfDoubles", &Dim (24,1)] 
                                                         0

0                                      2.3765018231872492e-01
1                                     -4.3301653942488638e-02
2                                     -2.9309640422976901e-02
3                                     -3.4824858490220656e-02
4                                      8.7439180325713295e-02
5                                     -4.1007498879581483e-01
6                                     -4.1277217614689121e-01
7                                     -2.7685122031110687e-01
8                                     -6.5231650339203640e-02
9                                     -9.2730610965747307e-02
10                                     6.3716456740970706e-02
11                                    -5.8306300590167615e-02
12                                    -2.1092402391935039e-01
13                                     7.5960453638954206e-02
14                                    -5.1031223587293395e-02
15                                    -6.3365039819817781e-02
16                                    -8.6808068871560451e-02
17                                     3.0915771679593895e-01
18                                     6.1404226794423700e-03
19                                    -3.5943079659495503e-01
20                                     1.4343464932104877e-01
21                                     8.8251144446221730e-02
22                                    -4.2522832272012856e-01
23                                    -3.9155963074922440e-01
$End
$Loewdin_Population_Analysis
   &GeometryIndex 1
   &ListStatus       OUT
   &NATOMS [&Type "Integer"] 24
   &ATNO [&Type "ArrayOfIntegers", &Dim (24,1)] 
                                                         0

0                                                        6
1                                                        1
2                                                        1
3                                                        6
4                                                        6
5                                                        8
6                                                        8
7                                                        8
8                                                        6
9                                                        1
10                                                       6
11                                                       1
12                                                       6
13                                                       6
14                                                       1
15                                                       6
16                                                       1
17                                                       6
18                                                       1
19                                                       8
20                                                       1
21                                                       6
22                                                       8
23                                                       8
   &ATOMICCHARGES [&Type "ArrayOfDoubles", &Dim (24,1)] 
                                                         0

0                                     -3.1667411897630338e-02
1                                      1.1390175266666192e-02
2                                      1.7102696125205541e-02
3                                      3.6819972702300419e-02
4                                     -7.7187296058303545e-02
5                                     -3.6465972777472366e-01
6                                     -3.7071966498959164e-01
7                                     -2.0159874224617802e-01
8                                     -6.5660006595328113e-02
9                                     -8.6596432996064454e-03
10                                     3.0701354188700236e-03
11                                     8.0785301878257831e-03
12                                    -7.7785522514084882e-02
13                                     7.5961422518355803e-03
14                                     1.2156065217794554e-02
15                                    -6.9621486868995497e-02
16                                    -4.2985912217392563e-03
17                                     5.1073129942951212e-02
18                                     1.4442693793468742e-02
19                                    -1.8038093865298599e-01
20                                     7.4496194014489703e-02
21                                    -2.6553877801047676e-02
22                                    -3.8807657235769710e-01
23                                    -3.6935625264340999e-01
$End
$Mayer_Population_Analysis
   &GeometryIndex 1
   &ListStatus       OUT
   &NATOMS [&Type "Integer"] 24 "Total number of atoms"
   &BONDTHRESH [&Type "Double"]       1.0000000000000001e-01  "The threshold for printing"
   &NBONDORDERSPRINT [&Type "Integer"] 26 "The number of bond orders larger than threshold"
   &BONDORDERS [&Type "ArrayOfDoubles", &Dim (26,1)] "The bond orders"
                                                         0

0                                      8.8096658319843035e-01
1                                      9.0963696047617015e-01
2                                      9.7191990256906480e-01
3                                      1.0021027239307791e+00
4                                      8.1999815132771336e-01
5                                      2.0450344760226522e+00
6                                      1.8232943497725207e+00
7                                      1.8249765472583395e+00
8                                      1.3066675707981873e-01
9                                      9.5141268256099054e-01
10                                     1.8795434959136803e+00
11                                     9.7415461188328645e-01
12                                     9.6025188094785008e-01
13                                     9.8211188547640527e-01
14                                     9.6829707420783839e-01
15                                     7.7672066507773696e-01
16                                     9.5898565345542597e-01
17                                     1.8737648029035840e+00
18                                     9.5100214819615492e-01
19                                     9.8082837669045364e-01
20                                     8.5502187193603141e-01
21                                     9.8052598504512867e-01
22                                     9.7456401005484394e-01
23                                     1.8336502666882624e+00
24                                     1.9124618785767589e+00
25                                     1.1284988496723483e-01
   &COMPONENTS [&Type "ArrayOfIntegers", &Dim (26,4)] "The indices and atomic numbers of the bonding atoms"
                                                         0                           1                           2                           3

0                                                        0                           6                           1                           1
1                                                        0                           6                           2                           1
2                                                        0                           6                           3                           6
3                                                        0                           6                          12                           6
4                                                        3                           6                           4                           6
5                                                        3                           6                           7                           8
6                                                        4                           6                           5                           8
7                                                        4                           6                           6                           8
8                                                        5                           8                           6                           8
9                                                        8                           6                           9                           1
10                                                       8                           6                          10                           6
11                                                       8                           6                          17                           6
12                                                      10                           6                          11                           1
13                                                      10                           6                          12                           6
14                                                      12                           6                          13                           6
15                                                      12                           6                          21                           6
16                                                      13                           6                          14                           1
17                                                      13                           6                          15                           6
18                                                      15                           6                          16                           1
19                                                      15                           6                          17                           6
20                                                      17                           6                          18                           1
21                                                      17                           6                          19                           8
22                                                      19                           8                          20                           1
23                                                      21                           6                          22                           8
24                                                      21                           6                          23                           8
25                                                      22                           8                          23                           8
   &ATNO [&Type "ArrayOfIntegers", &Dim (24,1)] "Atomic number of the elements"
                                                         0

0                                                        6
1                                                        1
2                                                        1
3                                                        6
4                                                        6
5                                                        8
6                                                        8
7                                                        8
8                                                        6
9                                                        1
10                                                       6
11                                                       1
12                                                       6
13                                                       6
14                                                       1
15                                                       6
16                                                       1
17                                                       6
18                                                       1
19                                                       8
20                                                       1
21                                                       6
22                                                       8
23                                                       8
   &NA [&Type "ArrayOfDoubles", &Dim (24,1)] "Mulliken gross atomic population"
                                                         0

0                                      5.7623498176812751e+00
1                                      1.0433016539424878e+00
2                                      1.0293096404229767e+00
3                                      6.0348248584902215e+00
4                                      5.9125608196742849e+00
5                                      8.4100749887958166e+00
6                                      8.4127721761469001e+00
7                                      8.2768512203111051e+00
8                                      6.0652316503392036e+00
9                                      1.0927306109657462e+00
10                                     5.9362835432590328e+00
11                                     1.0583063005901674e+00
12                                     6.2109240239193548e+00
13                                     5.9240395463610493e+00
14                                     1.0510312235872934e+00
15                                     6.0633650398198187e+00
16                                     1.0868080688715605e+00
17                                     5.6908422832040610e+00
18                                     9.9385957732055741e-01
19                                     8.3594307965949550e+00
20                                     8.5656535067895145e-01
21                                     5.9117488555537783e+00
22                                     8.4252283227201286e+00
23                                     8.3915596307492262e+00
   &ZA [&Type "ArrayOfDoubles", &Dim (24,1)] "Total nuclear charge"
                                                         0

0                                      6.0000000000000000e+00
1                                      1.0000000000000000e+00
2                                      1.0000000000000000e+00
3                                      6.0000000000000000e+00
4                                      6.0000000000000000e+00
5                                      8.0000000000000000e+00
6                                      8.0000000000000000e+00
7                                      8.0000000000000000e+00
8                                      6.0000000000000000e+00
9                                      1.0000000000000000e+00
10                                     6.0000000000000000e+00
11                                     1.0000000000000000e+00
12                                     6.0000000000000000e+00
13                                     6.0000000000000000e+00
14                                     1.0000000000000000e+00
15                                     6.0000000000000000e+00
16                                     1.0000000000000000e+00
17                                     6.0000000000000000e+00
18                                     1.0000000000000000e+00
19                                     8.0000000000000000e+00
20                                     1.0000000000000000e+00
21                                     6.0000000000000000e+00
22                                     8.0000000000000000e+00
23                                     8.0000000000000000e+00
   &QA [&Type "ArrayOfDoubles", &Dim (24,1)] "Mulliken gross atomic charge"
                                                         0

0                                      2.3765018231872492e-01
1                                     -4.3301653942487750e-02
2                                     -2.9309640422976679e-02
3                                     -3.4824858490221544e-02
4                                      8.7439180325715071e-02
5                                     -4.1007498879581661e-01
6                                     -4.1277217614690009e-01
7                                     -2.7685122031110510e-01
8                                     -6.5231650339203640e-02
9                                     -9.2730610965746196e-02
10                                     6.3716456740967153e-02
11                                    -5.8306300590167393e-02
12                                    -2.1092402391935483e-01
13                                     7.5960453638950653e-02
14                                    -5.1031223587293395e-02
15                                    -6.3365039819818669e-02
16                                    -8.6808068871560451e-02
17                                     3.0915771679593895e-01
18                                     6.1404226794425920e-03
19                                    -3.5943079659495503e-01
20                                     1.4343464932104855e-01
21                                     8.8251144446221730e-02
22                                    -4.2522832272012856e-01
23                                    -3.9155963074922617e-01
   &VA [&Type "ArrayOfDoubles", &Dim (24,1)] "Mayer's total valence"
                                                         0

0                                      3.7687444222244939e+00
1                                      1.0511655814236631e+00
2                                      1.0360728356783908e+00
3                                      3.9627634554555042e+00
4                                      4.4796587755860466e+00
5                                      2.0699469497070964e+00
6                                      2.0741229087321966e+00
7                                      2.1789461772104315e+00
8                                      3.9257287257766471e+00
9                                      9.8314551189344124e-01
10                                     3.9177967819916417e+00
11                                     1.0064315760475655e+00
12                                     3.7115669134043490e+00
13                                     3.9139043754626175e+00
14                                     1.0257845630492919e+00
15                                     3.9299066929109721e+00
16                                     9.8491806477829613e-01
17                                     3.7861564550025522e+00
18                                     1.0491240307794394e+00
19                                     1.9957574996660328e+00
20                                     1.0202028168912014e+00
21                                     4.5462579323191399e+00
22                                     2.0547032425943539e+00
23                                     2.1079470757813485e+00
   &BVA [&Type "ArrayOfDoubles", &Dim (24,1)] "Mayer's bonded valence"
                                                         0

0                                      3.7687444222244944e+00
1                                      1.0511655814236758e+00
2                                      1.0360728356783906e+00
3                                      3.9627634554554776e+00
4                                      4.4796587755860244e+00
5                                      2.0699469497070879e+00
6                                      2.0741229087322068e+00
7                                      2.1789461772104612e+00
8                                      3.9257287257765849e+00
9                                      9.8314551189343657e-01
10                                     3.9177967819915898e+00
11                                     1.0064315760475482e+00
12                                     3.7115669134043658e+00
13                                     3.9139043754626486e+00
14                                     1.0257845630493052e+00
15                                     3.9299066929109894e+00
16                                     9.8491806477830390e-01
17                                     3.7861564550025326e+00
18                                     1.0491240307794425e+00
19                                     1.9957574996659879e+00
20                                     1.0202028168911967e+00
21                                     4.5462579323191443e+00
22                                     2.0547032425943552e+00
23                                     2.1079470757813450e+00
   &FA [&Type "ArrayOfDoubles", &Dim (24,1)] "Mayer's free valence"
                                                         0

0                                      0.0000000000000000e+00
1                                      0.0000000000000000e+00
2                                      0.0000000000000000e+00
3                                      0.0000000000000000e+00
4                                      0.0000000000000000e+00
5                                      0.0000000000000000e+00
6                                      0.0000000000000000e+00
7                                      0.0000000000000000e+00
8                                      0.0000000000000000e+00
9                                      0.0000000000000000e+00
10                                     0.0000000000000000e+00
11                                     0.0000000000000000e+00
12                                     0.0000000000000000e+00
13                                     0.0000000000000000e+00
14                                     0.0000000000000000e+00
15                                     0.0000000000000000e+00
16                                     0.0000000000000000e+00
17                                     0.0000000000000000e+00
18                                     0.0000000000000000e+00
19                                     0.0000000000000000e+00
20                                     0.0000000000000000e+00
21                                     0.0000000000000000e+00
22                                     0.0000000000000000e+00
23                                     0.0000000000000000e+00
$End
$VdW_Correction
   &GeometryIndex 1
   &ListStatus       OUT
   &VDW [&Type "Double"]      -5.4045685591265290e-02
$End
$Calculation_Info
   &GeometryIndex 1
   &ListStatus       OUT
   &MULT [&Type "Integer"] 1
   &CHARGE [&Type "Integer"] -2
   &NUMOFATOMS [&Type "Integer"] 24
   &NUMOFELECTRONS [&Type "Integer"] 118
   &NUMOFFCELECTRONS [&Type "Integer"] 1
   &NUMOFCORRELECTRONS [&Type "Integer"] 0
   &NUMOFBASISFUNCTS [&Type "Integer"] 264
   &NUMOFAUXCBASISFUNCTS [&Type "Integer"] 0
   &NUMOFAUXJBASISFUNCTS [&Type "Integer"] 872
   &NUMOFAUXJKBASISFUNCTS [&Type "Integer"] 0
   &NUMOFCABSBASISFUNCTS [&Type "Integer"] 0
   &TOTALENERGY [&Type "Double"]      -8.3617470446533628e+02  "Hartrees"
$End
$SCF_Dipole_Moment
   &GeometryIndex 1
   &ListStatus       OUT
   &METHOD [&Type "String"] "SCF"
   &LEVEL [&Type "String"] "Relaxed density"
   &MULT [&Type "Integer"] 1
   &STATE [&Type "Integer"] -1
   &IRREP [&Type "Integer"] 0
   &NATOMS [&Type "Integer"] 24
   &DODIPOLEATOM [&Type "Boolean"] false
   &DIPOLEELECCONTRIB [&Type "ArrayOfDoubles", &Dim (3,1)] "Electronic contribution"
                                                         0

0                                      2.9905135885900820e+00
1                                      9.6035236025861048e-01
2                                      1.3435156614170978e+00
   &DIPOLENUCCONTRIB [&Type "ArrayOfDoubles", &Dim (3,1)] "Nuclear contribution"
                                                         0

0                                     -5.3388216867218574e+00
1                                     -2.6038178025067467e+00
2                                     -1.1444382032511982e+00
   &DIPOLETOTAL [&Type "ArrayOfDoubles", &Dim (3,1)] "Total"
                                                         0

0                                     -2.3483080981317754e+00
1                                     -1.6434654422481363e+00
2                                      1.9907745816589961e-01
   &DIPOLEMAGNITUDE [&Type "Double", &Units "a.u."]       2.8731796703243142e+00
$End
