*************************************************
******************* ORCA 6.0.1 ******************
*************************************************
$Calculation_Status
   &GeometryIndex 1
   &ListStatus       OUT
   &VERSION [&Type "String"] "6.0.1"
   &PROGNAME [&Type "String"] "LeanSCF"
   &STATUS [&Type "String"] "NORMAL TERMINATION"
$End
$Geometry
   &GeometryIndex 1
   &ListStatus       OUT
   &NATOMS [&Type "Integer"] 24
   &NCORELESSECP [&Type "Integer"] 0
   &NGHOSTATOMS [&Type "Integer"] 0
   &CartesianCoordinates [&Type "Coordinates", &Dim(24,4), &Units "Bohr"] 
              C     84.183519813924   38.537185049056   70.467887533923
              H     84.888387661877   37.150126066758   69.116733348170
              H     85.304127411339   40.213372129844   70.889296461788
              C     81.942304619093   38.270733664173   71.609282118812
              C     80.961536755588   40.264394735460   73.436647290314
              O     82.318360119744   42.173018130721   73.786246625089
              O     78.856381842400   39.854324164399   74.479776116238
              O     80.426744259688   36.188255464592   71.218108809090
              C     78.780792797043   36.055974635217   68.965555257456
              H     78.134506459242   34.083100551404   68.959886079054
              C     80.356824392733   36.649348641269   66.692214718349
              H     81.692860769416   35.226384862426   66.027031119209
              C     80.417295629019   39.013396034804   65.747351651388
              C     78.648511967669   40.920129703931   66.709222253554
              H     78.875279103739   42.824973646923   65.968449609057
              C     76.849492688176   40.373998851228   68.413755226351
              H     75.573927547779   41.859323592490   69.075159373224
              C     76.422414581909   37.734051442140   69.369956650115
              H     76.155963197026   37.811530213630   71.429758136089
              O     74.266237063105   36.666356176474   68.171870281209
              H     72.890516437611   36.422581505198   69.462553230677
              C     82.375051903761   39.907236496149   63.836838529994
              O     84.461309555610   38.762062458993   63.672432356343
              O     81.821362146522   41.887669484498   62.646311065623
$End
$SCF_Energy
   &GeometryIndex 1
   &ListStatus       OUT
   &SCF_ENERGY [&Type "Double"]      -8.3608834446004869e+02
$End
$DFT_Energy
   &GeometryIndex 1
   &ListStatus       OUT
   &NALPHAEL [&Type "Integer"] 59
   &NBETAEL [&Type "Integer"] 59
   &NTOTALEL [&Type "Integer"] 118
   &EEXCHANGE [&Type "Double"]      -8.3123264786008605e+01
   &ECORR [&Type "Double"]      -4.8459418047330889e+00
   &ECNL [&Type "Double"]       0.0000000000000000e+00
   &EXC [&Type "Double"]      -8.7969206590741692e+01
   &EEMBED [&Type "Double"]       0.0000000000000000e+00
   &FINALEN [&Type "Double"]      -8.3608834446004869e+02  "No Van der Waals correction"
$End
$Mulliken_Population_Analysis
   &GeometryIndex 1
   &ListStatus       OUT
   &NATOMS [&Type "Integer"] 24
   &ATNO [&Type "ArrayOfIntegers", &Dim (24,1)] 
                                                         0

0                                                        6
1                                                        1
2                                                        1
3                                                        6
4                                                        6
5                                                        8
6                                                        8
7                                                        8
8                                                        6
9                                                        1
10                                                       6
11                                                       1
12                                                       6
13                                                       6
14                                                       1
15                                                       6
16                                                       1
17                                                       6
18                                                       1
19                                                       8
20                                                       1
21                                                       6
22                                                       8
23                                                       8
   &ATOMICCHARGES [&Type "ArrayOfDoubles", &Dim (24,1)] 
                                                         0

0                                      2.1401117326873553e-02
1                                     -3.0176817798719169e-02
2                                     -2.8599316986119394e-02
3                                      5.3653092242456069e-04
4                                      8.7892514098057539e-02
5                                     -4.0519445726552483e-01
6                                     -4.2328871426126824e-01
7                                     -3.7702222221905224e-01
8                                      2.5924532657749477e-01
9                                     -8.8071294563929481e-02
10                                    -1.0245338090777700e-01
11                                    -6.4433880984917424e-02
12                                     6.3921029783449157e-03
13                                     4.1009839134655834e-02
14                                    -5.7972399243362727e-02
15                                    -1.7879610396260404e-02
16                                    -7.6250499695912133e-02
17                                     2.2249516105715106e-01
18                                    -1.4022338226004960e-02
19                                    -3.4061017059333842e-01
20                                     1.4556378152522764e-01
21                                     7.2737553236307484e-02
22                                    -4.1408651725839718e-01
23                                    -4.1721230645588925e-01
$End
$Loewdin_Population_Analysis
   &GeometryIndex 1
   &ListStatus       OUT
   &NATOMS [&Type "Integer"] 24
   &ATNO [&Type "ArrayOfIntegers", &Dim (24,1)] 
                                                         0

0                                                        6
1                                                        1
2                                                        1
3                                                        6
4                                                        6
5                                                        8
6                                                        8
7                                                        8
8                                                        6
9                                                        1
10                                                       6
11                                                       1
12                                                       6
13                                                       6
14                                                       1
15                                                       6
16                                                       1
17                                                       6
18                                                       1
19                                                       8
20                                                       1
21                                                       6
22                                                       8
23                                                       8
   &ATOMICCHARGES [&Type "ArrayOfDoubles", &Dim (24,1)] 
                                                         0

0                                     -8.8635284724595920e-02
1                                      2.5266640201822010e-03
2                                      1.1556304451996291e-02
3                                     -1.4552173804064594e-02
4                                     -5.6114388411538485e-02
5                                     -3.7799537629108393e-01
6                                     -3.8858164067030643e-01
7                                     -1.6111590489473038e-01
8                                      8.4841931439416207e-02
9                                     -6.4455536740106734e-03
10                                    -5.6826711115389728e-02
11                                     1.2012248029775741e-03
12                                    -4.8470286025295906e-02
13                                    -8.5700772233350264e-03
14                                     1.2728300375276169e-02
15                                    -5.1671470977065148e-02
16                                    -2.3998568695144940e-03
17                                     4.2571435519309198e-02
18                                     9.2785101704782047e-03
19                                    -1.7496980948084229e-01
20                                     7.6553578144270329e-02
21                                    -4.1300514445596903e-02
22                                    -3.8394551747447814e-01
23                                    -3.7966338284204326e-01
$End
$Mayer_Population_Analysis
   &GeometryIndex 1
   &ListStatus       OUT
   &NATOMS [&Type "Integer"] 24 "Total number of atoms"
   &BONDTHRESH [&Type "Double"]       1.0000000000000001e-01  "The threshold for printing"
   &NBONDORDERSPRINT [&Type "Integer"] 27 "The number of bond orders larger than threshold"
   &BONDORDERS [&Type "ArrayOfDoubles", &Dim (27,1)] "The bond orders"
                                                         0

0                                      9.1399239302519453e-01
1                                      9.0353935771871208e-01
2                                      1.9551204674407472e+00
3                                      8.3576277916052533e-01
4                                      1.0312538474639754e+00
5                                      1.8898836535400019e+00
6                                      1.7879299046467143e+00
7                                      1.2329143022963367e-01
8                                      1.0826159034102993e-01
9                                      9.5195393799717198e-01
10                                     8.8921945178859585e-01
11                                     1.0016512998959859e+00
12                                     9.6619129855330188e-01
13                                     9.4095750786804389e-01
14                                     1.7648046210454109e+00
15                                     1.1071394312663594e+00
16                                     8.3701854051344593e-01
17                                     9.6168876246553314e-01
18                                     1.7766378693556142e+00
19                                     9.5127538898752806e-01
20                                     9.5699564968145590e-01
21                                     8.8261595203945464e-01
22                                     1.0172513648174621e+00
23                                     9.7836500247271396e-01
24                                     1.8720843329616437e+00
25                                     1.8336290436715847e+00
26                                     1.2317195104802660e-01
   &COMPONENTS [&Type "ArrayOfIntegers", &Dim (27,4)] "The indices and atomic numbers of the bonding atoms"
                                                         0                           1                           2                           3

0                                                        0                           6                           1                           1
1                                                        0                           6                           2                           1
2                                                        0                           6                           3                           6
3                                                        3                           6                           4                           6
4                                                        3                           6                           7                           8
5                                                        4                           6                           5                           8
6                                                        4                           6                           6                           8
7                                                        5                           8                           6                           8
8                                                        6                           8                          18                           1
9                                                        7                           8                           8                           6
10                                                       8                           6                           9                           1
11                                                       8                           6                          10                           6
12                                                       8                           6                          17                           6
13                                                      10                           6                          11                           1
14                                                      10                           6                          12                           6
15                                                      12                           6                          13                           6
16                                                      12                           6                          21                           6
17                                                      13                           6                          14                           1
18                                                      13                           6                          15                           6
19                                                      15                           6                          16                           1
20                                                      15                           6                          17                           6
21                                                      17                           6                          18                           1
22                                                      17                           6                          19                           8
23                                                      19                           8                          20                           1
24                                                      21                           6                          22                           8
25                                                      21                           6                          23                           8
26                                                      22                           8                          23                           8
   &ATNO [&Type "ArrayOfIntegers", &Dim (24,1)] "Atomic number of the elements"
                                                         0

0                                                        6
1                                                        1
2                                                        1
3                                                        6
4                                                        6
5                                                        8
6                                                        8
7                                                        8
8                                                        6
9                                                        1
10                                                       6
11                                                       1
12                                                       6
13                                                       6
14                                                       1
15                                                       6
16                                                       1
17                                                       6
18                                                       1
19                                                       8
20                                                       1
21                                                       6
22                                                       8
23                                                       8
   &NA [&Type "ArrayOfDoubles", &Dim (24,1)] "Mulliken gross atomic population"
                                                         0

0                                      5.9785988826731273e+00
1                                      1.0301768177987189e+00
2                                      1.0285993169861192e+00
3                                      5.9994634690775746e+00
4                                      5.9121074859019407e+00
5                                      8.4051944572655231e+00
6                                      8.4232887142612665e+00
7                                      8.3770222222190540e+00
8                                      5.7407546734225052e+00
9                                      1.0880712945639295e+00
10                                     6.1024533809077788e+00
11                                     1.0644338809849179e+00
12                                     5.9936078970216551e+00
13                                     5.9589901608653388e+00
14                                     1.0579723992433632e+00
15                                     6.0178796103962613e+00
16                                     1.0762504996959119e+00
17                                     5.7775048389428454e+00
18                                     1.0140223382260052e+00
19                                     8.3406101705933349e+00
20                                     8.5443621847477202e-01
21                                     5.9272624467636934e+00
22                                     8.4140865172583972e+00
23                                     8.4172123064558928e+00
   &ZA [&Type "ArrayOfDoubles", &Dim (24,1)] "Total nuclear charge"
                                                         0

0                                      6.0000000000000000e+00
1                                      1.0000000000000000e+00
2                                      1.0000000000000000e+00
3                                      6.0000000000000000e+00
4                                      6.0000000000000000e+00
5                                      8.0000000000000000e+00
6                                      8.0000000000000000e+00
7                                      8.0000000000000000e+00
8                                      6.0000000000000000e+00
9                                      1.0000000000000000e+00
10                                     6.0000000000000000e+00
11                                     1.0000000000000000e+00
12                                     6.0000000000000000e+00
13                                     6.0000000000000000e+00
14                                     1.0000000000000000e+00
15                                     6.0000000000000000e+00
16                                     1.0000000000000000e+00
17                                     6.0000000000000000e+00
18                                     1.0000000000000000e+00
19                                     8.0000000000000000e+00
20                                     1.0000000000000000e+00
21                                     6.0000000000000000e+00
22                                     8.0000000000000000e+00
23                                     8.0000000000000000e+00
   &QA [&Type "ArrayOfDoubles", &Dim (24,1)] "Mulliken gross atomic charge"
                                                         0

0                                      2.1401117326872665e-02
1                                     -3.0176817798718947e-02
2                                     -2.8599316986119172e-02
3                                      5.3653092242544886e-04
4                                      8.7892514098059316e-02
5                                     -4.0519445726552306e-01
6                                     -4.2328871426126646e-01
7                                     -3.7702222221905402e-01
8                                      2.5924532657749477e-01
9                                     -8.8071294563929481e-02
10                                    -1.0245338090777878e-01
11                                    -6.4433880984917868e-02
12                                     6.3921029783449157e-03
13                                     4.1009839134661163e-02
14                                    -5.7972399243363171e-02
15                                    -1.7879610396261292e-02
16                                    -7.6250499695911911e-02
17                                     2.2249516105715461e-01
18                                    -1.4022338226005182e-02
19                                    -3.4061017059333487e-01
20                                     1.4556378152522798e-01
21                                     7.2737553236306596e-02
22                                    -4.1408651725839718e-01
23                                    -4.1721230645589280e-01
   &VA [&Type "ArrayOfDoubles", &Dim (24,1)] "Mayer's total valence"
                                                         0

0                                      3.8782529871765314e+00
1                                      1.0055939848778641e+00
2                                      1.0259496052275279e+00
3                                      3.9224365908525840e+00
4                                      4.5144512478899710e+00
5                                      2.1002601155809772e+00
6                                      2.0634971845559456e+00
7                                      2.0831441394670236e+00
8                                      3.8771535457581514e+00
9                                      9.9392041610554782e-01
10                                     3.9050929867639654e+00
11                                     1.0162291566383286e+00
12                                     3.7214747226275371e+00
13                                     3.9432825329239609e+00
14                                     1.0328228415153604e+00
15                                     3.8281339447291232e+00
16                                     9.7969894011772851e-01
17                                     3.8466820350991240e+00
18                                     1.0790444700212387e+00
19                                     2.0181979650516606e+00
20                                     1.0191644954869707e+00
21                                     4.5372480639998223e+00
22                                     2.0723448330689660e+00
23                                     2.0646691342253392e+00
   &BVA [&Type "ArrayOfDoubles", &Dim (24,1)] "Mayer's bonded valence"
                                                         0

0                                      3.8782529871765297e+00
1                                      1.0055939848778634e+00
2                                      1.0259496052275392e+00
3                                      3.9224365908525627e+00
4                                      4.5144512478899799e+00
5                                      2.1002601155809071e+00
6                                      2.0634971845559722e+00
7                                      2.0831441394670147e+00
8                                      3.8771535457581581e+00
9                                      9.9392041610555126e-01
10                                     3.9050929867639823e+00
11                                     1.0162291566383377e+00
12                                     3.7214747226275069e+00
13                                     3.9432825329239147e+00
14                                     1.0328228415153544e+00
15                                     3.8281339447291320e+00
16                                     9.7969894011773173e-01
17                                     3.8466820350991515e+00
18                                     1.0790444700212429e+00
19                                     2.0181979650516340e+00
20                                     1.0191644954869665e+00
21                                     4.5372480639998063e+00
22                                     2.0723448330689624e+00
23                                     2.0646691342253494e+00
   &FA [&Type "ArrayOfDoubles", &Dim (24,1)] "Mayer's free valence"
                                                         0

0                                      0.0000000000000000e+00
1                                      0.0000000000000000e+00
2                                      0.0000000000000000e+00
3                                      0.0000000000000000e+00
4                                      0.0000000000000000e+00
5                                      0.0000000000000000e+00
6                                      0.0000000000000000e+00
7                                      0.0000000000000000e+00
8                                      0.0000000000000000e+00
9                                      0.0000000000000000e+00
10                                     0.0000000000000000e+00
11                                     0.0000000000000000e+00
12                                     0.0000000000000000e+00
13                                     0.0000000000000000e+00
14                                     0.0000000000000000e+00
15                                     0.0000000000000000e+00
16                                     0.0000000000000000e+00
17                                     0.0000000000000000e+00
18                                     0.0000000000000000e+00
19                                     0.0000000000000000e+00
20                                     0.0000000000000000e+00
21                                     0.0000000000000000e+00
22                                     0.0000000000000000e+00
23                                     0.0000000000000000e+00
$End
$VdW_Correction
   &GeometryIndex 1
   &ListStatus       OUT
   &VDW [&Type "Double"]      -5.2633099702441163e-02
$End
$Calculation_Info
   &GeometryIndex 1
   &ListStatus       OUT
   &MULT [&Type "Integer"] 1
   &CHARGE [&Type "Integer"] -2
   &NUMOFATOMS [&Type "Integer"] 24
   &NUMOFELECTRONS [&Type "Integer"] 118
   &NUMOFFCELECTRONS [&Type "Integer"] 1
   &NUMOFCORRELECTRONS [&Type "Integer"] 0
   &NUMOFBASISFUNCTS [&Type "Integer"] 264
   &NUMOFAUXCBASISFUNCTS [&Type "Integer"] 0
   &NUMOFAUXJBASISFUNCTS [&Type "Integer"] 872
   &NUMOFAUXJKBASISFUNCTS [&Type "Integer"] 0
   &NUMOFCABSBASISFUNCTS [&Type "Integer"] 0
   &TOTALENERGY [&Type "Double"]      -8.3614097755975115e+02  "Hartrees"
$End
$SCF_Dipole_Moment
   &GeometryIndex 1
   &ListStatus       OUT
   &METHOD [&Type "String"] "SCF"
   &LEVEL [&Type "String"] "Relaxed density"
   &MULT [&Type "Integer"] 1
   &STATE [&Type "Integer"] -1
   &IRREP [&Type "Integer"] 0
   &NATOMS [&Type "Integer"] 24
   &DODIPOLEATOM [&Type "Boolean"] false
   &DIPOLEELECCONTRIB [&Type "ArrayOfDoubles", &Dim (3,1)] "Electronic contribution"
                                                         0

0                                      1.0881587093230716e+00
1                                      6.5137070033185107e-01
2                                     -2.0574980572700699e-01
   &DIPOLENUCCONTRIB [&Type "ArrayOfDoubles", &Dim (3,1)] "Nuclear contribution"
                                                         0

0                                     -3.9039435153943600e+00
1                                     -3.0035997484702506e+00
2                                      5.1767591079786257e-01
   &DIPOLETOTAL [&Type "ArrayOfDoubles", &Dim (3,1)] "Total"
                                                         0

0                                     -2.8157848060712887e+00
1                                     -2.3522290481383994e+00
2                                      3.1192610507085561e-01
   &DIPOLEMAGNITUDE [&Type "Double", &Units "a.u."]       3.6822443514835732e+00
$End
