*************************************************
******************* ORCA 6.0.1 ******************
*************************************************
$Calculation_Status
   &GeometryIndex 1
   &ListStatus       OUT
   &VERSION [&Type "String"] "6.0.1"
   &PROGNAME [&Type "String"] "LeanSCF"
   &STATUS [&Type "String"] "NORMAL TERMINATION"
$End
$Geometry
   &GeometryIndex 1
   &ListStatus       OUT
   &NATOMS [&Type "Integer"] 24
   &NCORELESSECP [&Type "Integer"] 0
   &NGHOSTATOMS [&Type "Integer"] 0
   &CartesianCoordinates [&Type "Coordinates", &Dim(24,4), &Units "Bohr"] 
              C     79.786127100289   32.786748423534   97.269873291329
              H     81.262003210882   31.377012727628   96.871141077071
              H     80.628944956018   34.504509479268   98.073006898245
              C     77.937974941314   31.664251099984   99.146371342312
              C     76.662409800917   33.400909417058  101.136252961331
              O     78.064586592287   34.973161560481  102.181271513390
              O     74.358833643667   33.007846381202  101.589787233473
              O     77.429638611289   29.417366726752   99.106687093500
              C     74.700874073907   30.592776382051   94.089464207939
              H     73.875063753384   28.806985185496   93.471523762147
              C     77.146179691201   31.085994903005   93.717188159557
              H     78.391509213455   29.708384551376   92.817678519810
              C     78.400957844125   33.450042296540   94.697956023062
              C     76.480996092061   35.477718438238   95.255425232569
              H     77.204761201353   37.393900738034   95.487861547041
              C     74.030021296365   34.980720465016   95.606914293478
              H     72.741228073031   36.503839728957   96.128478706440
              C     72.899965068280   32.372898400205   95.387706061943
              H     72.546586281237   31.688817539725   97.332234253748
              O     70.588830006494   32.442818267160   94.023323793252
              H     69.126181978839   31.822988095234   95.051334810105
              C     80.485325769840   34.332544401081   92.768545640328
              O     82.012224486048   32.677144307766   92.052339435572
              O     80.526899744786   36.607774666322   92.076905875313
$End
$SCF_Energy
   &GeometryIndex 1
   &ListStatus       OUT
   &SCF_ENERGY [&Type "Double"]      -8.3612446779102197e+02
$End
$DFT_Energy
   &GeometryIndex 1
   &ListStatus       OUT
   &NALPHAEL [&Type "Integer"] 59
   &NBETAEL [&Type "Integer"] 59
   &NTOTALEL [&Type "Integer"] 118
   &EEXCHANGE [&Type "Double"]      -8.3130165132637046e+01
   &ECORR [&Type "Double"]      -4.8453997941965685e+00
   &ECNL [&Type "Double"]       0.0000000000000000e+00
   &EXC [&Type "Double"]      -8.7975564926833613e+01
   &EEMBED [&Type "Double"]       0.0000000000000000e+00
   &FINALEN [&Type "Double"]      -8.3612446779102197e+02  "No Van der Waals correction"
$End
$Mulliken_Population_Analysis
   &GeometryIndex 1
   &ListStatus       OUT
   &NATOMS [&Type "Integer"] 24
   &ATNO [&Type "ArrayOfIntegers", &Dim (24,1)] 
                                                         0

0                                                        6
1                                                        1
2                                                        1
3                                                        6
4                                                        6
5                                                        8
6                                                        8
7                                                        8
8                                                        6
9                                                        1
10                                                       6
11                                                       1
12                                                       6
13                                                       6
14                                                       1
15                                                       6
16                                                       1
17                                                       6
18                                                       1
19                                                       8
20                                                       1
21                                                       6
22                                                       8
23                                                       8
   &ATOMICCHARGES [&Type "ArrayOfDoubles", &Dim (24,1)] 
                                                         0

0                                      2.2044799693924588e-01
1                                     -4.6309888302097368e-02
2                                     -2.6520357272034945e-02
3                                     -2.6995895717081275e-02
4                                      9.5799484118809453e-02
5                                     -4.0417678552570457e-01
6                                     -4.1394502711023051e-01
7                                     -2.7670208103911698e-01
8                                     -7.1555234886034214e-02
9                                     -9.7051855997342340e-02
10                                     6.3226708054759051e-02
11                                    -5.4571623029197047e-02
12                                    -2.0592022920429365e-01
13                                     6.6483312536383288e-02
14                                    -4.9523378126394624e-02
15                                    -6.4516870193511267e-02
16                                    -8.3563311578984667e-02
17                                     3.1081380411491022e-01
18                                     7.1883394091781794e-03
19                                    -3.6088478452625239e-01
20                                     1.4187692941369567e-01
21                                     9.4372895258145739e-02
22                                    -4.1546511391456953e-01
23                                    -4.0250703342231375e-01
$End
$Loewdin_Population_Analysis
   &GeometryIndex 1
   &ListStatus       OUT
   &NATOMS [&Type "Integer"] 24
   &ATNO [&Type "ArrayOfIntegers", &Dim (24,1)] 
                                                         0

0                                                        6
1                                                        1
2                                                        1
3                                                        6
4                                                        6
5                                                        8
6                                                        8
7                                                        8
8                                                        6
9                                                        1
10                                                       6
11                                                       1
12                                                       6
13                                                       6
14                                                       1
15                                                       6
16                                                       1
17                                                       6
18                                                       1
19                                                       8
20                                                       1
21                                                       6
22                                                       8
23                                                       8
   &ATOMICCHARGES [&Type "ArrayOfDoubles", &Dim (24,1)] 
                                                         0

0                                     -3.0773869981979729e-02
1                                      9.4799075771255792e-03
2                                      1.6057503472658663e-02
3                                      4.0977536341628706e-02
4                                     -7.4669174261399185e-02
5                                     -3.5701549577441405e-01
6                                     -3.7246417884883520e-01
7                                     -2.0117830752945309e-01
8                                     -7.2537115387535600e-02
9                                     -1.0125359169213199e-02
10                                     1.6767661445813431e-03
11                                     8.6237931538886148e-03
12                                    -7.9199788918851155e-02
13                                     4.0953700973584972e-03
14                                     1.2726079301176640e-02
15                                    -6.4652112044228716e-02
16                                    -3.0584479142909959e-03
17                                     5.0911913962498723e-02
18                                     1.3956825909497206e-02
19                                    -1.8190690917638008e-01
20                                     7.2167218429454172e-02
21                                    -2.5199247400222724e-02
22                                    -3.7830836292786607e-01
23                                    -3.7958454505518624e-01
$End
$Mayer_Population_Analysis
   &GeometryIndex 1
   &ListStatus       OUT
   &NATOMS [&Type "Integer"] 24 "Total number of atoms"
   &BONDTHRESH [&Type "Double"]       1.0000000000000001e-01  "The threshold for printing"
   &NBONDORDERSPRINT [&Type "Integer"] 26 "The number of bond orders larger than threshold"
   &BONDORDERS [&Type "ArrayOfDoubles", &Dim (26,1)] "The bond orders"
                                                         0

0                                      8.8827983823535650e-01
1                                      9.1141897964326801e-01
2                                      9.7365785688479856e-01
3                                      1.0023555473565504e+00
4                                      8.1905185844959938e-01
5                                      2.0467652734994952e+00
6                                      1.8296828771855655e+00
7                                      1.8109120052709535e+00
8                                      1.2775039867294496e-01
9                                      9.5326168328051875e-01
10                                     1.8677936853508128e+00
11                                     9.6793177387863105e-01
12                                     9.6075759643663128e-01
13                                     9.8044790041035879e-01
14                                     9.6382368951303299e-01
15                                     7.7582851680475418e-01
16                                     9.5984471920171188e-01
17                                     1.8766519291360675e+00
18                                     9.5243546686912217e-01
19                                     9.7764505123808132e-01
20                                     8.5241012959382900e-01
21                                     9.7845290673206065e-01
22                                     9.7533913408478168e-01
23                                     1.8333671655194737e+00
24                                     1.9067823531323274e+00
25                                     1.1415724053633790e-01
   &COMPONENTS [&Type "ArrayOfIntegers", &Dim (26,4)] "The indices and atomic numbers of the bonding atoms"
                                                         0                           1                           2                           3

0                                                        0                           6                           1                           1
1                                                        0                           6                           2                           1
2                                                        0                           6                           3                           6
3                                                        0                           6                          12                           6
4                                                        3                           6                           4                           6
5                                                        3                           6                           7                           8
6                                                        4                           6                           5                           8
7                                                        4                           6                           6                           8
8                                                        5                           8                           6                           8
9                                                        8                           6                           9                           1
10                                                       8                           6                          10                           6
11                                                       8                           6                          17                           6
12                                                      10                           6                          11                           1
13                                                      10                           6                          12                           6
14                                                      12                           6                          13                           6
15                                                      12                           6                          21                           6
16                                                      13                           6                          14                           1
17                                                      13                           6                          15                           6
18                                                      15                           6                          16                           1
19                                                      15                           6                          17                           6
20                                                      17                           6                          18                           1
21                                                      17                           6                          19                           8
22                                                      19                           8                          20                           1
23                                                      21                           6                          22                           8
24                                                      21                           6                          23                           8
25                                                      22                           8                          23                           8
   &ATNO [&Type "ArrayOfIntegers", &Dim (24,1)] "Atomic number of the elements"
                                                         0

0                                                        6
1                                                        1
2                                                        1
3                                                        6
4                                                        6
5                                                        8
6                                                        8
7                                                        8
8                                                        6
9                                                        1
10                                                       6
11                                                       1
12                                                       6
13                                                       6
14                                                       1
15                                                       6
16                                                       1
17                                                       6
18                                                       1
19                                                       8
20                                                       1
21                                                       6
22                                                       8
23                                                       8
   &NA [&Type "ArrayOfDoubles", &Dim (24,1)] "Mulliken gross atomic population"
                                                         0

0                                      5.7795520030607568e+00
1                                      1.0463098883020974e+00
2                                      1.0265203572720349e+00
3                                      6.0269958957170857e+00
4                                      5.9042005158811932e+00
5                                      8.4041767855257028e+00
6                                      8.4139450271102323e+00
7                                      8.2767020810391152e+00
8                                      6.0715552348860315e+00
9                                      1.0970518559973428e+00
10                                     5.9367732919452392e+00
11                                     1.0545716230291975e+00
12                                     6.2059202292042928e+00
13                                     5.9335166874636114e+00
14                                     1.0495233781263951e+00
15                                     6.0645168701935139e+00
16                                     1.0835633115789851e+00
17                                     5.6891861958850898e+00
18                                     9.9281166059082182e-01
19                                     8.3608847845262524e+00
20                                     8.5812307058630455e-01
21                                     5.9056271047418516e+00
22                                     8.4154651139145731e+00
23                                     8.4025070334223138e+00
   &ZA [&Type "ArrayOfDoubles", &Dim (24,1)] "Total nuclear charge"
                                                         0

0                                      6.0000000000000000e+00
1                                      1.0000000000000000e+00
2                                      1.0000000000000000e+00
3                                      6.0000000000000000e+00
4                                      6.0000000000000000e+00
5                                      8.0000000000000000e+00
6                                      8.0000000000000000e+00
7                                      8.0000000000000000e+00
8                                      6.0000000000000000e+00
9                                      1.0000000000000000e+00
10                                     6.0000000000000000e+00
11                                     1.0000000000000000e+00
12                                     6.0000000000000000e+00
13                                     6.0000000000000000e+00
14                                     1.0000000000000000e+00
15                                     6.0000000000000000e+00
16                                     1.0000000000000000e+00
17                                     6.0000000000000000e+00
18                                     1.0000000000000000e+00
19                                     8.0000000000000000e+00
20                                     1.0000000000000000e+00
21                                     6.0000000000000000e+00
22                                     8.0000000000000000e+00
23                                     8.0000000000000000e+00
   &QA [&Type "ArrayOfDoubles", &Dim (24,1)] "Mulliken gross atomic charge"
                                                         0

0                                      2.2044799693924322e-01
1                                     -4.6309888302097368e-02
2                                     -2.6520357272034945e-02
3                                     -2.6995895717085716e-02
4                                      9.5799484118806788e-02
5                                     -4.0417678552570280e-01
6                                     -4.1394502711023229e-01
7                                     -2.7670208103911520e-01
8                                     -7.1555234886031549e-02
9                                     -9.7051855997342784e-02
10                                     6.3226708054760827e-02
11                                    -5.4571623029197491e-02
12                                    -2.0592022920429276e-01
13                                     6.6483312536388617e-02
14                                    -4.9523378126395068e-02
15                                    -6.4516870193513931e-02
16                                    -8.3563311578985111e-02
17                                     3.1081380411491022e-01
18                                     7.1883394091781794e-03
19                                    -3.6088478452625239e-01
20                                     1.4187692941369545e-01
21                                     9.4372895258148404e-02
22                                    -4.1546511391457308e-01
23                                    -4.0250703342231375e-01
   &VA [&Type "ArrayOfDoubles", &Dim (24,1)] "Mayer's total valence"
                                                         0

0                                      3.7763433807900944e+00
1                                      1.0359541027690276e+00
2                                      1.0298627233723765e+00
3                                      3.9684721806352528e+00
4                                      4.4743923023836620e+00
5                                      2.0746718029138229e+00
6                                      2.0748084949502634e+00
7                                      2.1816986787805495e+00
8                                      3.9083530834327060e+00
9                                      9.8303385030290369e-01
10                                     3.8984736289974853e+00
11                                     1.0315638431654328e+00
12                                     3.7019598873302773e+00
13                                     3.8988097677078732e+00
14                                     1.0247906601362460e+00
15                                     3.9435330960248121e+00
16                                     9.8578367328087335e-01
17                                     3.7680506037491295e+00
18                                     1.0597852458860590e+00
19                                     1.9934938126950432e+00
20                                     1.0210330332982038e+00
21                                     4.5445386012351543e+00
22                                     2.0604145974281294e+00
23                                     2.0977002393112336e+00
   &BVA [&Type "ArrayOfDoubles", &Dim (24,1)] "Mayer's bonded valence"
                                                         0

0                                      3.7763433807900788e+00
1                                      1.0359541027690302e+00
2                                      1.0298627233723665e+00
3                                      3.9684721806352035e+00
4                                      4.4743923023836576e+00
5                                      2.0746718029138940e+00
6                                      2.0748084949502292e+00
7                                      2.1816986787805472e+00
8                                      3.9083530834326758e+00
9                                      9.8303385030290791e-01
10                                     3.8984736289974320e+00
11                                     1.0315638431654301e+00
12                                     3.7019598873302932e+00
13                                     3.8988097677079225e+00
14                                     1.0247906601362591e+00
15                                     3.9435330960248764e+00
16                                     9.8578367328089811e-01
17                                     3.7680506037491921e+00
18                                     1.0597852458860664e+00
19                                     1.9934938126950588e+00
20                                     1.0210330332982074e+00
21                                     4.5445386012351312e+00
22                                     2.0604145974281014e+00
23                                     2.0977002393112230e+00
   &FA [&Type "ArrayOfDoubles", &Dim (24,1)] "Mayer's free valence"
                                                         0

0                                      0.0000000000000000e+00
1                                      0.0000000000000000e+00
2                                      0.0000000000000000e+00
3                                      0.0000000000000000e+00
4                                      0.0000000000000000e+00
5                                      0.0000000000000000e+00
6                                      0.0000000000000000e+00
7                                      0.0000000000000000e+00
8                                      0.0000000000000000e+00
9                                      0.0000000000000000e+00
10                                     0.0000000000000000e+00
11                                     0.0000000000000000e+00
12                                     0.0000000000000000e+00
13                                     0.0000000000000000e+00
14                                     0.0000000000000000e+00
15                                     0.0000000000000000e+00
16                                     0.0000000000000000e+00
17                                     0.0000000000000000e+00
18                                     0.0000000000000000e+00
19                                     0.0000000000000000e+00
20                                     0.0000000000000000e+00
21                                     0.0000000000000000e+00
22                                     0.0000000000000000e+00
23                                     0.0000000000000000e+00
$End
$VdW_Correction
   &GeometryIndex 1
   &ListStatus       OUT
   &VDW [&Type "Double"]      -5.4374463050256949e-02
$End
$Calculation_Info
   &GeometryIndex 1
   &ListStatus       OUT
   &MULT [&Type "Integer"] 1
   &CHARGE [&Type "Integer"] -2
   &NUMOFATOMS [&Type "Integer"] 24
   &NUMOFELECTRONS [&Type "Integer"] 118
   &NUMOFFCELECTRONS [&Type "Integer"] 1
   &NUMOFCORRELECTRONS [&Type "Integer"] 0
   &NUMOFBASISFUNCTS [&Type "Integer"] 264
   &NUMOFAUXCBASISFUNCTS [&Type "Integer"] 0
   &NUMOFAUXJBASISFUNCTS [&Type "Integer"] 872
   &NUMOFAUXJKBASISFUNCTS [&Type "Integer"] 0
   &NUMOFCABSBASISFUNCTS [&Type "Integer"] 0
   &TOTALENERGY [&Type "Double"]      -8.3617884225407226e+02  "Hartrees"
$End
$SCF_Dipole_Moment
   &GeometryIndex 1
   &ListStatus       OUT
   &METHOD [&Type "String"] "SCF"
   &LEVEL [&Type "String"] "Relaxed density"
   &MULT [&Type "Integer"] 1
   &STATE [&Type "Integer"] -1
   &IRREP [&Type "Integer"] 0
   &NATOMS [&Type "Integer"] 24
   &DODIPOLEATOM [&Type "Boolean"] false
   &DIPOLEELECCONTRIB [&Type "ArrayOfDoubles", &Dim (3,1)] "Electronic contribution"
                                                         0

0                                      2.5618225101755452e+00
1                                      1.9562717858045253e-01
2                                      2.0684934587602100e+00
   &DIPOLENUCCONTRIB [&Type "ArrayOfDoubles", &Dim (3,1)] "Nuclear contribution"
                                                         0

0                                     -4.8482861843803278e+00
1                                     -1.3946878217395380e+00
2                                     -2.5279562335675507e+00
   &DIPOLETOTAL [&Type "ArrayOfDoubles", &Dim (3,1)] "Total"
                                                         0

0                                     -2.2864636742047826e+00
1                                     -1.1990606431590853e+00
2                                     -4.5946277480734077e-01
   &DIPOLEMAGNITUDE [&Type "Double", &Units "a.u."]       2.6223593576900890e+00
$End
