*************************************************
******************* ORCA 6.0.1 ******************
*************************************************
$Calculation_Status
   &GeometryIndex 1
   &ListStatus       OUT
   &VERSION [&Type "String"] "6.0.1"
   &PROGNAME [&Type "String"] "LeanSCF"
   &STATUS [&Type "String"] "NORMAL TERMINATION"
$End
$Geometry
   &GeometryIndex 1
   &ListStatus       OUT
   &NATOMS [&Type "Integer"] 24
   &NCORELESSECP [&Type "Integer"] 0
   &NGHOSTATOMS [&Type "Integer"] 0
   &CartesianCoordinates [&Type "Coordinates", &Dim(24,4), &Units "Bohr"] 
              C     83.323694422990   28.663365999318   86.519221315451
              H     84.761776010904   27.176151531922   86.419065830353
              H     84.238321871808   30.503959253757   86.810239140074
              C     81.664514877407   28.098337885275   88.773664593219
              C     80.713982632045   30.229948964338   90.595360586319
              O     81.749552553433   32.363449769535   90.504653731891
              O     78.992442124042   29.604449614010   92.075016149179
              O     80.984213469195   25.942160366471   89.170507081342
              C     77.569478345200   26.488291219174   84.500993804423
              H     76.394068689901   24.791317150913   84.451860924941
              C     80.018563414761   26.380576829541   83.903840346104
              H     80.923742232910   24.598565085253   83.412511551284
              C     81.734434744362   28.652027642514   83.966201308523
              C     80.230212741761   31.074656546201   83.975649939193
              H     81.273341567685   32.794307328069   83.524005393185
              C     77.807583838074   31.178591483567   84.663510251940
              H     76.851382414309   33.004066928935   84.812798616520
              C     76.244780325321   28.882574230852   85.277671245464
              H     75.957541952965   28.837220803638   87.354480266644
              O     73.869394574982   29.056429035173   84.049349258416
              H     72.459658879076   28.823992720701   85.315465768143
              C     83.537233476123   28.485731742729   81.579477201380
              O     84.812798616520   26.509078206647   81.250664854078
              O     83.524005393185   30.354670889177   80.124388078261
$End
$SCF_Energy
   &GeometryIndex 1
   &ListStatus       OUT
   &SCF_ENERGY [&Type "Double"]      -8.3611810757945000e+02
$End
$DFT_Energy
   &GeometryIndex 1
   &ListStatus       OUT
   &NALPHAEL [&Type "Integer"] 59
   &NBETAEL [&Type "Integer"] 59
   &NTOTALEL [&Type "Integer"] 118
   &EEXCHANGE [&Type "Double"]      -8.3125867395905573e+01
   &ECORR [&Type "Double"]      -4.8439766116179328e+00
   &ECNL [&Type "Double"]       0.0000000000000000e+00
   &EXC [&Type "Double"]      -8.7969844007523506e+01
   &EEMBED [&Type "Double"]       0.0000000000000000e+00
   &FINALEN [&Type "Double"]      -8.3611810757945000e+02  "No Van der Waals correction"
$End
$Mulliken_Population_Analysis
   &GeometryIndex 1
   &ListStatus       OUT
   &NATOMS [&Type "Integer"] 24
   &ATNO [&Type "ArrayOfIntegers", &Dim (24,1)] 
                                                         0

0                                                        6
1                                                        1
2                                                        1
3                                                        6
4                                                        6
5                                                        8
6                                                        8
7                                                        8
8                                                        6
9                                                        1
10                                                       6
11                                                       1
12                                                       6
13                                                       6
14                                                       1
15                                                       6
16                                                       1
17                                                       6
18                                                       1
19                                                       8
20                                                       1
21                                                       6
22                                                       8
23                                                       8
   &ATOMICCHARGES [&Type "ArrayOfDoubles", &Dim (24,1)] 
                                                         0

0                                      2.5177927596201055e-01
1                                     -4.8142442822115772e-02
2                                     -3.5693656297173915e-02
3                                     -7.1936297698428575e-02
4                                      5.9398190262237804e-02
5                                     -4.0407332329625589e-01
6                                     -4.0227118240882120e-01
7                                     -2.4554239886155393e-01
8                                     -6.8021536535277427e-02
9                                     -9.5877972410611800e-02
10                                     7.2638573760382741e-02
11                                    -5.3355123819560202e-02
12                                    -2.2336158349199042e-01
13                                     1.0295595053729834e-01
14                                    -5.0140766305093232e-02
15                                    -8.0637710006333130e-02
16                                    -8.2961384365154878e-02
17                                     2.9796622444425136e-01
18                                     5.6804401981677133e-03
19                                    -3.5640544159852716e-01
20                                     1.4345572948892038e-01
21                                     9.9585441222171056e-02
22                                    -4.1885758246959526e-01
23                                    -3.9618142348892960e-01
$End
$Loewdin_Population_Analysis
   &GeometryIndex 1
   &ListStatus       OUT
   &NATOMS [&Type "Integer"] 24
   &ATNO [&Type "ArrayOfIntegers", &Dim (24,1)] 
                                                         0

0                                                        6
1                                                        1
2                                                        1
3                                                        6
4                                                        6
5                                                        8
6                                                        8
7                                                        8
8                                                        6
9                                                        1
10                                                       6
11                                                       1
12                                                       6
13                                                       6
14                                                       1
15                                                       6
16                                                       1
17                                                       6
18                                                       1
19                                                       8
20                                                       1
21                                                       6
22                                                       8
23                                                       8
   &ATOMICCHARGES [&Type "ArrayOfDoubles", &Dim (24,1)] 
                                                         0

0                                     -3.4961605212387781e-02
1                                      1.0409218065690728e-02
2                                      1.2966282845665367e-02
3                                      3.2542736697679153e-02
4                                     -8.9489452413352488e-02
5                                     -3.7479185443782015e-01
6                                     -3.6536195168348939e-01
7                                     -1.7808819521454033e-01
8                                     -7.8163642672310019e-02
9                                     -9.1491550386786358e-03
10                                     8.8957238459874688e-03
11                                     9.4459416778561733e-03
12                                    -7.8533989341070587e-02
13                                     1.9671858355214233e-02
14                                     1.3573989042168333e-02
15                                    -7.9387540627355868e-02
16                                    -3.1072980247806026e-03
17                                     5.0182825501112305e-02
18                                     1.3976356675134638e-02
19                                    -1.8049135754238144e-01
20                                     7.6064692693134650e-02
21                                    -2.2467927810604138e-02
22                                    -3.8398273907219149e-01
23                                    -3.6975291630864326e-01
$End
$Mayer_Population_Analysis
   &GeometryIndex 1
   &ListStatus       OUT
   &NATOMS [&Type "Integer"] 24 "Total number of atoms"
   &BONDTHRESH [&Type "Double"]       1.0000000000000001e-01  "The threshold for printing"
   &NBONDORDERSPRINT [&Type "Integer"] 26 "The number of bond orders larger than threshold"
   &BONDORDERS [&Type "ArrayOfDoubles", &Dim (26,1)] "The bond orders"
                                                         0

0                                      8.7829599046596318e-01
1                                      9.0493600132746010e-01
2                                      9.6979707857902842e-01
3                                      9.9548968660968784e-01
4                                      7.9157883321139655e-01
5                                      2.0730785726998291e+00
6                                      1.8426321255200224e+00
7                                      1.8533947765701919e+00
8                                      1.3706585147418845e-01
9                                      9.5443895503549814e-01
10                                     1.8674028895895578e+00
11                                     9.7544765746236362e-01
12                                     9.5928367110680024e-01
13                                     9.8803916603030639e-01
14                                     9.6912172146046394e-01
15                                     7.6655795145497274e-01
16                                     9.5610435650603987e-01
17                                     1.8781182618643577e+00
18                                     9.5466165671740311e-01
19                                     9.7469383098304430e-01
20                                     8.6809571989810153e-01
21                                     9.8056074801463589e-01
22                                     9.7484763329120516e-01
23                                     1.8358612512319734e+00
24                                     1.9013315466250043e+00
25                                     1.1486121111663965e-01
   &COMPONENTS [&Type "ArrayOfIntegers", &Dim (26,4)] "The indices and atomic numbers of the bonding atoms"
                                                         0                           1                           2                           3

0                                                        0                           6                           1                           1
1                                                        0                           6                           2                           1
2                                                        0                           6                           3                           6
3                                                        0                           6                          12                           6
4                                                        3                           6                           4                           6
5                                                        3                           6                           7                           8
6                                                        4                           6                           5                           8
7                                                        4                           6                           6                           8
8                                                        5                           8                           6                           8
9                                                        8                           6                           9                           1
10                                                       8                           6                          10                           6
11                                                       8                           6                          17                           6
12                                                      10                           6                          11                           1
13                                                      10                           6                          12                           6
14                                                      12                           6                          13                           6
15                                                      12                           6                          21                           6
16                                                      13                           6                          14                           1
17                                                      13                           6                          15                           6
18                                                      15                           6                          16                           1
19                                                      15                           6                          17                           6
20                                                      17                           6                          18                           1
21                                                      17                           6                          19                           8
22                                                      19                           8                          20                           1
23                                                      21                           6                          22                           8
24                                                      21                           6                          23                           8
25                                                      22                           8                          23                           8
   &ATNO [&Type "ArrayOfIntegers", &Dim (24,1)] "Atomic number of the elements"
                                                         0

0                                                        6
1                                                        1
2                                                        1
3                                                        6
4                                                        6
5                                                        8
6                                                        8
7                                                        8
8                                                        6
9                                                        1
10                                                       6
11                                                       1
12                                                       6
13                                                       6
14                                                       1
15                                                       6
16                                                       1
17                                                       6
18                                                       1
19                                                       8
20                                                       1
21                                                       6
22                                                       8
23                                                       8
   &NA [&Type "ArrayOfDoubles", &Dim (24,1)] "Mulliken gross atomic population"
                                                         0

0                                      5.7482207240379868e+00
1                                      1.0481424428221160e+00
2                                      1.0356936562971728e+00
3                                      6.0719362976984321e+00
4                                      5.9406018097377604e+00
5                                      8.4040733232962559e+00
6                                      8.4022711824088194e+00
7                                      8.2455423988615557e+00
8                                      6.0680215365352748e+00
9                                      1.0958779724106118e+00
10                                     5.9273614262396173e+00
11                                     1.0533551238195602e+00
12                                     6.2233615834919913e+00
13                                     5.8970440494626981e+00
14                                     1.0501407663050932e+00
15                                     6.0806377100063385e+00
16                                     1.0829613843651553e+00
17                                     5.7020337755557451e+00
18                                     9.9431955980183251e-01
19                                     8.3564054415985201e+00
20                                     8.5654427051107962e-01
21                                     5.9004145587778289e+00
22                                     8.4188575824695899e+00
23                                     8.3961814234889296e+00
   &ZA [&Type "ArrayOfDoubles", &Dim (24,1)] "Total nuclear charge"
                                                         0

0                                      6.0000000000000000e+00
1                                      1.0000000000000000e+00
2                                      1.0000000000000000e+00
3                                      6.0000000000000000e+00
4                                      6.0000000000000000e+00
5                                      8.0000000000000000e+00
6                                      8.0000000000000000e+00
7                                      8.0000000000000000e+00
8                                      6.0000000000000000e+00
9                                      1.0000000000000000e+00
10                                     6.0000000000000000e+00
11                                     1.0000000000000000e+00
12                                     6.0000000000000000e+00
13                                     6.0000000000000000e+00
14                                     1.0000000000000000e+00
15                                     6.0000000000000000e+00
16                                     1.0000000000000000e+00
17                                     6.0000000000000000e+00
18                                     1.0000000000000000e+00
19                                     8.0000000000000000e+00
20                                     1.0000000000000000e+00
21                                     6.0000000000000000e+00
22                                     8.0000000000000000e+00
23                                     8.0000000000000000e+00
   &QA [&Type "ArrayOfDoubles", &Dim (24,1)] "Mulliken gross atomic charge"
                                                         0

0                                      2.5177927596201322e-01
1                                     -4.8142442822115994e-02
2                                     -3.5693656297172804e-02
3                                     -7.1936297698432128e-02
4                                      5.9398190262239581e-02
5                                     -4.0407332329625589e-01
6                                     -4.0227118240881943e-01
7                                     -2.4554239886155571e-01
8                                     -6.8021536535274763e-02
9                                     -9.5877972410611800e-02
10                                     7.2638573760382741e-02
11                                    -5.3355123819560202e-02
12                                    -2.2336158349199131e-01
13                                     1.0295595053730189e-01
14                                    -5.0140766305093232e-02
15                                    -8.0637710006338459e-02
16                                    -8.2961384365155322e-02
17                                     2.9796622444425491e-01
18                                     5.6804401981674912e-03
19                                    -3.5640544159852006e-01
20                                     1.4345572948892038e-01
21                                     9.9585441222171056e-02
22                                    -4.1885758246958993e-01
23                                    -3.9618142348892960e-01
   &VA [&Type "ArrayOfDoubles", &Dim (24,1)] "Mayer's total valence"
                                                         0

0                                      3.7396494977137991e+00
1                                      1.0321308169929495e+00
2                                      1.0357586999973158e+00
3                                      3.9682316143966623e+00
4                                      4.4910111284425085e+00
5                                      2.0817103830704209e+00
6                                      2.0701904922557031e+00
7                                      2.2025138591997084e+00
8                                      3.9196921283728594e+00
9                                      9.8239410793297466e-01
10                                     3.9112524200182106e+00
11                                     1.0304569133844692e+00
12                                     3.7089529070638059e+00
13                                     3.9249363892786016e+00
14                                     1.0211630027344518e+00
15                                     3.9128835167654601e+00
16                                     9.8455197413822826e-01
17                                     3.7997691620250755e+00
18                                     1.0160989648662127e+00
19                                     1.9957750227401956e+00
20                                     1.0202933657250790e+00
21                                     4.5267199813603041e+00
22                                     2.0588387066905249e+00
23                                     2.1025341336300674e+00
   &BVA [&Type "ArrayOfDoubles", &Dim (24,1)] "Mayer's bonded valence"
                                                         0

0                                      3.7396494977137538e+00
1                                      1.0321308169929437e+00
2                                      1.0357586999973047e+00
3                                      3.9682316143966445e+00
4                                      4.4910111284424632e+00
5                                      2.0817103830704049e+00
6                                      2.0701904922556995e+00
7                                      2.2025138591996800e+00
8                                      3.9196921283729251e+00
9                                      9.8239410793298987e-01
10                                     3.9112524200182066e+00
11                                     1.0304569133844648e+00
12                                     3.7089529070637934e+00
13                                     3.9249363892786127e+00
14                                     1.0211630027344614e+00
15                                     3.9128835167655027e+00
16                                     9.8455197413823592e-01
17                                     3.7997691620251155e+00
18                                     1.0160989648662111e+00
19                                     1.9957750227402045e+00
20                                     1.0202933657250788e+00
21                                     4.5267199813602845e+00
22                                     2.0588387066904712e+00
23                                     2.1025341336300443e+00
   &FA [&Type "ArrayOfDoubles", &Dim (24,1)] "Mayer's free valence"
                                                         0

0                                      0.0000000000000000e+00
1                                      0.0000000000000000e+00
2                                      0.0000000000000000e+00
3                                      0.0000000000000000e+00
4                                      0.0000000000000000e+00
5                                      0.0000000000000000e+00
6                                      0.0000000000000000e+00
7                                      0.0000000000000000e+00
8                                      0.0000000000000000e+00
9                                      0.0000000000000000e+00
10                                     0.0000000000000000e+00
11                                     0.0000000000000000e+00
12                                     0.0000000000000000e+00
13                                     0.0000000000000000e+00
14                                     0.0000000000000000e+00
15                                     0.0000000000000000e+00
16                                     0.0000000000000000e+00
17                                     0.0000000000000000e+00
18                                     0.0000000000000000e+00
19                                     0.0000000000000000e+00
20                                     0.0000000000000000e+00
21                                     0.0000000000000000e+00
22                                     0.0000000000000000e+00
23                                     0.0000000000000000e+00
$End
$VdW_Correction
   &GeometryIndex 1
   &ListStatus       OUT
   &VDW [&Type "Double"]      -5.3414812375668211e-02
$End
$Calculation_Info
   &GeometryIndex 1
   &ListStatus       OUT
   &MULT [&Type "Integer"] 1
   &CHARGE [&Type "Integer"] -2
   &NUMOFATOMS [&Type "Integer"] 24
   &NUMOFELECTRONS [&Type "Integer"] 118
   &NUMOFFCELECTRONS [&Type "Integer"] 1
   &NUMOFCORRELECTRONS [&Type "Integer"] 0
   &NUMOFBASISFUNCTS [&Type "Integer"] 264
   &NUMOFAUXCBASISFUNCTS [&Type "Integer"] 0
   &NUMOFAUXJBASISFUNCTS [&Type "Integer"] 872
   &NUMOFAUXJKBASISFUNCTS [&Type "Integer"] 0
   &NUMOFCABSBASISFUNCTS [&Type "Integer"] 0
   &TOTALENERGY [&Type "Double"]      -8.3617152239182565e+02  "Hartrees"
$End
$SCF_Dipole_Moment
   &GeometryIndex 1
   &ListStatus       OUT
   &METHOD [&Type "String"] "SCF"
   &LEVEL [&Type "String"] "Relaxed density"
   &MULT [&Type "Integer"] 1
   &STATE [&Type "Integer"] -1
   &IRREP [&Type "Integer"] 0
   &NATOMS [&Type "Integer"] 24
   &DODIPOLEATOM [&Type "Boolean"] false
   &DIPOLEELECCONTRIB [&Type "ArrayOfDoubles", &Dim (3,1)] "Electronic contribution"
                                                         0

0                                      2.8561255047649570e+00
1                                     -3.8661530793658744e-01
2                                      1.6385985808678525e+00
   &DIPOLENUCCONTRIB [&Type "ArrayOfDoubles", &Dim (3,1)] "Nuclear contribution"
                                                         0

0                                     -5.1253589415391332e+00
1                                     -2.5430789994442193e-01
2                                     -1.8054458387654648e+00
   &DIPOLETOTAL [&Type "ArrayOfDoubles", &Dim (3,1)] "Total"
                                                         0

0                                     -2.2692334367741762e+00
1                                     -6.4092320788100943e-01
2                                     -1.6684725789761234e-01
   &DIPOLEMAGNITUDE [&Type "Double", &Units "a.u."]       2.3639037536334628e+00
$End
