*************************************************
******************* ORCA 6.0.1 ******************
*************************************************
$Calculation_Status
   &GeometryIndex 1
   &ListStatus       OUT
   &VERSION [&Type "String"] "6.0.1"
   &PROGNAME [&Type "String"] "LeanSCF"
   &STATUS [&Type "String"] "NORMAL TERMINATION"
$End
$Geometry
   &GeometryIndex 1
   &ListStatus       OUT
   &NATOMS [&Type "Integer"] 24
   &NCORELESSECP [&Type "Integer"] 0
   &NGHOSTATOMS [&Type "Integer"] 0
   &CartesianCoordinates [&Type "Coordinates", &Dim(24,4), &Units "Bohr"] 
              C     83.941634868782   28.772970115085   88.048009757793
              H     84.739099297297   27.338667979439   86.808349413941
              H     85.126493154751   30.349001710775   88.643273489978
              C     81.556800487773   28.670924903853   88.879489256718
              C     80.504223031179   30.594666108185   90.738979772497
              O     81.609712819523   32.696041569105   90.926062659755
              O     78.620166075660   29.937041413580   92.003206556090
              O     79.925966834199   26.726396712048   88.259659084792
              C     78.663629776740   26.824662471012   85.789787027757
              H     77.350270113665   25.214615804911   85.842699359507
              C     80.619496325348   26.450496696496   83.779118421265
              H     81.490660073086   24.589116454583   83.597704712408
              C     81.494439525354   28.389355709899   82.382610808297
              C     80.405957272215   30.921588729353   82.722761512403
              H     81.337592256239   32.461715528499   81.715537483023
              C     78.419855105464   31.354336014021   84.247770502477
              H     77.692310543904   33.270518313818   84.508552708958
              C     77.006339957291   29.226504387226   85.510107559937
              H     76.458319378454   29.778304418331   87.445187121072
              O     74.825595998746   28.712498878800   84.028562270942
              H     73.302476734805   28.493290647265   85.135941785420
              C     83.694080745238   28.058653636463   80.536348375456
              O     84.996102051510   26.063102839042   80.649731943491
              O     84.056908162951   29.878459903429   79.052913360328
$End
$SCF_Energy
   &GeometryIndex 1
   &ListStatus       OUT
   &SCF_ENERGY [&Type "Double"]      -8.3609515904522868e+02
$End
$DFT_Energy
   &GeometryIndex 1
   &ListStatus       OUT
   &NALPHAEL [&Type "Integer"] 59
   &NBETAEL [&Type "Integer"] 59
   &NTOTALEL [&Type "Integer"] 118
   &EEXCHANGE [&Type "Double"]      -8.3121120374524764e+01
   &ECORR [&Type "Double"]      -4.8442963484357708e+00
   &ECNL [&Type "Double"]       0.0000000000000000e+00
   &EXC [&Type "Double"]      -8.7965416722960541e+01
   &EEMBED [&Type "Double"]       0.0000000000000000e+00
   &FINALEN [&Type "Double"]      -8.3609515904522868e+02  "No Van der Waals correction"
$End
$Mulliken_Population_Analysis
   &GeometryIndex 1
   &ListStatus       OUT
   &NATOMS [&Type "Integer"] 24
   &ATNO [&Type "ArrayOfIntegers", &Dim (24,1)] 
                                                         0

0                                                        6
1                                                        1
2                                                        1
3                                                        6
4                                                        6
5                                                        8
6                                                        8
7                                                        8
8                                                        6
9                                                        1
10                                                       6
11                                                       1
12                                                       6
13                                                       6
14                                                       1
15                                                       6
16                                                       1
17                                                       6
18                                                       1
19                                                       8
20                                                       1
21                                                       6
22                                                       8
23                                                       8
   &ATOMICCHARGES [&Type "ArrayOfDoubles", &Dim (24,1)] 
                                                         0

0                                     -1.2167086313007225e-02
1                                     -1.2072008666897283e-02
2                                     -3.5191979886478819e-02
3                                      2.3728924998427381e-02
4                                      7.1833179346716847e-02
5                                     -4.1801830070443557e-01
6                                     -4.2072052395647219e-01
7                                     -3.6643962146870379e-01
8                                      2.8216526831780886e-01
9                                     -8.3501527026186961e-02
10                                    -8.5163474822721241e-02
11                                    -5.9596527583777981e-02
12                                    -2.2947947469946328e-02
13                                     4.4554458415007048e-02
14                                    -5.7845384759693808e-02
15                                    -1.0912443099379665e-02
16                                    -6.8160819224500457e-02
17                                     1.8048001024380156e-01
18                                    -7.6407397015714196e-03
19                                    -3.3633714832488515e-01
20                                     1.4505363711007579e-01
21                                     7.8693197416288996e-02
22                                    -4.1773037845340788e-01
23                                    -4.1206276438605727e-01
$End
$Loewdin_Population_Analysis
   &GeometryIndex 1
   &ListStatus       OUT
   &NATOMS [&Type "Integer"] 24
   &ATNO [&Type "ArrayOfIntegers", &Dim (24,1)] 
                                                         0

0                                                        6
1                                                        1
2                                                        1
3                                                        6
4                                                        6
5                                                        8
6                                                        8
7                                                        8
8                                                        6
9                                                        1
10                                                       6
11                                                       1
12                                                       6
13                                                       6
14                                                       1
15                                                       6
16                                                       1
17                                                       6
18                                                       1
19                                                       8
20                                                       1
21                                                       6
22                                                       8
23                                                       8
   &ATOMICCHARGES [&Type "ArrayOfDoubles", &Dim (24,1)] 
                                                         0

0                                     -1.0555268813115148e-01
1                                      8.0930592676743407e-03
2                                      8.2203308151946874e-03
3                                     -3.8356223083324537e-03
4                                     -6.8888794718889201e-02
5                                     -3.8979944954259871e-01
6                                     -3.8039217489941635e-01
7                                     -1.5249371781322729e-01
8                                      7.8497848968650530e-02
9                                     -2.9730316042453353e-03
10                                    -4.3409008208580957e-02
11                                     4.2481022727959283e-03
12                                    -6.1359252728458991e-02
13                                    -4.8344669283197916e-03
14                                     1.2248703561839935e-02
15                                    -5.7739296554788488e-02
16                                    -2.0596449032384001e-04
17                                     4.7559486472342982e-02
18                                     1.3959015984563838e-02
19                                    -1.6902241995826373e-01
20                                     7.4675102496550627e-02
21                                    -4.0201458304808924e-02
22                                    -3.8871391261200117e-01
23                                    -3.7808039103624402e-01
$End
$Mayer_Population_Analysis
   &GeometryIndex 1
   &ListStatus       OUT
   &NATOMS [&Type "Integer"] 24 "Total number of atoms"
   &BONDTHRESH [&Type "Double"]       1.0000000000000001e-01  "The threshold for printing"
   &NBONDORDERSPRINT [&Type "Integer"] 26 "The number of bond orders larger than threshold"
   &BONDORDERS [&Type "ArrayOfDoubles", &Dim (26,1)] "The bond orders"
                                                         0

0                                      9.1321148017826637e-01
1                                      9.0687516510794142e-01
2                                      1.9675147535761308e+00
3                                      8.4013031421505913e-01
4                                      1.0343832396133257e+00
5                                      1.8738240467518179e+00
6                                      1.8076857244051470e+00
7                                      1.1995949441686081e-01
8                                      9.5568612909068362e-01
9                                      8.8683551858124665e-01
10                                     9.7149691739676614e-01
11                                     9.5206166695869743e-01
12                                     9.4059746599318050e-01
13                                     1.7789449843738392e+00
14                                     1.0919832835594985e+00
15                                     8.3227918667995548e-01
16                                     9.6329346780650960e-01
17                                     1.7709974211288100e+00
18                                     9.5741767498933961e-01
19                                     9.7259231606479202e-01
20                                     9.0549539091354780e-01
21                                     1.0306224635863088e+00
22                                     9.7417957711487191e-01
23                                     1.8709578134061076e+00
24                                     1.8520563604108813e+00
25                                     1.2550515297387235e-01
   &COMPONENTS [&Type "ArrayOfIntegers", &Dim (26,4)] "The indices and atomic numbers of the bonding atoms"
                                                         0                           1                           2                           3

0                                                        0                           6                           1                           1
1                                                        0                           6                           2                           1
2                                                        0                           6                           3                           6
3                                                        3                           6                           4                           6
4                                                        3                           6                           7                           8
5                                                        4                           6                           5                           8
6                                                        4                           6                           6                           8
7                                                        5                           8                           6                           8
8                                                        7                           8                           8                           6
9                                                        8                           6                           9                           1
10                                                       8                           6                          10                           6
11                                                       8                           6                          17                           6
12                                                      10                           6                          11                           1
13                                                      10                           6                          12                           6
14                                                      12                           6                          13                           6
15                                                      12                           6                          21                           6
16                                                      13                           6                          14                           1
17                                                      13                           6                          15                           6
18                                                      15                           6                          16                           1
19                                                      15                           6                          17                           6
20                                                      17                           6                          18                           1
21                                                      17                           6                          19                           8
22                                                      19                           8                          20                           1
23                                                      21                           6                          22                           8
24                                                      21                           6                          23                           8
25                                                      22                           8                          23                           8
   &ATNO [&Type "ArrayOfIntegers", &Dim (24,1)] "Atomic number of the elements"
                                                         0

0                                                        6
1                                                        1
2                                                        1
3                                                        6
4                                                        6
5                                                        8
6                                                        8
7                                                        8
8                                                        6
9                                                        1
10                                                       6
11                                                       1
12                                                       6
13                                                       6
14                                                       1
15                                                       6
16                                                       1
17                                                       6
18                                                       1
19                                                       8
20                                                       1
21                                                       6
22                                                       8
23                                                       8
   &NA [&Type "ArrayOfDoubles", &Dim (24,1)] "Mulliken gross atomic population"
                                                         0

0                                      6.0121670863130081e+00
1                                      1.0120720086668975e+00
2                                      1.0351919798864793e+00
3                                      5.9762710750015771e+00
4                                      5.9281668206532849e+00
5                                      8.4180183007044374e+00
6                                      8.4207205239564686e+00
7                                      8.3664396214687056e+00
8                                      5.7178347316821885e+00
9                                      1.0835015270261874e+00
10                                     6.0851634748227212e+00
11                                     1.0595965275837782e+00
12                                     6.0229479474699481e+00
13                                     5.9554455415849876e+00
14                                     1.0578453847596943e+00
15                                     6.0109124430993761e+00
16                                     1.0681608192245009e+00
17                                     5.8195199897562002e+00
18                                     1.0076407397015710e+00
19                                     8.3363371483248869e+00
20                                     8.5494636288992432e-01
21                                     5.9213068025837101e+00
22                                     8.4177303784534061e+00
23                                     8.4120627643860519e+00
   &ZA [&Type "ArrayOfDoubles", &Dim (24,1)] "Total nuclear charge"
                                                         0

0                                      6.0000000000000000e+00
1                                      1.0000000000000000e+00
2                                      1.0000000000000000e+00
3                                      6.0000000000000000e+00
4                                      6.0000000000000000e+00
5                                      8.0000000000000000e+00
6                                      8.0000000000000000e+00
7                                      8.0000000000000000e+00
8                                      6.0000000000000000e+00
9                                      1.0000000000000000e+00
10                                     6.0000000000000000e+00
11                                     1.0000000000000000e+00
12                                     6.0000000000000000e+00
13                                     6.0000000000000000e+00
14                                     1.0000000000000000e+00
15                                     6.0000000000000000e+00
16                                     1.0000000000000000e+00
17                                     6.0000000000000000e+00
18                                     1.0000000000000000e+00
19                                     8.0000000000000000e+00
20                                     1.0000000000000000e+00
21                                     6.0000000000000000e+00
22                                     8.0000000000000000e+00
23                                     8.0000000000000000e+00
   &QA [&Type "ArrayOfDoubles", &Dim (24,1)] "Mulliken gross atomic charge"
                                                         0

0                                     -1.2167086313008113e-02
1                                     -1.2072008666897505e-02
2                                     -3.5191979886479263e-02
3                                      2.3728924998422940e-02
4                                      7.1833179346715070e-02
5                                     -4.1801830070443735e-01
6                                     -4.2072052395646864e-01
7                                     -3.6643962146870557e-01
8                                      2.8216526831781152e-01
9                                     -8.3501527026187405e-02
10                                    -8.5163474822721241e-02
11                                    -5.9596527583778203e-02
12                                    -2.2947947469948105e-02
13                                     4.4554458415012377e-02
14                                    -5.7845384759694252e-02
15                                    -1.0912443099376112e-02
16                                    -6.8160819224500901e-02
17                                     1.8048001024379978e-01
18                                    -7.6407397015709755e-03
19                                    -3.3633714832488693e-01
20                                     1.4505363711007568e-01
21                                     7.8693197416289884e-02
22                                    -4.1773037845340610e-01
23                                    -4.1206276438605194e-01
   &VA [&Type "ArrayOfDoubles", &Dim (24,1)] "Mayer's total valence"
                                                         0

0                                      3.8904220521766439e+00
1                                      9.9876828415966956e-01
2                                      1.0177983736168592e+00
3                                      3.9425707641211969e+00
4                                      4.5174009725308730e+00
5                                      2.0683084331318957e+00
6                                      2.0422911935231531e+00
7                                      2.0939204654517125e+00
8                                      3.8118933509168951e+00
9                                      9.9684142069455095e-01
10                                     3.8784209860794046e+00
11                                     1.0305659575023922e+00
12                                     3.7159622869038751e+00
13                                     3.9159341501386593e+00
14                                     1.0308123130139866e+00
15                                     3.8055805545502066e+00
16                                     9.7922989305897623e-01
17                                     3.9094823427312182e+00
18                                     1.0503109158630599e+00
19                                     2.0275637674246783e+00
20                                     1.0197994522638054e+00
21                                     4.5426571282153141e+00
22                                     2.0764336752735586e+00
23                                     2.0784008130297211e+00
   &BVA [&Type "ArrayOfDoubles", &Dim (24,1)] "Mayer's bonded valence"
                                                         0

0                                      3.8904220521766462e+00
1                                      9.9876828415966545e-01
2                                      1.0177983736168597e+00
3                                      3.9425707641212102e+00
4                                      4.5174009725309174e+00
5                                      2.0683084331319286e+00
6                                      2.0422911935231518e+00
7                                      2.0939204654517667e+00
8                                      3.8118933509169111e+00
9                                      9.9684142069455506e-01
10                                     3.8784209860794143e+00
11                                     1.0305659575023869e+00
12                                     3.7159622869038587e+00
13                                     3.9159341501386433e+00
14                                     1.0308123130139775e+00
15                                     3.8055805545501729e+00
16                                     9.7922989305897068e-01
17                                     3.9094823427311822e+00
18                                     1.0503109158630524e+00
19                                     2.0275637674246525e+00
20                                     1.0197994522638001e+00
21                                     4.5426571282152706e+00
22                                     2.0764336752735897e+00
23                                     2.0784008130297131e+00
   &FA [&Type "ArrayOfDoubles", &Dim (24,1)] "Mayer's free valence"
                                                         0

0                                      0.0000000000000000e+00
1                                      0.0000000000000000e+00
2                                      0.0000000000000000e+00
3                                      0.0000000000000000e+00
4                                      0.0000000000000000e+00
5                                      0.0000000000000000e+00
6                                      0.0000000000000000e+00
7                                      0.0000000000000000e+00
8                                      0.0000000000000000e+00
9                                      0.0000000000000000e+00
10                                     0.0000000000000000e+00
11                                     0.0000000000000000e+00
12                                     0.0000000000000000e+00
13                                     0.0000000000000000e+00
14                                     0.0000000000000000e+00
15                                     0.0000000000000000e+00
16                                     0.0000000000000000e+00
17                                     0.0000000000000000e+00
18                                     0.0000000000000000e+00
19                                     0.0000000000000000e+00
20                                     0.0000000000000000e+00
21                                     0.0000000000000000e+00
22                                     0.0000000000000000e+00
23                                     0.0000000000000000e+00
$End
$VdW_Correction
   &GeometryIndex 1
   &ListStatus       OUT
   &VDW [&Type "Double"]      -5.1596455763028612e-02
$End
$Calculation_Info
   &GeometryIndex 1
   &ListStatus       OUT
   &MULT [&Type "Integer"] 1
   &CHARGE [&Type "Integer"] -2
   &NUMOFATOMS [&Type "Integer"] 24
   &NUMOFELECTRONS [&Type "Integer"] 118
   &NUMOFFCELECTRONS [&Type "Integer"] 1
   &NUMOFCORRELECTRONS [&Type "Integer"] 0
   &NUMOFBASISFUNCTS [&Type "Integer"] 264
   &NUMOFAUXCBASISFUNCTS [&Type "Integer"] 0
   &NUMOFAUXJBASISFUNCTS [&Type "Integer"] 872
   &NUMOFAUXJKBASISFUNCTS [&Type "Integer"] 0
   &NUMOFCABSBASISFUNCTS [&Type "Integer"] 0
   &TOTALENERGY [&Type "Double"]      -8.3614675550099173e+02  "Hartrees"
$End
$SCF_Dipole_Moment
   &GeometryIndex 1
   &ListStatus       OUT
   &METHOD [&Type "String"] "SCF"
   &LEVEL [&Type "String"] "Relaxed density"
   &MULT [&Type "Integer"] 1
   &STATE [&Type "Integer"] -1
   &IRREP [&Type "Integer"] 0
   &NATOMS [&Type "Integer"] 24
   &DODIPOLEATOM [&Type "Boolean"] false
   &DIPOLEELECCONTRIB [&Type "ArrayOfDoubles", &Dim (3,1)] "Electronic contribution"
                                                         0

0                                      8.0480768649362466e-01
1                                     -8.1217062042466781e-01
2                                     -4.5861629437595449e-03
   &DIPOLENUCCONTRIB [&Type "ArrayOfDoubles", &Dim (3,1)] "Nuclear contribution"
                                                         0

0                                     -3.6807780607041849e+00
1                                     -8.6813159411939012e-02
2                                     -1.7129112015021519e-01
   &DIPOLETOTAL [&Type "ArrayOfDoubles", &Dim (3,1)] "Total"
                                                         0

0                                     -2.8759703742105600e+00
1                                     -8.9898377983660682e-01
2                                     -1.7587728309397474e-01
   &DIPOLEMAGNITUDE [&Type "Double", &Units "a.u."]       3.0183290490691466e+00
$End
