*************************************************
******************* ORCA 6.0.1 ******************
*************************************************
$Calculation_Status
   &GeometryIndex 1
   &ListStatus       OUT
   &VERSION [&Type "String"] "6.0.1"
   &PROGNAME [&Type "String"] "LeanSCF"
   &STATUS [&Type "String"] "NORMAL TERMINATION"
$End
$Geometry
   &GeometryIndex 1
   &ListStatus       OUT
   &NATOMS [&Type "Integer"] 24
   &NCORELESSECP [&Type "Integer"] 0
   &NGHOSTATOMS [&Type "Integer"] 0
   &CartesianCoordinates [&Type "Coordinates", &Dim(24,4), &Units "Bohr"] 
              C     85.967421284346   36.367779447314   76.966655708479
              H     87.577467950446   35.116780746659   76.571702946489
              H     86.604258991477   38.338763804994   77.083818728782
              C     84.792011629047   35.506064330246   79.419520230308
              C     83.637388961221   37.444923343650   81.314915542631
              O     84.259108859281   39.722043335025   81.091927858829
              O     82.170961481298   36.566200691376   82.938190291670
              O     84.629495181529   33.259179957014   79.874944228583
              C     80.719651810446   32.809425137141   75.624950153395
              H     80.090373007850   30.849779136264   75.560699464841
              C     82.926851934866   33.499175176022   74.612056945613
              H     84.130607482174   32.123454550527   73.652076069581
              C     83.945414321050   36.142902037378   74.759455584059
              C     81.893171739611   38.008061731558   75.439756992270
              H     82.384500534431   39.994163898309   75.186533690325
              C     79.708648328798   37.320201418811   76.498003627266
              H     78.397178391857   38.752613828323   77.195312570683
              C     78.922522257087   34.614113595036   76.889176936988
              H     78.911183900284   34.245616998921   78.947088696828
              O     76.460209104588   34.204043023975   75.891401538277
              H     75.209210403932   33.826097797190   77.280350246710
              C     85.332473303348   36.910130847750   72.259347908881
              O     86.260328835103   35.209377327221   70.881737557252
              O     85.430739062312   39.225045361803   71.817151993543
$End
$SCF_Energy
   &GeometryIndex 1
   &ListStatus       OUT
   &SCF_ENERGY [&Type "Double"]      -8.3611873948080131e+02
$End
$DFT_Energy
   &GeometryIndex 1
   &ListStatus       OUT
   &NALPHAEL [&Type "Integer"] 59
   &NBETAEL [&Type "Integer"] 59
   &NTOTALEL [&Type "Integer"] 118
   &EEXCHANGE [&Type "Double"]      -8.3135771064449813e+01
   &ECORR [&Type "Double"]      -4.8457617690375505e+00
   &ECNL [&Type "Double"]       0.0000000000000000e+00
   &EXC [&Type "Double"]      -8.7981532833487364e+01
   &EEMBED [&Type "Double"]       0.0000000000000000e+00
   &FINALEN [&Type "Double"]      -8.3611873948080131e+02  "No Van der Waals correction"
$End
$Mulliken_Population_Analysis
   &GeometryIndex 1
   &ListStatus       OUT
   &NATOMS [&Type "Integer"] 24
   &ATNO [&Type "ArrayOfIntegers", &Dim (24,1)] 
                                                         0

0                                                        6
1                                                        1
2                                                        1
3                                                        6
4                                                        6
5                                                        8
6                                                        8
7                                                        8
8                                                        6
9                                                        1
10                                                       6
11                                                       1
12                                                       6
13                                                       6
14                                                       1
15                                                       6
16                                                       1
17                                                       6
18                                                       1
19                                                       8
20                                                       1
21                                                       6
22                                                       8
23                                                       8
   &ATOMICCHARGES [&Type "ArrayOfDoubles", &Dim (24,1)] 
                                                         0

0                                      2.3274293058083728e-01
1                                     -5.5920851868131560e-02
2                                     -2.0724398500397756e-02
3                                     -5.8330771458369846e-02
4                                      6.7808481936785903e-02
5                                     -4.0425127031475228e-01
6                                     -4.0163915584219723e-01
7                                     -2.4923604087765838e-01
8                                     -6.0304350244754445e-02
9                                     -9.8648930649949840e-02
10                                     7.7468457289266546e-02
11                                    -5.7687289726602309e-02
12                                    -2.2602708443089092e-01
13                                     6.4142889006539860e-02
14                                    -3.4792722117796604e-02
15                                    -6.0297479604278337e-02
16                                    -8.0464994818868263e-02
17                                     3.0579444700278824e-01
18                                    -5.9581600847480320e-03
19                                    -3.5873745961870895e-01
20                                     1.3952468664575868e-01
21                                     9.9485730954295803e-02
22                                    -4.1295403922161888e-01
23                                    -4.0099262403638569e-01
$End
$Loewdin_Population_Analysis
   &GeometryIndex 1
   &ListStatus       OUT
   &NATOMS [&Type "Integer"] 24
   &ATNO [&Type "ArrayOfIntegers", &Dim (24,1)] 
                                                         0

0                                                        6
1                                                        1
2                                                        1
3                                                        6
4                                                        6
5                                                        8
6                                                        8
7                                                        8
8                                                        6
9                                                        1
10                                                       6
11                                                       1
12                                                       6
13                                                       6
14                                                       1
15                                                       6
16                                                       1
17                                                       6
18                                                       1
19                                                       8
20                                                       1
21                                                       6
22                                                       8
23                                                       8
   &ATOMICCHARGES [&Type "ArrayOfDoubles", &Dim (24,1)] 
                                                         0

0                                     -2.9020808029216916e-02
1                                      6.6905548203465282e-03
2                                      1.8700395729403296e-02
3                                      3.3551344693270480e-02
4                                     -8.6878843631503777e-02
5                                     -3.7104256753346654e-01
6                                     -3.6617955448347850e-01
7                                     -1.8415888743223796e-01
8                                     -7.5741716340804288e-02
9                                     -1.0453587474986037e-02
10                                     7.0002701376576937e-03
11                                     7.5034612564478520e-03
12                                    -7.8559553020176587e-02
13                                     1.6637702937075893e-02
14                                     1.7312479409280268e-02
15                                    -7.5598979545864253e-02
16                                    -1.8272877883034333e-03
17                                     5.1833602645618093e-02
18                                     1.0204039061954218e-02
19                                    -1.8327770342957450e-01
20                                     7.2855804325924201e-02
21                                    -2.6267864666749574e-02
22                                    -3.8521421917188015e-01
23                                    -3.6806808246860889e-01
$End
$Mayer_Population_Analysis
   &GeometryIndex 1
   &ListStatus       OUT
   &NATOMS [&Type "Integer"] 24 "Total number of atoms"
   &BONDTHRESH [&Type "Double"]       1.0000000000000001e-01  "The threshold for printing"
   &NBONDORDERSPRINT [&Type "Integer"] 26 "The number of bond orders larger than threshold"
   &BONDORDERS [&Type "ArrayOfDoubles", &Dim (26,1)] "The bond orders"
                                                         0

0                                      8.9139650858376740e-01
1                                      9.0297737809637613e-01
2                                      9.6230085118819519e-01
3                                      9.9768603813684087e-01
4                                      7.9820051503060430e-01
5                                      2.0759109315664257e+00
6                                      1.8368327148552552e+00
7                                      1.8640365812200961e+00
8                                      1.3514719656194124e-01
9                                      9.5369960522668085e-01
10                                     1.8636050353506675e+00
11                                     9.7270232157129299e-01
12                                     9.5752747806115701e-01
13                                     9.7600660777634973e-01
14                                     9.8365986419044371e-01
15                                     7.7492484811443429e-01
16                                     9.5694743648570957e-01
17                                     1.8737315098935388e+00
18                                     9.5461198439832307e-01
19                                     9.7915643601047020e-01
20                                     8.6675134954702093e-01
21                                     9.7762828684963421e-01
22                                     9.7381479651180025e-01
23                                     1.8713325769690596e+00
24                                     1.8766970655218631e+00
25                                     1.1480265922367691e-01
   &COMPONENTS [&Type "ArrayOfIntegers", &Dim (26,4)] "The indices and atomic numbers of the bonding atoms"
                                                         0                           1                           2                           3

0                                                        0                           6                           1                           1
1                                                        0                           6                           2                           1
2                                                        0                           6                           3                           6
3                                                        0                           6                          12                           6
4                                                        3                           6                           4                           6
5                                                        3                           6                           7                           8
6                                                        4                           6                           5                           8
7                                                        4                           6                           6                           8
8                                                        5                           8                           6                           8
9                                                        8                           6                           9                           1
10                                                       8                           6                          10                           6
11                                                       8                           6                          17                           6
12                                                      10                           6                          11                           1
13                                                      10                           6                          12                           6
14                                                      12                           6                          13                           6
15                                                      12                           6                          21                           6
16                                                      13                           6                          14                           1
17                                                      13                           6                          15                           6
18                                                      15                           6                          16                           1
19                                                      15                           6                          17                           6
20                                                      17                           6                          18                           1
21                                                      17                           6                          19                           8
22                                                      19                           8                          20                           1
23                                                      21                           6                          22                           8
24                                                      21                           6                          23                           8
25                                                      22                           8                          23                           8
   &ATNO [&Type "ArrayOfIntegers", &Dim (24,1)] "Atomic number of the elements"
                                                         0

0                                                        6
1                                                        1
2                                                        1
3                                                        6
4                                                        6
5                                                        8
6                                                        8
7                                                        8
8                                                        6
9                                                        1
10                                                       6
11                                                       1
12                                                       6
13                                                       6
14                                                       1
15                                                       6
16                                                       1
17                                                       6
18                                                       1
19                                                       8
20                                                       1
21                                                       6
22                                                       8
23                                                       8
   &NA [&Type "ArrayOfDoubles", &Dim (24,1)] "Mulliken gross atomic population"
                                                         0

0                                      5.7672570694191609e+00
1                                      1.0559208518681313e+00
2                                      1.0207243985003986e+00
3                                      6.0583307714583645e+00
4                                      5.9321915180632185e+00
5                                      8.4042512703147523e+00
6                                      8.4016391558422008e+00
7                                      8.2492360408776619e+00
8                                      6.0603043502447562e+00
9                                      1.0986489306499501e+00
10                                     5.9225315427107343e+00
11                                     1.0576872897266016e+00
12                                     6.2260270844308936e+00
13                                     5.9358571109934593e+00
14                                     1.0347927221177962e+00
15                                     6.0602974796042783e+00
16                                     1.0804649948188680e+00
17                                     5.6942055529972118e+00
18                                     1.0059581600847483e+00
19                                     8.3587374596187036e+00
20                                     8.6047531335424110e-01
21                                     5.9005142690457033e+00
22                                     8.4129540392216189e+00
23                                     8.4009926240363839e+00
   &ZA [&Type "ArrayOfDoubles", &Dim (24,1)] "Total nuclear charge"
                                                         0

0                                      6.0000000000000000e+00
1                                      1.0000000000000000e+00
2                                      1.0000000000000000e+00
3                                      6.0000000000000000e+00
4                                      6.0000000000000000e+00
5                                      8.0000000000000000e+00
6                                      8.0000000000000000e+00
7                                      8.0000000000000000e+00
8                                      6.0000000000000000e+00
9                                      1.0000000000000000e+00
10                                     6.0000000000000000e+00
11                                     1.0000000000000000e+00
12                                     6.0000000000000000e+00
13                                     6.0000000000000000e+00
14                                     1.0000000000000000e+00
15                                     6.0000000000000000e+00
16                                     1.0000000000000000e+00
17                                     6.0000000000000000e+00
18                                     1.0000000000000000e+00
19                                     8.0000000000000000e+00
20                                     1.0000000000000000e+00
21                                     6.0000000000000000e+00
22                                     8.0000000000000000e+00
23                                     8.0000000000000000e+00
   &QA [&Type "ArrayOfDoubles", &Dim (24,1)] "Mulliken gross atomic charge"
                                                         0

0                                      2.3274293058083906e-01
1                                     -5.5920851868131338e-02
2                                     -2.0724398500398644e-02
3                                     -5.8330771458364516e-02
4                                      6.7808481936781462e-02
5                                     -4.0425127031475228e-01
6                                     -4.0163915584220078e-01
7                                     -2.4923604087766194e-01
8                                     -6.0304350244756222e-02
9                                     -9.8648930649950062e-02
10                                     7.7468457289265658e-02
11                                    -5.7687289726601643e-02
12                                    -2.2602708443089359e-01
13                                     6.4142889006540749e-02
14                                    -3.4792722117796160e-02
15                                    -6.0297479604278337e-02
16                                    -8.0464994818868041e-02
17                                     3.0579444700278824e-01
18                                    -5.9581600847482541e-03
19                                    -3.5873745961870362e-01
20                                     1.3952468664575890e-01
21                                     9.9485730954296692e-02
22                                    -4.1295403922161888e-01
23                                    -4.0099262403638392e-01
   &VA [&Type "ArrayOfDoubles", &Dim (24,1)] "Mayer's total valence"
                                                         0

0                                      3.7541971497410218e+00
1                                      1.0101910097634703e+00
2                                      1.0466401316097800e+00
3                                      3.9587268262043533e+00
4                                      4.5033378397973403e+00
5                                      2.0807377583438504e+00
6                                      2.0810269778117902e+00
7                                      2.2011380526635649e+00
8                                      3.9048597326289904e+00
9                                      9.8135525878218455e-01
10                                     3.8967450827700016e+00
11                                     1.0367589268567572e+00
12                                     3.7184816467405479e+00
13                                     3.9257607203091203e+00
14                                     1.0398788393385634e+00
15                                     3.9199840182488916e+00
16                                     9.8481217652663233e-01
17                                     3.8028098913107282e+00
18                                     1.0176196094638430e+00
19                                     1.9903697112953180e+00
20                                     1.0228424135566139e+00
21                                     4.5471783837322199e+00
22                                     2.0796339982724952e+00
23                                     2.0880426053976624e+00
   &BVA [&Type "ArrayOfDoubles", &Dim (24,1)] "Mayer's bonded valence"
                                                         0

0                                      3.7541971497410129e+00
1                                      1.0101910097634739e+00
2                                      1.0466401316097718e+00
3                                      3.9587268262043738e+00
4                                      4.5033378397973207e+00
5                                      2.0807377583438189e+00
6                                      2.0810269778117885e+00
7                                      2.2011380526635325e+00
8                                      3.9048597326289367e+00
9                                      9.8135525878215779e-01
10                                     3.8967450827699572e+00
11                                     1.0367589268567374e+00
12                                     3.7184816467405368e+00
13                                     3.9257607203091167e+00
14                                     1.0398788393385603e+00
15                                     3.9199840182488552e+00
16                                     9.8481217652661135e-01
17                                     3.8028098913106807e+00
18                                     1.0176196094638459e+00
19                                     1.9903697112953047e+00
20                                     1.0228424135566052e+00
21                                     4.5471783837322182e+00
22                                     2.0796339982725094e+00
23                                     2.0880426053976908e+00
   &FA [&Type "ArrayOfDoubles", &Dim (24,1)] "Mayer's free valence"
                                                         0

0                                      0.0000000000000000e+00
1                                      0.0000000000000000e+00
2                                      0.0000000000000000e+00
3                                      0.0000000000000000e+00
4                                      0.0000000000000000e+00
5                                      0.0000000000000000e+00
6                                      0.0000000000000000e+00
7                                      0.0000000000000000e+00
8                                      0.0000000000000000e+00
9                                      0.0000000000000000e+00
10                                     0.0000000000000000e+00
11                                     0.0000000000000000e+00
12                                     0.0000000000000000e+00
13                                     0.0000000000000000e+00
14                                     0.0000000000000000e+00
15                                     0.0000000000000000e+00
16                                     0.0000000000000000e+00
17                                     0.0000000000000000e+00
18                                     0.0000000000000000e+00
19                                     0.0000000000000000e+00
20                                     0.0000000000000000e+00
21                                     0.0000000000000000e+00
22                                     0.0000000000000000e+00
23                                     0.0000000000000000e+00
$End
$VdW_Correction
   &GeometryIndex 1
   &ListStatus       OUT
   &VDW [&Type "Double"]      -5.4364968453329415e-02
$End
$Calculation_Info
   &GeometryIndex 1
   &ListStatus       OUT
   &MULT [&Type "Integer"] 1
   &CHARGE [&Type "Integer"] -2
   &NUMOFATOMS [&Type "Integer"] 24
   &NUMOFELECTRONS [&Type "Integer"] 118
   &NUMOFFCELECTRONS [&Type "Integer"] 1
   &NUMOFCORRELECTRONS [&Type "Integer"] 0
   &NUMOFBASISFUNCTS [&Type "Integer"] 264
   &NUMOFAUXCBASISFUNCTS [&Type "Integer"] 0
   &NUMOFAUXJBASISFUNCTS [&Type "Integer"] 872
   &NUMOFAUXJKBASISFUNCTS [&Type "Integer"] 0
   &NUMOFCABSBASISFUNCTS [&Type "Integer"] 0
   &TOTALENERGY [&Type "Double"]      -8.3617310444925465e+02  "Hartrees"
$End
$SCF_Dipole_Moment
   &GeometryIndex 1
   &ListStatus       OUT
   &METHOD [&Type "String"] "SCF"
   &LEVEL [&Type "String"] "Relaxed density"
   &MULT [&Type "Integer"] 1
   &STATE [&Type "Integer"] -1
   &IRREP [&Type "Integer"] 0
   &NATOMS [&Type "Integer"] 24
   &DODIPOLEATOM [&Type "Boolean"] false
   &DIPOLEELECCONTRIB [&Type "ArrayOfDoubles", &Dim (3,1)] "Electronic contribution"
                                                         0

0                                      2.9917154611844468e+00
1                                      9.8371302214814649e-01
2                                      1.1913628783049979e+00
   &DIPOLENUCCONTRIB [&Type "ArrayOfDoubles", &Dim (3,1)] "Nuclear contribution"
                                                         0

0                                     -4.9904120546240449e+00
1                                     -2.5869545544082158e+00
2                                     -9.6321437070194804e-01
   &DIPOLETOTAL [&Type "ArrayOfDoubles", &Dim (3,1)] "Total"
                                                         0

0                                     -1.9986965934395982e+00
1                                     -1.6032415322600693e+00
2                                      2.2814850760304983e-01
   &DIPOLEMAGNITUDE [&Type "Double", &Units "a.u."]       2.5723963973136348e+00
$End
