*************************************************
******************* ORCA 6.0.1 ******************
*************************************************
$Calculation_Status
   &GeometryIndex 1
   &ListStatus       OUT
   &VERSION [&Type "String"] "6.0.1"
   &PROGNAME [&Type "String"] "LeanSCF"
   &STATUS [&Type "String"] "NORMAL TERMINATION"
$End
$Geometry
   &GeometryIndex 1
   &ListStatus       OUT
   &NATOMS [&Type "Integer"] 24
   &NCORELESSECP [&Type "Integer"] 0
   &NGHOSTATOMS [&Type "Integer"] 0
   &CartesianCoordinates [&Type "Coordinates", &Dim(24,4), &Units "Bohr"] 
              C     80.224543563359   31.819208642966   99.148261068446
              H     81.163737451918   30.592776382051   97.781989073621
              H     81.328143625569   33.204377899130  100.206507703442
              C     77.730105066583   31.698266170395   99.545103556570
              C     76.412965951240   33.425475856799  101.451837225696
              O     77.726325614315   35.088434854650  102.479848242549
              O     74.086713080383   33.043751177747  101.848679713820
              O     76.246670051455   29.938931139714   98.301663760450
              C     75.252674105012   30.536084598034   95.771320467129
              H     74.364502822069   28.754072853746   95.177946461078
              C     77.399402993147   31.208827101709   94.051669685261
              H     78.654181146070   29.712164003644   93.380816907719
              C     77.981438642394   33.642794362200   93.567899794977
              C     76.348715262686   35.659132147094   94.542998480080
              H     77.019568040228   37.594211708229   94.318121070144
              C     74.132066507597   35.164023900007   95.682503338835
              H     72.979333565905   36.711709603688   96.408158174261
              C     73.119173299815   32.520297038651   95.962182806655
              H     72.325488323568   32.323765520723   97.870806201916
              O     71.225667713626   32.059203861974   94.098912838609
              H     69.615621047525   31.520631913806   94.924723159132
              C     80.409736724483   34.370338923760   92.188399717214
              O     81.930966262290   32.652577868025   91.604474341833
              O     80.736659345652   36.702260973019   91.778329146153
$End
$SCF_Energy
   &GeometryIndex 1
   &ListStatus       OUT
   &SCF_ENERGY [&Type "Double"]      -8.3609624439689412e+02
$End
$DFT_Energy
   &GeometryIndex 1
   &ListStatus       OUT
   &NALPHAEL [&Type "Integer"] 59
   &NBETAEL [&Type "Integer"] 59
   &NTOTALEL [&Type "Integer"] 118
   &EEXCHANGE [&Type "Double"]      -8.3119614710170140e+01
   &ECORR [&Type "Double"]      -4.8450896056172965e+00
   &ECNL [&Type "Double"]       0.0000000000000000e+00
   &EXC [&Type "Double"]      -8.7964704315787429e+01
   &EEMBED [&Type "Double"]       0.0000000000000000e+00
   &FINALEN [&Type "Double"]      -8.3609624439689412e+02  "No Van der Waals correction"
$End
$Mulliken_Population_Analysis
   &GeometryIndex 1
   &ListStatus       OUT
   &NATOMS [&Type "Integer"] 24
   &ATNO [&Type "ArrayOfIntegers", &Dim (24,1)] 
                                                         0

0                                                        6
1                                                        1
2                                                        1
3                                                        6
4                                                        6
5                                                        8
6                                                        8
7                                                        8
8                                                        6
9                                                        1
10                                                       6
11                                                       1
12                                                       6
13                                                       6
14                                                       1
15                                                       6
16                                                       1
17                                                       6
18                                                       1
19                                                       8
20                                                       1
21                                                       6
22                                                       8
23                                                       8
   &ATOMICCHARGES [&Type "ArrayOfDoubles", &Dim (24,1)] 
                                                         0

0                                      5.3005569772706096e-03
1                                     -2.9503343343838306e-02
2                                     -2.9191692099582500e-02
3                                      1.1317503182353583e-02
4                                      9.0409563849016550e-02
5                                     -3.9483659319001596e-01
6                                     -4.2543363280675273e-01
7                                     -3.7778267668830168e-01
8                                      2.7358831450639531e-01
9                                     -8.8544199189358297e-02
10                                    -9.9759127555654636e-02
11                                    -6.0987529084155723e-02
12                                    -1.4564571115816882e-02
13                                     3.6981495573311207e-02
14                                    -5.7578830680133031e-02
15                                    -1.9297651976359909e-02
16                                    -7.2310044393655959e-02
17                                     2.1404192901532415e-01
18                                    -1.2004538250216523e-02
19                                    -3.4066234083740454e-01
20                                     1.4261987559871891e-01
21                                     7.3317525313786547e-02
22                                    -4.0662590418762079e-01
23                                    -4.1849408861751591e-01
$End
$Loewdin_Population_Analysis
   &GeometryIndex 1
   &ListStatus       OUT
   &NATOMS [&Type "Integer"] 24
   &ATNO [&Type "ArrayOfIntegers", &Dim (24,1)] 
                                                         0

0                                                        6
1                                                        1
2                                                        1
3                                                        6
4                                                        6
5                                                        8
6                                                        8
7                                                        8
8                                                        6
9                                                        1
10                                                       6
11                                                       1
12                                                       6
13                                                       6
14                                                       1
15                                                       6
16                                                       1
17                                                       6
18                                                       1
19                                                       8
20                                                       1
21                                                       6
22                                                       8
23                                                       8
   &ATOMICCHARGES [&Type "ArrayOfDoubles", &Dim (24,1)] 
                                                         0

0                                     -9.9817204766654122e-02
1                                      3.1901589111629214e-03
2                                      1.0653093864572138e-02
3                                     -5.3957632403474065e-03
4                                     -5.6465765580066218e-02
5                                     -3.6781126430243560e-01
6                                     -3.8988099792536879e-01
7                                     -1.6196919536883314e-01
8                                      8.0768149366463149e-02
9                                     -5.1166797595247893e-03
10                                    -4.8138417199943717e-02
11                                     2.5747676524653373e-03
12                                    -5.6290873393908925e-02
13                                    -8.5837668265504874e-03
14                                     1.2539467169432106e-02
15                                    -5.2272950723037503e-02
16                                    -1.1979661061616298e-03
17                                     4.4273065588416038e-02
18                                     9.8098834644726463e-03
19                                    -1.7430266858392507e-01
20                                     7.1909625001059796e-02
21                                    -4.1174998305878674e-02
22                                    -3.8053822740389265e-01
23                                    -3.8676147153167406e-01
$End
$Mayer_Population_Analysis
   &GeometryIndex 1
   &ListStatus       OUT
   &NATOMS [&Type "Integer"] 24 "Total number of atoms"
   &BONDTHRESH [&Type "Double"]       1.0000000000000001e-01  "The threshold for printing"
   &NBONDORDERSPRINT [&Type "Integer"] 27 "The number of bond orders larger than threshold"
   &BONDORDERS [&Type "ArrayOfDoubles", &Dim (27,1)] "The bond orders"
                                                         0

0                                      9.1370058854657277e-01
1                                      9.0402895821950158e-01
2                                      1.9644136696277794e+00
3                                      8.3011879144799516e-01
4                                      1.0309208005724420e+00
5                                      1.8996257992788463e+00
6                                      1.7732608605073323e+00
7                                      1.2408081400197331e-01
8                                      1.2031757028507822e-01
9                                      9.5273584120889210e-01
10                                     8.8651844946621006e-01
11                                     9.7540874749151218e-01
12                                     9.6415649558173611e-01
13                                     9.3652084484414377e-01
14                                     1.7740628315201243e+00
15                                     1.0942230209834940e+00
16                                     8.3196136411142640e-01
17                                     9.6321349226662756e-01
18                                     1.7724084280615806e+00
19                                     9.5428608581375152e-01
20                                     9.6403940700088431e-01
21                                     8.8048266619204074e-01
22                                     1.0213686917176852e+00
23                                     9.7933528408753212e-01
24                                     1.8897179789379401e+00
25                                     1.8506899517616069e+00
26                                     1.2562012900977210e-01
   &COMPONENTS [&Type "ArrayOfIntegers", &Dim (27,4)] "The indices and atomic numbers of the bonding atoms"
                                                         0                           1                           2                           3

0                                                        0                           6                           1                           1
1                                                        0                           6                           2                           1
2                                                        0                           6                           3                           6
3                                                        3                           6                           4                           6
4                                                        3                           6                           7                           8
5                                                        4                           6                           5                           8
6                                                        4                           6                           6                           8
7                                                        5                           8                           6                           8
8                                                        6                           8                          18                           1
9                                                        7                           8                           8                           6
10                                                       8                           6                           9                           1
11                                                       8                           6                          10                           6
12                                                       8                           6                          17                           6
13                                                      10                           6                          11                           1
14                                                      10                           6                          12                           6
15                                                      12                           6                          13                           6
16                                                      12                           6                          21                           6
17                                                      13                           6                          14                           1
18                                                      13                           6                          15                           6
19                                                      15                           6                          16                           1
20                                                      15                           6                          17                           6
21                                                      17                           6                          18                           1
22                                                      17                           6                          19                           8
23                                                      19                           8                          20                           1
24                                                      21                           6                          22                           8
25                                                      21                           6                          23                           8
26                                                      22                           8                          23                           8
   &ATNO [&Type "ArrayOfIntegers", &Dim (24,1)] "Atomic number of the elements"
                                                         0

0                                                        6
1                                                        1
2                                                        1
3                                                        6
4                                                        6
5                                                        8
6                                                        8
7                                                        8
8                                                        6
9                                                        1
10                                                       6
11                                                       1
12                                                       6
13                                                       6
14                                                       1
15                                                       6
16                                                       1
17                                                       6
18                                                       1
19                                                       8
20                                                       1
21                                                       6
22                                                       8
23                                                       8
   &NA [&Type "ArrayOfDoubles", &Dim (24,1)] "Mulliken gross atomic population"
                                                         0

0                                      5.9946994430227267e+00
1                                      1.0295033433438383e+00
2                                      1.0291916920995821e+00
3                                      5.9886824968176473e+00
4                                      5.9095904361509843e+00
5                                      8.3948365931900160e+00
6                                      8.4254336328067492e+00
7                                      8.3777826766883035e+00
8                                      5.7264116854935994e+00
9                                      1.0885441991893583e+00
10                                     6.0997591275556537e+00
11                                     1.0609875290841568e+00
12                                     6.0145645711158195e+00
13                                     5.9630185044266870e+00
14                                     1.0575788306801333e+00
15                                     6.0192976519763617e+00
16                                     1.0723100443936555e+00
17                                     5.7859580709846732e+00
18                                     1.0120045382502172e+00
19                                     8.3406623408374010e+00
20                                     8.5738012440128086e-01
21                                     5.9266824746862152e+00
22                                     8.4066259041876190e+00
23                                     8.4184940886175159e+00
   &ZA [&Type "ArrayOfDoubles", &Dim (24,1)] "Total nuclear charge"
                                                         0

0                                      6.0000000000000000e+00
1                                      1.0000000000000000e+00
2                                      1.0000000000000000e+00
3                                      6.0000000000000000e+00
4                                      6.0000000000000000e+00
5                                      8.0000000000000000e+00
6                                      8.0000000000000000e+00
7                                      8.0000000000000000e+00
8                                      6.0000000000000000e+00
9                                      1.0000000000000000e+00
10                                     6.0000000000000000e+00
11                                     1.0000000000000000e+00
12                                     6.0000000000000000e+00
13                                     6.0000000000000000e+00
14                                     1.0000000000000000e+00
15                                     6.0000000000000000e+00
16                                     1.0000000000000000e+00
17                                     6.0000000000000000e+00
18                                     1.0000000000000000e+00
19                                     8.0000000000000000e+00
20                                     1.0000000000000000e+00
21                                     6.0000000000000000e+00
22                                     8.0000000000000000e+00
23                                     8.0000000000000000e+00
   &QA [&Type "ArrayOfDoubles", &Dim (24,1)] "Mulliken gross atomic charge"
                                                         0

0                                      5.3005569772732741e-03
1                                     -2.9503343343838306e-02
2                                     -2.9191692099582056e-02
3                                      1.1317503182352695e-02
4                                      9.0409563849015662e-02
5                                     -3.9483659319001596e-01
6                                     -4.2543363280674917e-01
7                                     -3.7778267668830345e-01
8                                      2.7358831450640064e-01
9                                     -8.8544199189358297e-02
10                                    -9.9759127555653748e-02
11                                    -6.0987529084156833e-02
12                                    -1.4564571115819547e-02
13                                     3.6981495573312984e-02
14                                    -5.7578830680133253e-02
15                                    -1.9297651976361685e-02
16                                    -7.2310044393655515e-02
17                                     2.1404192901532682e-01
18                                    -1.2004538250217189e-02
19                                    -3.4066234083740099e-01
20                                     1.4261987559871914e-01
21                                     7.3317525313784770e-02
22                                    -4.0662590418761901e-01
23                                    -4.1849408861751591e-01
   &VA [&Type "ArrayOfDoubles", &Dim (24,1)] "Mayer's total valence"
                                                         0

0                                      3.8826102363449024e+00
1                                      9.9259139488663417e-01
2                                      1.0222256045054596e+00
3                                      3.9313903232705654e+00
4                                      4.5062015349513382e+00
5                                      2.1088245014029408e+00
6                                      2.0584861421934066e+00
7                                      2.0832262079550468e+00
8                                      3.8329145940258265e+00
9                                      9.9671260271258766e-01
10                                     3.8806135305496179e+00
11                                     1.0313676302097570e+00
12                                     3.6965079790955020e+00
13                                     3.9174306612165815e+00
14                                     1.0347838890618806e+00
15                                     3.8225113850010635e+00
16                                     9.7999480245120718e-01
17                                     3.8583317532540544e+00
18                                     1.0857720545264522e+00
19                                     2.0202357747831492e+00
20                                     1.0209355276744798e+00
21                                     4.5600190001231349e+00
22                                     2.0899441987960681e+00
23                                     2.0766054115631629e+00
   &BVA [&Type "ArrayOfDoubles", &Dim (24,1)] "Mayer's bonded valence"
                                                         0

0                                      3.8826102363449220e+00
1                                      9.9259139488664305e-01
2                                      1.0222256045054618e+00
3                                      3.9313903232705618e+00
4                                      4.5062015349513933e+00
5                                      2.1088245014029177e+00
6                                      2.0584861421934519e+00
7                                      2.0832262079550272e+00
8                                      3.8329145940258940e+00
9                                      9.9671260271261164e-01
10                                     3.8806135305496738e+00
11                                     1.0313676302097543e+00
12                                     3.6965079790955802e+00
13                                     3.9174306612166312e+00
14                                     1.0347838890618992e+00
15                                     3.8225113850011061e+00
16                                     9.7999480245120785e-01
17                                     3.8583317532541388e+00
18                                     1.0857720545264729e+00
19                                     2.0202357747831474e+00
20                                     1.0209355276744752e+00
21                                     4.5600190001231349e+00
22                                     2.0899441987960330e+00
23                                     2.0766054115630741e+00
   &FA [&Type "ArrayOfDoubles", &Dim (24,1)] "Mayer's free valence"
                                                         0

0                                      0.0000000000000000e+00
1                                      0.0000000000000000e+00
2                                      0.0000000000000000e+00
3                                      0.0000000000000000e+00
4                                      0.0000000000000000e+00
5                                      0.0000000000000000e+00
6                                      0.0000000000000000e+00
7                                      0.0000000000000000e+00
8                                      0.0000000000000000e+00
9                                      0.0000000000000000e+00
10                                     0.0000000000000000e+00
11                                     0.0000000000000000e+00
12                                     0.0000000000000000e+00
13                                     0.0000000000000000e+00
14                                     0.0000000000000000e+00
15                                     0.0000000000000000e+00
16                                     0.0000000000000000e+00
17                                     0.0000000000000000e+00
18                                     0.0000000000000000e+00
19                                     0.0000000000000000e+00
20                                     0.0000000000000000e+00
21                                     0.0000000000000000e+00
22                                     0.0000000000000000e+00
23                                     0.0000000000000000e+00
$End
$VdW_Correction
   &GeometryIndex 1
   &ListStatus       OUT
   &VDW [&Type "Double"]      -5.2005270859588518e-02
$End
$Calculation_Info
   &GeometryIndex 1
   &ListStatus       OUT
   &MULT [&Type "Integer"] 1
   &CHARGE [&Type "Integer"] -2
   &NUMOFATOMS [&Type "Integer"] 24
   &NUMOFELECTRONS [&Type "Integer"] 118
   &NUMOFFCELECTRONS [&Type "Integer"] 1
   &NUMOFCORRELECTRONS [&Type "Integer"] 0
   &NUMOFBASISFUNCTS [&Type "Integer"] 264
   &NUMOFAUXCBASISFUNCTS [&Type "Integer"] 0
   &NUMOFAUXJBASISFUNCTS [&Type "Integer"] 872
   &NUMOFAUXJKBASISFUNCTS [&Type "Integer"] 0
   &NUMOFCABSBASISFUNCTS [&Type "Integer"] 0
   &TOTALENERGY [&Type "Double"]      -8.3614824966775370e+02  "Hartrees"
$End
$SCF_Dipole_Moment
   &GeometryIndex 1
   &ListStatus       OUT
   &METHOD [&Type "String"] "SCF"
   &LEVEL [&Type "String"] "Relaxed density"
   &MULT [&Type "Integer"] 1
   &STATE [&Type "Integer"] -1
   &IRREP [&Type "Integer"] 0
   &NATOMS [&Type "Integer"] 24
   &DODIPOLEATOM [&Type "Boolean"] false
   &DIPOLEELECCONTRIB [&Type "ArrayOfDoubles", &Dim (3,1)] "Electronic contribution"
                                                         0

0                                      9.9035902551696431e-01
1                                      3.7124338456305994e-01
2                                      1.8558596089673328e-02
   &DIPOLENUCCONTRIB [&Type "ArrayOfDoubles", &Dim (3,1)] "Nuclear contribution"
                                                         0

0                                     -3.8638670039207881e+00
1                                     -2.1395609649088101e+00
2                                     -5.6907638071298550e-01
   &DIPOLETOTAL [&Type "ArrayOfDoubles", &Dim (3,1)] "Total"
                                                         0

0                                     -2.8735079784038238e+00
1                                     -1.7683175803457503e+00
2                                     -5.5051778462331213e-01
   &DIPOLEMAGNITUDE [&Type "Double", &Units "a.u."]       3.4186349612230957e+00
$End
