*************************************************
******************* ORCA 6.0.1 ******************
*************************************************
$Calculation_Status
   &GeometryIndex 1
   &ListStatus       OUT
   &VERSION [&Type "String"] "6.0.1"
   &PROGNAME [&Type "String"] "LeanSCF"
   &STATUS [&Type "String"] "NORMAL TERMINATION"
$End
$Geometry
   &GeometryIndex 1
   &ListStatus       OUT
   &NATOMS [&Type "Integer"] 24
   &NCORELESSECP [&Type "Integer"] 0
   &NGHOSTATOMS [&Type "Integer"] 0
   &CartesianCoordinates [&Type "Coordinates", &Dim(24,4), &Units "Bohr"] 
              C     86.484421399884   36.269286368821   77.693265956873
              H     87.531544379120   34.840294012588   76.656825908742
              H     87.184359923747   38.205467740140   77.707835082421
              C     84.636165874900   35.535170906815   79.407776279147
              C     83.470946301344   37.469875911638   81.243786637855
              O     84.221706106439   39.728201910380   81.145709620758
              O     81.853675901205   36.654436391735   82.768325319400
              O     83.695024936027   33.306624612922   79.377415843066
              C     81.062716245882   32.986753790932   76.345629045401
              H     80.631873408834   31.006680750418   76.730149603745
              C     82.796278298634   33.608185738153   74.483027967005
              H     83.919847687626   32.167709350592   73.527384502509
              C     83.431495154064   36.136305874894   74.109766010057
              C     81.815157142361   38.113205279925   75.180000772802
              H     82.357261361873   40.058772240761   74.769989478269
              C     79.805700907487   37.539246066094   76.617523839797
              H     78.631594165965   39.021563112701   77.441274443798
              C     79.074564213736   34.858126149274   77.198278996265
              H     78.821841769552   34.692226499914   79.252586288356
              O     76.785569831340   34.230010176330   75.913152155733
              H     75.438016176028   33.755965300535   77.178806546961
              C     85.268571102719   36.878595313543   72.011143614368
              O     86.308314439167   35.164547420151   70.725207685760
              O     85.522295664213   39.203202604908   71.667809797102
$End
$SCF_Energy
   &GeometryIndex 1
   &ListStatus       OUT
   &SCF_ENERGY [&Type "Double"]      -8.3605622570141645e+02
$End
$DFT_Energy
   &GeometryIndex 1
   &ListStatus       OUT
   &NALPHAEL [&Type "Integer"] 59
   &NBETAEL [&Type "Integer"] 59
   &NTOTALEL [&Type "Integer"] 118
   &EEXCHANGE [&Type "Double"]      -8.3086621525888802e+01
   &ECORR [&Type "Double"]      -4.8426865778556030e+00
   &ECNL [&Type "Double"]       0.0000000000000000e+00
   &EXC [&Type "Double"]      -8.7929308103744404e+01
   &EEMBED [&Type "Double"]       0.0000000000000000e+00
   &FINALEN [&Type "Double"]      -8.3605622570141645e+02  "No Van der Waals correction"
$End
$Mulliken_Population_Analysis
   &GeometryIndex 1
   &ListStatus       OUT
   &NATOMS [&Type "Integer"] 24
   &ATNO [&Type "ArrayOfIntegers", &Dim (24,1)] 
                                                         0

0                                                        6
1                                                        1
2                                                        1
3                                                        6
4                                                        6
5                                                        8
6                                                        8
7                                                        8
8                                                        6
9                                                        1
10                                                       6
11                                                       1
12                                                       6
13                                                       6
14                                                       1
15                                                       6
16                                                       1
17                                                       6
18                                                       1
19                                                       8
20                                                       1
21                                                       6
22                                                       8
23                                                       8
   &ATOMICCHARGES [&Type "ArrayOfDoubles", &Dim (24,1)] 
                                                         0

0                                      8.3819368338137856e-02
1                                     -3.8286372292547721e-02
2                                     -1.0819319625554158e-02
3                                     -4.4996677438160049e-02
4                                      7.1957866762038414e-02
5                                     -4.1293656479234642e-01
6                                     -4.1618562361828992e-01
7                                     -3.2467939702863546e-01
8                                      8.6239553675641289e-02
9                                     -7.5109358929970060e-02
10                                     1.9386297231313243e-02
11                                    -6.7599757208423261e-02
12                                    -1.2635212842591326e-01
13                                     6.6681261261378744e-02
14                                    -4.2245786766337723e-02
15                                    -1.8241015865765320e-02
16                                    -6.9236244301858152e-02
17                                     2.6537233623522738e-01
18                                    -1.1002369776644372e-02
19                                    -3.4792594708448732e-01
20                                     1.3580595754958646e-01
21                                     8.9850113730243208e-02
22                                    -4.1754055342694407e-01
23                                    -3.9595563820164514e-01
$End
$Loewdin_Population_Analysis
   &GeometryIndex 1
   &ListStatus       OUT
   &NATOMS [&Type "Integer"] 24
   &ATNO [&Type "ArrayOfIntegers", &Dim (24,1)] 
                                                         0

0                                                        6
1                                                        1
2                                                        1
3                                                        6
4                                                        6
5                                                        8
6                                                        8
7                                                        8
8                                                        6
9                                                        1
10                                                       6
11                                                       1
12                                                       6
13                                                       6
14                                                       1
15                                                       6
16                                                       1
17                                                       6
18                                                       1
19                                                       8
20                                                       1
21                                                       6
22                                                       8
23                                                       8
   &ATOMICCHARGES [&Type "ArrayOfDoubles", &Dim (24,1)] 
                                                         0

0                                     -5.3066455721531902e-02
1                                      2.5319689492024899e-03
2                                      1.2665136859757564e-02
3                                     -3.3024705964734835e-02
4                                     -7.1057345938744021e-02
5                                     -3.8317018685637372e-01
6                                     -3.8067982794728294e-01
7                                     -2.0741238907165638e-01
8                                      5.0133259670114505e-02
9                                     -2.4312739122356319e-03
10                                    -5.8019033448911017e-02
11                                     5.5239430193572137e-03
12                                    -5.0784484080548253e-03
13                                    -8.2229144182388580e-04
14                                     1.8231315337678300e-02
15                                    -5.2349944340655874e-02
16                                     2.1405560706134752e-03
17                                     4.9812973241150971e-02
18                                     1.2259510175965493e-02
19                                    -1.7955281366790921e-01
20                                     7.0570316742288974e-02
21                                    -4.3679856100874659e-02
22                                    -3.8897415525206469e-01
23                                    -3.6455025199322222e-01
$End
$Mayer_Population_Analysis
   &GeometryIndex 1
   &ListStatus       OUT
   &NATOMS [&Type "Integer"] 24 "Total number of atoms"
   &BONDTHRESH [&Type "Double"]       1.0000000000000001e-01  "The threshold for printing"
   &NBONDORDERSPRINT [&Type "Integer"] 28 "The number of bond orders larger than threshold"
   &BONDORDERS [&Type "ArrayOfDoubles", &Dim (28,1)] "The bond orders"
                                                         0

0                                      9.0795191376857742e-01
1                                      9.2067700593136570e-01
2                                      1.4617878949933050e+00
3                                      1.1813885944962235e-01
4                                      3.1482669843009387e-01
5                                      8.1304409946641154e-01
6                                      1.6008107006777266e+00
7                                      1.8637542883938214e+00
8                                      1.8287557404643526e+00
9                                      1.2456611255609709e-01
10                                     3.2251268126954447e-01
11                                     9.3813819642188068e-01
12                                     1.4199018886860866e+00
13                                     9.9514449178162279e-01
14                                     9.5304902570746941e-01
15                                     1.3701902586234425e+00
16                                     1.0905759153599830e+00
17                                     8.2674701009318563e-01
18                                     9.6609614737251215e-01
19                                     1.7622586269653666e+00
20                                     9.5340406669192412e-01
21                                     9.7924015183039759e-01
22                                     8.7873166348291520e-01
23                                     9.8825738458533019e-01
24                                     9.7334015945968944e-01
25                                     1.8669265547438971e+00
26                                     1.8740027569471300e+00
27                                     1.2610048107739288e-01
   &COMPONENTS [&Type "ArrayOfIntegers", &Dim (28,4)] "The indices and atomic numbers of the bonding atoms"
                                                         0                           1                           2                           3

0                                                        0                           6                           1                           1
1                                                        0                           6                           2                           1
2                                                        0                           6                           3                           6
3                                                        0                           6                           8                           6
4                                                        0                           6                          12                           6
5                                                        3                           6                           4                           6
6                                                        3                           6                           7                           8
7                                                        4                           6                           5                           8
8                                                        4                           6                           6                           8
9                                                        5                           8                           6                           8
10                                                       7                           8                           8                           6
11                                                       8                           6                           9                           1
12                                                       8                           6                          10                           6
13                                                       8                           6                          17                           6
14                                                      10                           6                          11                           1
15                                                      10                           6                          12                           6
16                                                      12                           6                          13                           6
17                                                      12                           6                          21                           6
18                                                      13                           6                          14                           1
19                                                      13                           6                          15                           6
20                                                      15                           6                          16                           1
21                                                      15                           6                          17                           6
22                                                      17                           6                          18                           1
23                                                      17                           6                          19                           8
24                                                      19                           8                          20                           1
25                                                      21                           6                          22                           8
26                                                      21                           6                          23                           8
27                                                      22                           8                          23                           8
   &ATNO [&Type "ArrayOfIntegers", &Dim (24,1)] "Atomic number of the elements"
                                                         0

0                                                        6
1                                                        1
2                                                        1
3                                                        6
4                                                        6
5                                                        8
6                                                        8
7                                                        8
8                                                        6
9                                                        1
10                                                       6
11                                                       1
12                                                       6
13                                                       6
14                                                       1
15                                                       6
16                                                       1
17                                                       6
18                                                       1
19                                                       8
20                                                       1
21                                                       6
22                                                       8
23                                                       8
   &NA [&Type "ArrayOfDoubles", &Dim (24,1)] "Mulliken gross atomic population"
                                                         0

0                                      5.9161806316618639e+00
1                                      1.0382863722925468e+00
2                                      1.0108193196255539e+00
3                                      6.0449966774381583e+00
4                                      5.9280421332379616e+00
5                                      8.4129365647923482e+00
6                                      8.4161856236183024e+00
7                                      8.3246793970286426e+00
8                                      5.9137604463243445e+00
9                                      1.0751093589299681e+00
10                                     5.9806137027686876e+00
11                                     1.0675997572084230e+00
12                                     6.1263521284259221e+00
13                                     5.9333187387386053e+00
14                                     1.0422457867663359e+00
15                                     6.0182410158657555e+00
16                                     1.0692362443018584e+00
17                                     5.7346276637647753e+00
18                                     1.0110023697766464e+00
19                                     8.3479259470844784e+00
20                                     8.6419404245041309e-01
21                                     5.9101498862697666e+00
22                                     8.4175405534269476e+00
23                                     8.3959556382016327e+00
   &ZA [&Type "ArrayOfDoubles", &Dim (24,1)] "Total nuclear charge"
                                                         0

0                                      6.0000000000000000e+00
1                                      1.0000000000000000e+00
2                                      1.0000000000000000e+00
3                                      6.0000000000000000e+00
4                                      6.0000000000000000e+00
5                                      8.0000000000000000e+00
6                                      8.0000000000000000e+00
7                                      8.0000000000000000e+00
8                                      6.0000000000000000e+00
9                                      1.0000000000000000e+00
10                                     6.0000000000000000e+00
11                                     1.0000000000000000e+00
12                                     6.0000000000000000e+00
13                                     6.0000000000000000e+00
14                                     1.0000000000000000e+00
15                                     6.0000000000000000e+00
16                                     1.0000000000000000e+00
17                                     6.0000000000000000e+00
18                                     1.0000000000000000e+00
19                                     8.0000000000000000e+00
20                                     1.0000000000000000e+00
21                                     6.0000000000000000e+00
22                                     8.0000000000000000e+00
23                                     8.0000000000000000e+00
   &QA [&Type "ArrayOfDoubles", &Dim (24,1)] "Mulliken gross atomic charge"
                                                         0

0                                      8.3819368338136080e-02
1                                     -3.8286372292546833e-02
2                                     -1.0819319625553936e-02
3                                     -4.4996677438158272e-02
4                                      7.1957866762038414e-02
5                                     -4.1293656479234819e-01
6                                     -4.1618562361830236e-01
7                                     -3.2467939702864257e-01
8                                      8.6239553675655500e-02
9                                     -7.5109358929968062e-02
10                                     1.9386297231312355e-02
11                                    -6.7599757208423039e-02
12                                    -1.2635212842592214e-01
13                                     6.6681261261394731e-02
14                                    -4.2245786766335947e-02
15                                    -1.8241015865755550e-02
16                                    -6.9236244301858374e-02
17                                     2.6537233623522472e-01
18                                    -1.1002369776646370e-02
19                                    -3.4792594708447844e-01
20                                     1.3580595754958691e-01
21                                     8.9850113730233439e-02
22                                    -4.1754055342694762e-01
23                                    -3.9595563820163271e-01
   &VA [&Type "ArrayOfDoubles", &Dim (24,1)] "Mayer's total valence"
                                                         0

0                                      3.8183779362708741e+00
1                                      1.0014326937301017e+00
2                                      1.0302145940641976e+00
3                                      4.0220756220059570e+00
4                                      4.4991067667135072e+00
5                                      2.0883132909495550e+00
6                                      2.0635436920189361e+00
7                                      2.1301788531666235e+00
8                                      3.8944623347317826e+00
9                                      9.8837572440119503e-01
10                                     3.8768386283180800e+00
11                                     1.0320464117659447e+00
12                                     3.7048758863627507e+00
13                                     3.9276948265775955e+00
14                                     1.0407109813342867e+00
15                                     3.8550343188961658e+00
16                                     9.8517966614327790e-01
17                                     3.8729692865295231e+00
18                                     1.0498798149261290e+00
19                                     1.9967036082794627e+00
20                                     1.0285493662611052e+00
21                                     4.5560637852729320e+00
22                                     2.0821296551301183e+00
23                                     2.0993244514799505e+00
   &BVA [&Type "ArrayOfDoubles", &Dim (24,1)] "Mayer's bonded valence"
                                                         0

0                                      3.8183779362708945e+00
1                                      1.0014326937301126e+00
2                                      1.0302145940642076e+00
3                                      4.0220756220059455e+00
4                                      4.4991067667135161e+00
5                                      2.0883132909495505e+00
6                                      2.0635436920189112e+00
7                                      2.1301788531665982e+00
8                                      3.8944623347318554e+00
9                                      9.8837572440120636e-01
10                                     3.8768386283180649e+00
11                                     1.0320464117659307e+00
12                                     3.7048758863627258e+00
13                                     3.9276948265775897e+00
14                                     1.0407109813342970e+00
15                                     3.8550343188960894e+00
16                                     9.8517966614325359e-01
17                                     3.8729692865294831e+00
18                                     1.0498798149261290e+00
19                                     1.9967036082795468e+00
20                                     1.0285493662611158e+00
21                                     4.5560637852728894e+00
22                                     2.0821296551300943e+00
23                                     2.0993244514799771e+00
   &FA [&Type "ArrayOfDoubles", &Dim (24,1)] "Mayer's free valence"
                                                         0

0                                      0.0000000000000000e+00
1                                      0.0000000000000000e+00
2                                      0.0000000000000000e+00
3                                      0.0000000000000000e+00
4                                      0.0000000000000000e+00
5                                      0.0000000000000000e+00
6                                      0.0000000000000000e+00
7                                      0.0000000000000000e+00
8                                      0.0000000000000000e+00
9                                      0.0000000000000000e+00
10                                     0.0000000000000000e+00
11                                     0.0000000000000000e+00
12                                     0.0000000000000000e+00
13                                     0.0000000000000000e+00
14                                     0.0000000000000000e+00
15                                     0.0000000000000000e+00
16                                     0.0000000000000000e+00
17                                     0.0000000000000000e+00
18                                     0.0000000000000000e+00
19                                     0.0000000000000000e+00
20                                     0.0000000000000000e+00
21                                     0.0000000000000000e+00
22                                     0.0000000000000000e+00
23                                     0.0000000000000000e+00
$End
$VdW_Correction
   &GeometryIndex 1
   &ListStatus       OUT
   &VDW [&Type "Double"]      -5.6803939291163452e-02
$End
$Calculation_Info
   &GeometryIndex 1
   &ListStatus       OUT
   &MULT [&Type "Integer"] 1
   &CHARGE [&Type "Integer"] -2
   &NUMOFATOMS [&Type "Integer"] 24
   &NUMOFELECTRONS [&Type "Integer"] 118
   &NUMOFFCELECTRONS [&Type "Integer"] 1
   &NUMOFCORRELECTRONS [&Type "Integer"] 0
   &NUMOFBASISFUNCTS [&Type "Integer"] 264
   &NUMOFAUXCBASISFUNCTS [&Type "Integer"] 0
   &NUMOFAUXJBASISFUNCTS [&Type "Integer"] 872
   &NUMOFAUXJKBASISFUNCTS [&Type "Integer"] 0
   &NUMOFCABSBASISFUNCTS [&Type "Integer"] 0
   &TOTALENERGY [&Type "Double"]      -8.3611302964070762e+02  "Hartrees"
$End
$SCF_Dipole_Moment
   &GeometryIndex 1
   &ListStatus       OUT
   &METHOD [&Type "String"] "SCF"
   &LEVEL [&Type "String"] "Relaxed density"
   &MULT [&Type "Integer"] 1
   &STATE [&Type "Integer"] -1
   &IRREP [&Type "Integer"] 0
   &NATOMS [&Type "Integer"] 24
   &DODIPOLEATOM [&Type "Boolean"] false
   &DIPOLEELECCONTRIB [&Type "ArrayOfDoubles", &Dim (3,1)] "Electronic contribution"
                                                         0

0                                      1.7275213212525948e+00
1                                      6.6712738479998401e-01
2                                      7.2764713412393531e-02
   &DIPOLENUCCONTRIB [&Type "ArrayOfDoubles", &Dim (3,1)] "Nuclear contribution"
                                                         0

0                                     -4.1809557737495879e+00
1                                     -2.5415222043315069e+00
2                                      3.3225976161276094e-02
   &DIPOLETOTAL [&Type "ArrayOfDoubles", &Dim (3,1)] "Total"
                                                         0

0                                     -2.4534344524969933e+00
1                                     -1.8743948195315228e+00
2                                      1.0599068957366962e-01
   &DIPOLEMAGNITUDE [&Type "Double", &Units "a.u."]       3.0893252626523697e+00
$End
