*************************************************
******************* ORCA 6.0.1 ******************
*************************************************
$Calculation_Status
   &GeometryIndex 1
   &ListStatus       OUT
   &VERSION [&Type "String"] "6.0.1"
   &PROGNAME [&Type "String"] "LeanSCF"
   &STATUS [&Type "String"] "NORMAL TERMINATION"
$End
$Geometry
   &GeometryIndex 1
   &ListStatus       OUT
   &NATOMS [&Type "Integer"] 24
   &NCORELESSECP [&Type "Integer"] 0
   &NGHOSTATOMS [&Type "Integer"] 0
   &CartesianCoordinates [&Type "Coordinates", &Dim(24,4), &Units "Bohr"] 
              C     83.664057687341   28.559828471288   87.234071357634
              H     84.515502649244   26.915404928629   86.364363323750
              H     84.761484275488   30.296244682514   87.363456457262
              C     81.519564475713   28.265664095094   88.718661291029
              C     80.568621509766   30.365467650333   90.494565008814
              O     81.695121581961   32.462479098936   90.555051275782
              O     78.724043906982   29.801360012940   91.862315117397
              O     80.150125114303   26.277450706482   88.550366287636
              C     77.936232307361   26.545049762985   85.230129799534
              H     76.879643977115   24.820639496930   85.635598495171
              C     80.061061548875   26.443504778522   83.706625772350
              H     80.918200285416   24.645351046170   83.199662106764
              C     81.417994288407   28.635756995288   83.190231783526
              C     80.235923628483   31.099209554369   83.684769852504
              H     81.273862640349   32.782358467590   83.100009638763
              C     77.993623569104   31.270789942608   84.855431568433
              H     77.152614416837   33.114550691906   85.251488436564
              C     76.494997708519   28.985582524104   85.637274254571
              H     76.030274490415   29.143305935264   87.663474519529
              O     74.245419829743   28.886889848562   84.159836533977
              H     72.735538340581   28.648833114293   85.305964303416
              C     83.571134944485   28.447189691453   81.256152149697
              O     84.833971475044   26.440165263543   81.087675850941
              O     83.814003187578   30.357675062322   79.869647711831
$End
$SCF_Energy
   &GeometryIndex 1
   &ListStatus       OUT
   &SCF_ENERGY [&Type "Double"]      -8.3605558634335648e+02
$End
$DFT_Energy
   &GeometryIndex 1
   &ListStatus       OUT
   &NALPHAEL [&Type "Integer"] 59
   &NBETAEL [&Type "Integer"] 59
   &NTOTALEL [&Type "Integer"] 118
   &EEXCHANGE [&Type "Double"]      -8.3085706352840774e+01
   &ECORR [&Type "Double"]      -4.8421724388026703e+00
   &ECNL [&Type "Double"]       0.0000000000000000e+00
   &EXC [&Type "Double"]      -8.7927878791643451e+01
   &EEMBED [&Type "Double"]       0.0000000000000000e+00
   &FINALEN [&Type "Double"]      -8.3605558634335648e+02  "No Van der Waals correction"
$End
$Mulliken_Population_Analysis
   &GeometryIndex 1
   &ListStatus       OUT
   &NATOMS [&Type "Integer"] 24
   &ATNO [&Type "ArrayOfIntegers", &Dim (24,1)] 
                                                         0

0                                                        6
1                                                        1
2                                                        1
3                                                        6
4                                                        6
5                                                        8
6                                                        8
7                                                        8
8                                                        6
9                                                        1
10                                                       6
11                                                       1
12                                                       6
13                                                       6
14                                                       1
15                                                       6
16                                                       1
17                                                       6
18                                                       1
19                                                       8
20                                                       1
21                                                       6
22                                                       8
23                                                       8
   &ATOMICCHARGES [&Type "ArrayOfDoubles", &Dim (24,1)] 
                                                         0

0                                      8.5618265599042509e-02
1                                     -2.7936801316470916e-02
2                                     -2.6345255864944184e-02
3                                     -4.3209848280380214e-02
4                                      5.8680215289589555e-02
5                                     -4.1196232484899298e-01
6                                     -4.1780952150935491e-01
7                                     -3.2065250502137310e-01
8                                      7.9568036313490964e-02
9                                     -7.2862704839743442e-02
10                                     2.3360773873998930e-02
11                                    -6.1493920469215091e-02
12                                    -1.2211022847129094e-01
13                                     8.7873054571943499e-02
14                                    -5.3875289700519247e-02
15                                    -3.3782152971410184e-02
16                                    -7.1693158586895178e-02
17                                     2.5796079307226627e-01
18                                    -3.5484447293177013e-04
19                                    -3.4782714835192152e-01
20                                     1.3831801652849607e-01
21                                     9.7441405229457878e-02
22                                    -4.1415102080610033e-01
23                                    -4.0275383496672212e-01
$End
$Loewdin_Population_Analysis
   &GeometryIndex 1
   &ListStatus       OUT
   &NATOMS [&Type "Integer"] 24
   &ATNO [&Type "ArrayOfIntegers", &Dim (24,1)] 
                                                         0

0                                                        6
1                                                        1
2                                                        1
3                                                        6
4                                                        6
5                                                        8
6                                                        8
7                                                        8
8                                                        6
9                                                        1
10                                                       6
11                                                       1
12                                                       6
13                                                       6
14                                                       1
15                                                       6
16                                                       1
17                                                       6
18                                                       1
19                                                       8
20                                                       1
21                                                       6
22                                                       8
23                                                       8
   &ATOMICCHARGES [&Type "ArrayOfDoubles", &Dim (24,1)] 
                                                         0

0                                     -6.0253113200040787e-02
1                                      6.3402953649819294e-03
2                                      6.8139714093941040e-03
3                                     -3.3094400779188682e-02
4                                     -7.6657024688874031e-02
5                                     -3.8576261880736062e-01
6                                     -3.8131725578907094e-01
7                                     -1.9985564468840700e-01
8                                      4.8965620206796956e-02
9                                     -1.0007042025703683e-03
10                                    -5.4998144042389008e-02
11                                     7.1968155779218446e-03
12                                    -1.1614199747483234e-02
13                                     1.4293942366849777e-03
14                                     1.5210003251262649e-02
15                                    -5.9633525643069341e-02
16                                     8.0676961320680363e-04
17                                     4.9708500616946871e-02
18                                     1.6202696645962411e-02
19                                    -1.7705008688542989e-01
20                                     7.2503070326056629e-02
21                                    -3.6826299645353444e-02
22                                    -3.8102010934370512e-01
23                                    -3.6609400978620599e-01
$End
$Mayer_Population_Analysis
   &GeometryIndex 1
   &ListStatus       OUT
   &NATOMS [&Type "Integer"] 24 "Total number of atoms"
   &BONDTHRESH [&Type "Double"]       1.0000000000000001e-01  "The threshold for printing"
   &NBONDORDERSPRINT [&Type "Integer"] 28 "The number of bond orders larger than threshold"
   &BONDORDERS [&Type "ArrayOfDoubles", &Dim (28,1)] "The bond orders"
                                                         0

0                                      8.9635136907236379e-01
1                                      9.2111314293780333e-01
2                                      1.4647394860650931e+00
3                                      1.1918800727059843e-01
4                                      3.2946052976489443e-01
5                                      8.1463231969006289e-01
6                                      1.5965737954655645e+00
7                                      1.8724237564769937e+00
8                                      1.8171151075437855e+00
9                                      1.2165767962443857e-01
10                                     3.2457687343265496e-01
11                                     9.3976881002452584e-01
12                                     1.4376360998918063e+00
13                                     9.8937085082236209e-01
14                                     9.5324099424832609e-01
15                                     1.3865777119299019e+00
16                                     1.0488246139325794e+00
17                                     8.3207224180516626e-01
18                                     9.7261167705417417e-01
19                                     1.7804400121495472e+00
20                                     9.5584164445965336e-01
21                                     9.8074444883324596e-01
22                                     8.7722830845649025e-01
23                                     9.8769562780510112e-01
24                                     9.7273270471473172e-01
25                                     1.8341898397139405e+00
26                                     1.8624583273772208e+00
27                                     1.2035123079041138e-01
   &COMPONENTS [&Type "ArrayOfIntegers", &Dim (28,4)] "The indices and atomic numbers of the bonding atoms"
                                                         0                           1                           2                           3

0                                                        0                           6                           1                           1
1                                                        0                           6                           2                           1
2                                                        0                           6                           3                           6
3                                                        0                           6                           8                           6
4                                                        0                           6                          12                           6
5                                                        3                           6                           4                           6
6                                                        3                           6                           7                           8
7                                                        4                           6                           5                           8
8                                                        4                           6                           6                           8
9                                                        5                           8                           6                           8
10                                                       7                           8                           8                           6
11                                                       8                           6                           9                           1
12                                                       8                           6                          10                           6
13                                                       8                           6                          17                           6
14                                                      10                           6                          11                           1
15                                                      10                           6                          12                           6
16                                                      12                           6                          13                           6
17                                                      12                           6                          21                           6
18                                                      13                           6                          14                           1
19                                                      13                           6                          15                           6
20                                                      15                           6                          16                           1
21                                                      15                           6                          17                           6
22                                                      17                           6                          18                           1
23                                                      17                           6                          19                           8
24                                                      19                           8                          20                           1
25                                                      21                           6                          22                           8
26                                                      21                           6                          23                           8
27                                                      22                           8                          23                           8
   &ATNO [&Type "ArrayOfIntegers", &Dim (24,1)] "Atomic number of the elements"
                                                         0

0                                                        6
1                                                        1
2                                                        1
3                                                        6
4                                                        6
5                                                        8
6                                                        8
7                                                        8
8                                                        6
9                                                        1
10                                                       6
11                                                       1
12                                                       6
13                                                       6
14                                                       1
15                                                       6
16                                                       1
17                                                       6
18                                                       1
19                                                       8
20                                                       1
21                                                       6
22                                                       8
23                                                       8
   &NA [&Type "ArrayOfDoubles", &Dim (24,1)] "Mulliken gross atomic population"
                                                         0

0                                      5.9143817344009575e+00
1                                      1.0279368013164740e+00
2                                      1.0263452558649431e+00
3                                      6.0432098482803775e+00
4                                      5.9413197847104096e+00
5                                      8.4119623248489752e+00
6                                      8.4178095215093460e+00
7                                      8.3206525050213553e+00
8                                      5.9204319636864993e+00
9                                      1.0728627048397466e+00
10                                     5.9766392261259877e+00
11                                     1.0614939204692146e+00
12                                     6.1221102284712927e+00
13                                     5.9121269454280450e+00
14                                     1.0538752897005184e+00
15                                     6.0337821529714271e+00
16                                     1.0716931585868938e+00
17                                     5.7420392069277257e+00
18                                     1.0003548444729322e+00
19                                     8.3478271483519251e+00
20                                     8.6168198347150471e-01
21                                     5.9025585947705155e+00
22                                     8.4141510208061305e+00
23                                     8.4027538349667381e+00
   &ZA [&Type "ArrayOfDoubles", &Dim (24,1)] "Total nuclear charge"
                                                         0

0                                      6.0000000000000000e+00
1                                      1.0000000000000000e+00
2                                      1.0000000000000000e+00
3                                      6.0000000000000000e+00
4                                      6.0000000000000000e+00
5                                      8.0000000000000000e+00
6                                      8.0000000000000000e+00
7                                      8.0000000000000000e+00
8                                      6.0000000000000000e+00
9                                      1.0000000000000000e+00
10                                     6.0000000000000000e+00
11                                     1.0000000000000000e+00
12                                     6.0000000000000000e+00
13                                     6.0000000000000000e+00
14                                     1.0000000000000000e+00
15                                     6.0000000000000000e+00
16                                     1.0000000000000000e+00
17                                     6.0000000000000000e+00
18                                     1.0000000000000000e+00
19                                     8.0000000000000000e+00
20                                     1.0000000000000000e+00
21                                     6.0000000000000000e+00
22                                     8.0000000000000000e+00
23                                     8.0000000000000000e+00
   &QA [&Type "ArrayOfDoubles", &Dim (24,1)] "Mulliken gross atomic charge"
                                                         0

0                                      8.5618265599042509e-02
1                                     -2.7936801316474025e-02
2                                     -2.6345255864943073e-02
3                                     -4.3209848280377550e-02
4                                      5.8680215289590443e-02
5                                     -4.1196232484897521e-01
6                                     -4.1780952150934603e-01
7                                     -3.2065250502135534e-01
8                                      7.9568036313500734e-02
9                                     -7.2862704839746550e-02
10                                     2.3360773874012253e-02
11                                    -6.1493920469214647e-02
12                                    -1.2211022847129271e-01
13                                     8.7873054571955045e-02
14                                    -5.3875289700518358e-02
15                                    -3.3782152971427060e-02
16                                    -7.1693158586893846e-02
17                                     2.5796079307227426e-01
18                                    -3.5484447293221422e-04
19                                    -3.4782714835192508e-01
20                                     1.3831801652849529e-01
21                                     9.7441405229484523e-02
22                                    -4.1415102080613053e-01
23                                    -4.0275383496673811e-01
   &VA [&Type "ArrayOfDoubles", &Dim (24,1)] "Mayer's total valence"
                                                         0

0                                      3.8034755388323562e+00
1                                      1.0253625307544463e+00
2                                      1.0192098328832750e+00
3                                      4.0179240022860760e+00
4                                      4.4960825473463615e+00
5                                      2.0848499514951384e+00
6                                      2.0476184057093629e+00
7                                      2.1299757826812957e+00
8                                      3.9097832683173417e+00
9                                      9.8921837170834470e-01
10                                     3.9270338588045330e+00
11                                     1.0302026381051754e+00
12                                     3.7124340738535269e+00
13                                     3.9145495113789623e+00
14                                     1.0219314030795585e+00
15                                     3.8595636493292016e+00
16                                     9.8353017012485611e-01
17                                     3.8657020881844857e+00
18                                     1.0517073549506215e+00
19                                     2.0011021656681285e+00
20                                     1.0266480535090996e+00
21                                     4.5320024476044809e+00
22                                     2.0680803577854947e+00
23                                     2.0984446935518575e+00
   &BVA [&Type "ArrayOfDoubles", &Dim (24,1)] "Mayer's bonded valence"
                                                         0

0                                      3.8034755388323847e+00
1                                      1.0253625307544378e+00
2                                      1.0192098328832768e+00
3                                      4.0179240022860876e+00
4                                      4.4960825473463499e+00
5                                      2.0848499514952250e+00
6                                      2.0476184057093834e+00
7                                      2.1299757826812811e+00
8                                      3.9097832683173732e+00
9                                      9.8921837170834026e-01
10                                     3.9270338588045224e+00
11                                     1.0302026381051828e+00
12                                     3.7124340738534833e+00
13                                     3.9145495113789357e+00
14                                     1.0219314030795494e+00
15                                     3.8595636493291532e+00
16                                     9.8353017012486343e-01
17                                     3.8657020881845225e+00
18                                     1.0517073549506173e+00
19                                     2.0011021656681285e+00
20                                     1.0266480535090985e+00
21                                     4.5320024476045253e+00
22                                     2.0680803577854414e+00
23                                     2.0984446935518219e+00
   &FA [&Type "ArrayOfDoubles", &Dim (24,1)] "Mayer's free valence"
                                                         0

0                                      0.0000000000000000e+00
1                                      0.0000000000000000e+00
2                                      0.0000000000000000e+00
3                                      0.0000000000000000e+00
4                                      0.0000000000000000e+00
5                                      0.0000000000000000e+00
6                                      0.0000000000000000e+00
7                                      0.0000000000000000e+00
8                                      0.0000000000000000e+00
9                                      0.0000000000000000e+00
10                                     0.0000000000000000e+00
11                                     0.0000000000000000e+00
12                                     0.0000000000000000e+00
13                                     0.0000000000000000e+00
14                                     0.0000000000000000e+00
15                                     0.0000000000000000e+00
16                                     0.0000000000000000e+00
17                                     0.0000000000000000e+00
18                                     0.0000000000000000e+00
19                                     0.0000000000000000e+00
20                                     0.0000000000000000e+00
21                                     0.0000000000000000e+00
22                                     0.0000000000000000e+00
23                                     0.0000000000000000e+00
$End
$VdW_Correction
   &GeometryIndex 1
   &ListStatus       OUT
   &VDW [&Type "Double"]      -5.6084722742615875e-02
$End
$Calculation_Info
   &GeometryIndex 1
   &ListStatus       OUT
   &MULT [&Type "Integer"] 1
   &CHARGE [&Type "Integer"] -2
   &NUMOFATOMS [&Type "Integer"] 24
   &NUMOFELECTRONS [&Type "Integer"] 118
   &NUMOFFCELECTRONS [&Type "Integer"] 1
   &NUMOFCORRELECTRONS [&Type "Integer"] 0
   &NUMOFBASISFUNCTS [&Type "Integer"] 264
   &NUMOFAUXCBASISFUNCTS [&Type "Integer"] 0
   &NUMOFAUXJBASISFUNCTS [&Type "Integer"] 872
   &NUMOFAUXJKBASISFUNCTS [&Type "Integer"] 0
   &NUMOFCABSBASISFUNCTS [&Type "Integer"] 0
   &TOTALENERGY [&Type "Double"]      -8.3611167106609912e+02  "Hartrees"
$End
$SCF_Dipole_Moment
   &GeometryIndex 1
   &ListStatus       OUT
   &METHOD [&Type "String"] "SCF"
   &LEVEL [&Type "String"] "Relaxed density"
   &MULT [&Type "Integer"] 1
   &STATE [&Type "Integer"] -1
   &IRREP [&Type "Integer"] 0
   &NATOMS [&Type "Integer"] 24
   &DODIPOLEATOM [&Type "Boolean"] false
   &DIPOLEELECCONTRIB [&Type "ArrayOfDoubles", &Dim (3,1)] "Electronic contribution"
                                                         0

0                                      1.7749558464981918e+00
1                                     -3.2939539405991008e-01
2                                      2.9663701404515358e-01
   &DIPOLENUCCONTRIB [&Type "ArrayOfDoubles", &Dim (3,1)] "Nuclear contribution"
                                                         0

0                                     -4.4543046400154793e+00
1                                     -5.4685482445267297e-01
2                                     -7.0251381972357763e-01
   &DIPOLETOTAL [&Type "ArrayOfDoubles", &Dim (3,1)] "Total"
                                                         0

0                                     -2.6793487935172875e+00
1                                     -8.7625021851258311e-01
2                                     -4.0587680567842405e-01
   &DIPOLEMAGNITUDE [&Type "Double", &Units "a.u."]       2.8480625667554453e+00
$End
