*************************************************
******************* ORCA 6.0.1 ******************
*************************************************
$Calculation_Status
   &GeometryIndex 1
   &ListStatus       OUT
   &VERSION [&Type "String"] "6.0.1"
   &PROGNAME [&Type "String"] "LeanSCF"
   &STATUS [&Type "String"] "NORMAL TERMINATION"
$End
$Geometry
   &GeometryIndex 1
   &ListStatus       OUT
   &NATOMS [&Type "Integer"] 24
   &NCORELESSECP [&Type "Integer"] 0
   &NGHOSTATOMS [&Type "Integer"] 0
   &CartesianCoordinates [&Type "Coordinates", &Dim(24,4), &Units "Bohr"] 
              C     82.858821794045   32.386126483142   71.877623229829
              H     84.425404759066   31.178591483567   71.246454701099
              H     83.603373890810   34.183256036502   72.580601351647
              C     81.490660073086   31.002846953112   73.956321977142
              C     80.305801787118   32.365339495669   76.280685121865
              O     81.426409384533   34.256955355724   77.140510512799
              O     78.359383869179   31.341107931084   77.178305035478
              O     81.243105949542   28.727616687871   73.807033612562
              C     77.741443423386   29.460830427832   69.318934044499
              H     77.076259824246   27.629685804063   68.640522362422
              C     79.992107248887   30.360340067579   68.614066196547
              H     81.229877866605   29.303983158717   67.347949686819
              C     81.018228539606   32.843440207551   69.549480632838
              C     78.914963352551   34.517737562206   70.505682056602
              H     79.338262006550   36.524626716430   70.671977956387
              C     76.690755692926   33.599330661120   71.271021140840
              H     75.296137806092   34.861667718579   72.125177353372
              C     75.949983048429   30.857338040800   71.040474552502
              H     76.027461819920   30.023968815741   72.956656852298
              O     73.457434277787   30.700490771685   70.076714224202
              H     72.359503393979   29.562875639064   71.102835514921
              C     82.679297811323   34.154910144493   67.467002433257
              O     83.845258835952   32.769740888328   65.947662621584
              O     82.813468366831   36.524626716430   67.538812026346
$End
$SCF_Energy
   &GeometryIndex 1
   &ListStatus       OUT
   &SCF_ENERGY [&Type "Double"]      -8.3612185984377459e+02
$End
$DFT_Energy
   &GeometryIndex 1
   &ListStatus       OUT
   &NALPHAEL [&Type "Integer"] 59
   &NBETAEL [&Type "Integer"] 59
   &NTOTALEL [&Type "Integer"] 118
   &EEXCHANGE [&Type "Double"]      -8.3138359653529903e+01
   &ECORR [&Type "Double"]      -4.8460667200987588e+00
   &ECNL [&Type "Double"]       0.0000000000000000e+00
   &EXC [&Type "Double"]      -8.7984426373628665e+01
   &EEMBED [&Type "Double"]       0.0000000000000000e+00
   &FINALEN [&Type "Double"]      -8.3612185984377459e+02  "No Van der Waals correction"
$End
$Mulliken_Population_Analysis
   &GeometryIndex 1
   &ListStatus       OUT
   &NATOMS [&Type "Integer"] 24
   &ATNO [&Type "ArrayOfIntegers", &Dim (24,1)] 
                                                         0

0                                                        6
1                                                        1
2                                                        1
3                                                        6
4                                                        6
5                                                        8
6                                                        8
7                                                        8
8                                                        6
9                                                        1
10                                                       6
11                                                       1
12                                                       6
13                                                       6
14                                                       1
15                                                       6
16                                                       1
17                                                       6
18                                                       1
19                                                       8
20                                                       1
21                                                       6
22                                                       8
23                                                       8
   &ATOMICCHARGES [&Type "ArrayOfDoubles", &Dim (24,1)] 
                                                         0

0                                      2.3757941652882053e-01
1                                     -5.2114895462273658e-02
2                                     -2.4786025245334908e-02
3                                     -4.7235515654411309e-02
4                                      8.7617346981976318e-02
5                                     -4.0521816575885872e-01
6                                     -4.1272001807203473e-01
7                                     -2.6089258351520606e-01
8                                     -6.3915827478396636e-02
9                                     -1.0068836397692760e-01
10                                     6.3482003211637661e-02
11                                    -5.5850798693698245e-02
12                                    -2.1282161699904201e-01
13                                     4.9007531746648958e-02
14                                    -4.2638560371175860e-02
15                                    -6.6361763936070517e-02
16                                    -7.6730080301840031e-02
17                                     3.1447179312917051e-01
18                                     6.9231732300252258e-03
19                                    -3.5747673969506444e-01
20                                     1.3980006548664181e-01
21                                     9.8313180346206508e-02
22                                    -4.0690178267370136e-01
23                                    -4.1084177282706236e-01
$End
$Loewdin_Population_Analysis
   &GeometryIndex 1
   &ListStatus       OUT
   &NATOMS [&Type "Integer"] 24
   &ATNO [&Type "ArrayOfIntegers", &Dim (24,1)] 
                                                         0

0                                                        6
1                                                        1
2                                                        1
3                                                        6
4                                                        6
5                                                        8
6                                                        8
7                                                        8
8                                                        6
9                                                        1
10                                                       6
11                                                       1
12                                                       6
13                                                       6
14                                                       1
15                                                       6
16                                                       1
17                                                       6
18                                                       1
19                                                       8
20                                                       1
21                                                       6
22                                                       8
23                                                       8
   &ATOMICCHARGES [&Type "ArrayOfDoubles", &Dim (24,1)] 
                                                         0

0                                     -2.7281994922805808e-02
1                                      9.4462604374347947e-03
2                                      1.6877698196183011e-02
3                                      3.3756982169633964e-02
4                                     -7.7192696274128281e-02
5                                     -3.6538237492638004e-01
6                                     -3.7239177220997988e-01
7                                     -1.8791752904739489e-01
8                                     -7.4999450251914013e-02
9                                     -1.1884131935147035e-02
10                                     2.0920585322237173e-04
11                                     6.9781466645475465e-03
12                                    -7.8134499567995341e-02
13                                     4.0589284540875070e-03
14                                     1.3403912588473510e-02
15                                    -6.5158614228879586e-02
16                                    -6.3376276554549804e-04
17                                     5.0311015954917160e-02
18                                     1.4177994166691965e-02
19                                    -1.7653196452050324e-01
20                                     6.9787023508823487e-02
21                                    -2.5202171310484189e-02
22                                    -3.7661020926563005e-01
23                                    -3.7968599676713488e-01
$End
$Mayer_Population_Analysis
   &GeometryIndex 1
   &ListStatus       OUT
   &NATOMS [&Type "Integer"] 24 "Total number of atoms"
   &BONDTHRESH [&Type "Double"]       1.0000000000000001e-01  "The threshold for printing"
   &NBONDORDERSPRINT [&Type "Integer"] 26 "The number of bond orders larger than threshold"
   &BONDORDERS [&Type "ArrayOfDoubles", &Dim (26,1)] "The bond orders"
                                                         0

0                                      8.9050272623563742e-01
1                                      9.0858999085001724e-01
2                                      9.6915965279286875e-01
3                                      1.0015193979467756e+00
4                                      8.0654228378216397e-01
5                                      2.0570297313755983e+00
6                                      1.8443520493098269e+00
7                                      1.8227520053317461e+00
8                                      1.3153200419825595e-01
9                                      9.5150136066424418e-01
10                                     1.8654499863113574e+00
11                                     9.6941627005557707e-01
12                                     9.5710005921699282e-01
13                                     9.7633516838072010e-01
14                                     9.7140331074078223e-01
15                                     7.7860984353740204e-01
16                                     9.6110186589486313e-01
17                                     1.8737620772054586e+00
18                                     9.5701595963990405e-01
19                                     9.7602307611380801e-01
20                                     8.5429241983731896e-01
21                                     9.7649000606646741e-01
22                                     9.7640492558995517e-01
23                                     1.8620008113960800e+00
24                                     1.8741328443661418e+00
25                                     1.1520092464368796e-01
   &COMPONENTS [&Type "ArrayOfIntegers", &Dim (26,4)] "The indices and atomic numbers of the bonding atoms"
                                                         0                           1                           2                           3

0                                                        0                           6                           1                           1
1                                                        0                           6                           2                           1
2                                                        0                           6                           3                           6
3                                                        0                           6                          12                           6
4                                                        3                           6                           4                           6
5                                                        3                           6                           7                           8
6                                                        4                           6                           5                           8
7                                                        4                           6                           6                           8
8                                                        5                           8                           6                           8
9                                                        8                           6                           9                           1
10                                                       8                           6                          10                           6
11                                                       8                           6                          17                           6
12                                                      10                           6                          11                           1
13                                                      10                           6                          12                           6
14                                                      12                           6                          13                           6
15                                                      12                           6                          21                           6
16                                                      13                           6                          14                           1
17                                                      13                           6                          15                           6
18                                                      15                           6                          16                           1
19                                                      15                           6                          17                           6
20                                                      17                           6                          18                           1
21                                                      17                           6                          19                           8
22                                                      19                           8                          20                           1
23                                                      21                           6                          22                           8
24                                                      21                           6                          23                           8
25                                                      22                           8                          23                           8
   &ATNO [&Type "ArrayOfIntegers", &Dim (24,1)] "Atomic number of the elements"
                                                         0

0                                                        6
1                                                        1
2                                                        1
3                                                        6
4                                                        6
5                                                        8
6                                                        8
7                                                        8
8                                                        6
9                                                        1
10                                                       6
11                                                       1
12                                                       6
13                                                       6
14                                                       1
15                                                       6
16                                                       1
17                                                       6
18                                                       1
19                                                       8
20                                                       1
21                                                       6
22                                                       8
23                                                       8
   &NA [&Type "ArrayOfDoubles", &Dim (24,1)] "Mulliken gross atomic population"
                                                         0

0                                      5.7624205834711777e+00
1                                      1.0521148954622741e+00
2                                      1.0247860252453356e+00
3                                      6.0472355156544095e+00
4                                      5.9123826530180237e+00
5                                      8.4052181657588605e+00
6                                      8.4127200180720365e+00
7                                      8.2608925835152078e+00
8                                      6.0639158274783940e+00
9                                      1.1006883639769274e+00
10                                     5.9365179967883623e+00
11                                     1.0558507986936982e+00
12                                     6.2128216169990420e+00
13                                     5.9509924682533484e+00
14                                     1.0426385603711756e+00
15                                     6.0663617639360705e+00
16                                     1.0767300803018403e+00
17                                     5.6855282068708322e+00
18                                     9.9307682676997533e-01
19                                     8.3574767396950680e+00
20                                     8.6019993451335819e-01
21                                     5.9016868196537926e+00
22                                     8.4069017826736996e+00
23                                     8.4108417728270659e+00
   &ZA [&Type "ArrayOfDoubles", &Dim (24,1)] "Total nuclear charge"
                                                         0

0                                      6.0000000000000000e+00
1                                      1.0000000000000000e+00
2                                      1.0000000000000000e+00
3                                      6.0000000000000000e+00
4                                      6.0000000000000000e+00
5                                      8.0000000000000000e+00
6                                      8.0000000000000000e+00
7                                      8.0000000000000000e+00
8                                      6.0000000000000000e+00
9                                      1.0000000000000000e+00
10                                     6.0000000000000000e+00
11                                     1.0000000000000000e+00
12                                     6.0000000000000000e+00
13                                     6.0000000000000000e+00
14                                     1.0000000000000000e+00
15                                     6.0000000000000000e+00
16                                     1.0000000000000000e+00
17                                     6.0000000000000000e+00
18                                     1.0000000000000000e+00
19                                     8.0000000000000000e+00
20                                     1.0000000000000000e+00
21                                     6.0000000000000000e+00
22                                     8.0000000000000000e+00
23                                     8.0000000000000000e+00
   &QA [&Type "ArrayOfDoubles", &Dim (24,1)] "Mulliken gross atomic charge"
                                                         0

0                                      2.3757941652882231e-01
1                                     -5.2114895462274102e-02
2                                     -2.4786025245335574e-02
3                                     -4.7235515654409532e-02
4                                      8.7617346981976318e-02
5                                     -4.0521816575886049e-01
6                                     -4.1272001807203651e-01
7                                     -2.6089258351520783e-01
8                                     -6.3915827478393972e-02
9                                     -1.0068836397692738e-01
10                                     6.3482003211637661e-02
11                                    -5.5850798693698245e-02
12                                    -2.1282161699904201e-01
13                                     4.9007531746651622e-02
14                                    -4.2638560371175638e-02
15                                    -6.6361763936070517e-02
16                                    -7.6730080301840253e-02
17                                     3.1447179312916784e-01
18                                     6.9231732300246707e-03
19                                    -3.5747673969506799e-01
20                                     1.3980006548664181e-01
21                                     9.8313180346207396e-02
22                                    -4.0690178267369959e-01
23                                    -4.1084177282706591e-01
   &VA [&Type "ArrayOfDoubles", &Dim (24,1)] "Mayer's total valence"
                                                         0

0                                      3.7650771218513421e+00
1                                      1.0188673124449850e+00
2                                      1.0376489373059929e+00
3                                      3.9608741494081845e+00
4                                      4.4828557813594330e+00
5                                      2.0750887185900746e+00
6                                      2.0737511114878080e+00
7                                      2.1890629593544055e+00
8                                      3.9036477584879696e+00
9                                      9.8170131334286292e-01
10                                     3.8923256409789579e+00
11                                     1.0414915114914500e+00
12                                     3.7123323070372196e+00
13                                     3.8931591824822482e+00
14                                     1.0371212747030019e+00
15                                     3.9276509774254889e+00
16                                     9.8759243670319463e-01
17                                     3.7690654965377202e+00
18                                     1.0538828922691250e+00
19                                     1.9965749583597070e+00
20                                     1.0226236688185668e+00
21                                     4.5418703238139608e+00
22                                     2.0811102691259715e+00
23                                     2.0814230523003068e+00
   &BVA [&Type "ArrayOfDoubles", &Dim (24,1)] "Mayer's bonded valence"
                                                         0

0                                      3.7650771218514034e+00
1                                      1.0188673124449914e+00
2                                      1.0376489373059921e+00
3                                      3.9608741494081903e+00
4                                      4.4828557813594152e+00
5                                      2.0750887185900524e+00
6                                      2.0737511114877734e+00
7                                      2.1890629593544464e+00
8                                      3.9036477584878928e+00
9                                      9.8170131334285138e-01
10                                     3.8923256409789557e+00
11                                     1.0414915114914605e+00
12                                     3.7123323070372241e+00
13                                     3.8931591824822265e+00
14                                     1.0371212747029999e+00
15                                     3.9276509774255111e+00
16                                     9.8759243670319208e-01
17                                     3.7690654965376886e+00
18                                     1.0538828922691128e+00
19                                     1.9965749583597443e+00
20                                     1.0226236688185699e+00
21                                     4.5418703238139866e+00
22                                     2.0811102691260110e+00
23                                     2.0814230523002291e+00
   &FA [&Type "ArrayOfDoubles", &Dim (24,1)] "Mayer's free valence"
                                                         0

0                                      0.0000000000000000e+00
1                                      0.0000000000000000e+00
2                                      0.0000000000000000e+00
3                                      0.0000000000000000e+00
4                                      0.0000000000000000e+00
5                                      0.0000000000000000e+00
6                                      0.0000000000000000e+00
7                                      0.0000000000000000e+00
8                                      0.0000000000000000e+00
9                                      0.0000000000000000e+00
10                                     0.0000000000000000e+00
11                                     0.0000000000000000e+00
12                                     0.0000000000000000e+00
13                                     0.0000000000000000e+00
14                                     0.0000000000000000e+00
15                                     0.0000000000000000e+00
16                                     0.0000000000000000e+00
17                                     0.0000000000000000e+00
18                                     0.0000000000000000e+00
19                                     0.0000000000000000e+00
20                                     0.0000000000000000e+00
21                                     0.0000000000000000e+00
22                                     0.0000000000000000e+00
23                                     0.0000000000000000e+00
$End
$VdW_Correction
   &GeometryIndex 1
   &ListStatus       OUT
   &VDW [&Type "Double"]      -5.4307083863072793e-02
$End
$Calculation_Info
   &GeometryIndex 1
   &ListStatus       OUT
   &MULT [&Type "Integer"] 1
   &CHARGE [&Type "Integer"] -2
   &NUMOFATOMS [&Type "Integer"] 24
   &NUMOFELECTRONS [&Type "Integer"] 118
   &NUMOFFCELECTRONS [&Type "Integer"] 1
   &NUMOFCORRELECTRONS [&Type "Integer"] 0
   &NUMOFBASISFUNCTS [&Type "Integer"] 264
   &NUMOFAUXCBASISFUNCTS [&Type "Integer"] 0
   &NUMOFAUXJBASISFUNCTS [&Type "Integer"] 872
   &NUMOFAUXJKBASISFUNCTS [&Type "Integer"] 0
   &NUMOFCABSBASISFUNCTS [&Type "Integer"] 0
   &TOTALENERGY [&Type "Double"]      -8.3617616692763761e+02  "Hartrees"
$End
$SCF_Dipole_Moment
   &GeometryIndex 1
   &ListStatus       OUT
   &METHOD [&Type "String"] "SCF"
   &LEVEL [&Type "String"] "Relaxed density"
   &MULT [&Type "Integer"] 1
   &STATE [&Type "Integer"] -1
   &IRREP [&Type "Integer"] 0
   &NATOMS [&Type "Integer"] 24
   &DODIPOLEATOM [&Type "Boolean"] false
   &DIPOLEELECCONTRIB [&Type "ArrayOfDoubles", &Dim (3,1)] "Electronic contribution"
                                                         0

0                                      2.7939239845604384e+00
1                                      6.3203572404893826e-01
2                                      1.7777191537856574e+00
   &DIPOLENUCCONTRIB [&Type "ArrayOfDoubles", &Dim (3,1)] "Nuclear contribution"
                                                         0

0                                     -4.9036060775336523e+00
1                                     -2.2874197777345842e+00
2                                     -2.1968277392892617e+00
   &DIPOLETOTAL [&Type "ArrayOfDoubles", &Dim (3,1)] "Total"
                                                         0

0                                     -2.1096820929732139e+00
1                                     -1.6553840536856459e+00
2                                     -4.1910858550360430e-01
   &DIPOLEMAGNITUDE [&Type "Double", &Units "a.u."]       2.7141678107757810e+00
$End
