*************************************************
******************* ORCA 6.0.1 ******************
*************************************************
$Calculation_Status
   &GeometryIndex 1
   &ListStatus       OUT
   &VERSION [&Type "String"] "6.0.1"
   &PROGNAME [&Type "String"] "LeanSCF"
   &STATUS [&Type "String"] "NORMAL TERMINATION"
$End
$Geometry
   &GeometryIndex 1
   &ListStatus       OUT
   &NATOMS [&Type "Integer"] 24
   &NCORELESSECP [&Type "Integer"] 0
   &NGHOSTATOMS [&Type "Integer"] 0
   &CartesianCoordinates [&Type "Coordinates", &Dim(24,4), &Units "Bohr"] 
              C     83.369047850204   33.474608736281   78.873389377605
              H     84.043680080014   31.983614816617   77.622390676949
              H     84.597369837253   35.044971153570   79.404402421237
              C     81.040905253213   33.433034761335   79.867385324048
              C     80.145175065734   35.532520496121   81.645617616068
              O     81.556800487773   37.414687725507   81.874274478272
              O     78.058917413885   35.222605410158   82.756776582813
              O     79.400622968969   31.469609308191   79.462983931389
              C     77.883172883430   31.377012727628   77.134841334398
              H     76.807918713229   29.612008518546   77.340821482995
              C     79.633059283442   31.256070255058   74.916302853174
              H     80.644062765089   29.496735224377   74.532688447988
              C     80.230212741761   33.342327906907   73.578376750358
              C     78.879058556007   35.708265026576   74.086713080383
              H     79.534793524478   37.386341833498   73.077599324869
              C     76.923192007398   35.831097225281   75.711877555555
              H     75.959431679099   37.630116504774   76.033130998322
              C     75.934865239358   33.553977233906   77.121613251460
              H     75.670303580609   34.073651920734   79.122833227283
              O     73.606722642367   32.769740888328   76.055807711929
              H     72.406746547327   32.214161404956   77.401292719281
              C     82.418515604841   33.274297766085   71.681091711901
              O     83.690301292970   31.288195599334   71.584715679071
              O     82.885277959920   35.254730754435   70.420644380575
$End
$SCF_Energy
   &GeometryIndex 1
   &ListStatus       OUT
   &SCF_ENERGY [&Type "Double"]      -8.3609726437867289e+02
$End
$DFT_Energy
   &GeometryIndex 1
   &ListStatus       OUT
   &NALPHAEL [&Type "Integer"] 59
   &NBETAEL [&Type "Integer"] 59
   &NTOTALEL [&Type "Integer"] 117
   &EEXCHANGE [&Type "Double"]      -8.3121335964257128e+01
   &ECORR [&Type "Double"]      -4.8451405577282305e+00
   &ECNL [&Type "Double"]       0.0000000000000000e+00
   &EXC [&Type "Double"]      -8.7966476521985356e+01
   &EEMBED [&Type "Double"]       0.0000000000000000e+00
   &FINALEN [&Type "Double"]      -8.3609726437867289e+02  "No Van der Waals correction"
$End
$Mulliken_Population_Analysis
   &GeometryIndex 1
   &ListStatus       OUT
   &NATOMS [&Type "Integer"] 24
   &ATNO [&Type "ArrayOfIntegers", &Dim (24,1)] 
                                                         0

0                                                        6
1                                                        1
2                                                        1
3                                                        6
4                                                        6
5                                                        8
6                                                        8
7                                                        8
8                                                        6
9                                                        1
10                                                       6
11                                                       1
12                                                       6
13                                                       6
14                                                       1
15                                                       6
16                                                       1
17                                                       6
18                                                       1
19                                                       8
20                                                       1
21                                                       6
22                                                       8
23                                                       8
   &ATOMICCHARGES [&Type "ArrayOfDoubles", &Dim (24,1)] 
                                                         0

0                                     -1.5040827604728690e-04
1                                     -1.8876619683885876e-02
2                                     -3.1306863888067804e-02
3                                      2.6629250795817683e-03
4                                      8.6271355335830080e-02
5                                     -4.0190278432132054e-01
6                                     -4.2333329812895393e-01
7                                     -3.6719198084938931e-01
8                                      2.7278124250892066e-01
9                                     -9.1439449527243033e-02
10                                    -8.3320518082072859e-02
11                                    -5.7326160901117973e-02
12                                    -3.0640177829203807e-02
13                                     4.4641496524549851e-02
14                                    -6.0050062074897603e-02
15                                    -2.9638164213646512e-02
16                                    -6.9320517672286197e-02
17                                     2.0493406120279456e-01
18                                    -6.8261326336196415e-03
19                                    -3.3954712799397946e-01
20                                     1.4416474494038645e-01
21                                     7.5882933674988884e-02
22                                    -4.0182300228476286e-01
23                                    -4.1864549090681713e-01
$End
$Loewdin_Population_Analysis
   &GeometryIndex 1
   &ListStatus       OUT
   &NATOMS [&Type "Integer"] 24
   &ATNO [&Type "ArrayOfIntegers", &Dim (24,1)] 
                                                         0

0                                                        6
1                                                        1
2                                                        1
3                                                        6
4                                                        6
5                                                        8
6                                                        8
7                                                        8
8                                                        6
9                                                        1
10                                                       6
11                                                       1
12                                                       6
13                                                       6
14                                                       1
15                                                       6
16                                                       1
17                                                       6
18                                                       1
19                                                       8
20                                                       1
21                                                       6
22                                                       8
23                                                       8
   &ATOMICCHARGES [&Type "ArrayOfDoubles", &Dim (24,1)] 
                                                         0

0                                     -1.0202518673197680e-01
1                                      6.5386811312719839e-03
2                                      9.7861717569787121e-03
3                                     -1.3159216194114087e-02
4                                     -5.8033514797703134e-02
5                                     -3.7380906855014473e-01
6                                     -3.8931191640904750e-01
7                                     -1.5181208046558936e-01
8                                      7.8384589510800851e-02
9                                     -5.5930495931992841e-03
10                                    -4.3158299091786922e-02
11                                     3.9152199367438190e-03
12                                    -6.0888127232009204e-02
13                                    -7.2341119023109357e-03
14                                     1.2012668844679886e-02
15                                    -5.5964318299355220e-02
16                                    -7.7545202111850564e-04
17                                     4.2236623711650267e-02
18                                     1.2503690965475101e-02
19                                    -1.6978044407788495e-01
20                                     7.2301032851238567e-02
21                                    -4.1340522231721799e-02
22                                    -3.7436489687762631e-01
23                                    -3.9042847423350047e-01
$End
$Mayer_Population_Analysis
   &GeometryIndex 1
   &ListStatus       OUT
   &NATOMS [&Type "Integer"] 24 "Total number of atoms"
   &BONDTHRESH [&Type "Double"]       1.0000000000000001e-01  "The threshold for printing"
   &NBONDORDERSPRINT [&Type "Integer"] 27 "The number of bond orders larger than threshold"
   &BONDORDERS [&Type "ArrayOfDoubles", &Dim (27,1)] "The bond orders"
                                                         0

0                                      9.1317022145008886e-01
1                                      9.0041443434562518e-01
2                                      1.9610632369682501e+00
3                                      8.3318908793532409e-01
4                                      1.0423691406099858e+00
5                                      1.8864956442385545e+00
6                                      1.7735686088861997e+00
7                                      1.2247338589108051e-01
8                                      1.2507531511817530e-01
9                                      9.4528425452979215e-01
10                                     8.8689662672405045e-01
11                                     9.7490237199816820e-01
12                                     9.5492434134519733e-01
13                                     9.3253333814773764e-01
14                                     1.7801985341869921e+00
15                                     1.0874784788674019e+00
16                                     8.2673226828088597e-01
17                                     9.6326726247159555e-01
18                                     1.7739683947122249e+00
19                                     9.5580348817420446e-01
20                                     9.6820950597297473e-01
21                                     8.8355120625714645e-01
22                                     1.0289247359088296e+00
23                                     9.7562303298546071e-01
24                                     1.8743165944748954e+00
25                                     1.8636776548408616e+00
26                                     1.2290419442022819e-01
   &COMPONENTS [&Type "ArrayOfIntegers", &Dim (27,4)] "The indices and atomic numbers of the bonding atoms"
                                                         0                           1                           2                           3

0                                                        0                           6                           1                           1
1                                                        0                           6                           2                           1
2                                                        0                           6                           3                           6
3                                                        3                           6                           4                           6
4                                                        3                           6                           7                           8
5                                                        4                           6                           5                           8
6                                                        4                           6                           6                           8
7                                                        5                           8                           6                           8
8                                                        6                           8                          18                           1
9                                                        7                           8                           8                           6
10                                                       8                           6                           9                           1
11                                                       8                           6                          10                           6
12                                                       8                           6                          17                           6
13                                                      10                           6                          11                           1
14                                                      10                           6                          12                           6
15                                                      12                           6                          13                           6
16                                                      12                           6                          21                           6
17                                                      13                           6                          14                           1
18                                                      13                           6                          15                           6
19                                                      15                           6                          16                           1
20                                                      15                           6                          17                           6
21                                                      17                           6                          18                           1
22                                                      17                           6                          19                           8
23                                                      19                           8                          20                           1
24                                                      21                           6                          22                           8
25                                                      21                           6                          23                           8
26                                                      22                           8                          23                           8
   &ATNO [&Type "ArrayOfIntegers", &Dim (24,1)] "Atomic number of the elements"
                                                         0

0                                                        6
1                                                        1
2                                                        1
3                                                        6
4                                                        6
5                                                        8
6                                                        8
7                                                        8
8                                                        6
9                                                        1
10                                                       6
11                                                       1
12                                                       6
13                                                       6
14                                                       1
15                                                       6
16                                                       1
17                                                       6
18                                                       1
19                                                       8
20                                                       1
21                                                       6
22                                                       8
23                                                       8
   &NA [&Type "ArrayOfDoubles", &Dim (24,1)] "Mulliken gross atomic population"
                                                         0

0                                      6.0001504082760482e+00
1                                      1.0188766196838852e+00
2                                      1.0313068638880691e+00
3                                      5.9973370749204182e+00
4                                      5.9137286446641699e+00
5                                      8.4019027843213188e+00
6                                      8.4233332981289539e+00
7                                      8.3671919808493875e+00
8                                      5.7272187574910811e+00
9                                      1.0914394495272428e+00
10                                     6.0833205180820746e+00
11                                     1.0573261609011180e+00
12                                     6.0306401778292056e+00
13                                     5.9553585034754501e+00
14                                     1.0600500620748980e+00
15                                     6.0296381642136438e+00
16                                     1.0693205176722855e+00
17                                     5.7950659387972037e+00
18                                     1.0068261326336199e+00
19                                     8.3395471279939812e+00
20                                     8.5583525505961378e-01
21                                     5.9241170663250120e+00
22                                     8.4018230022847611e+00
23                                     8.4186454909068154e+00
   &ZA [&Type "ArrayOfDoubles", &Dim (24,1)] "Total nuclear charge"
                                                         0

0                                      6.0000000000000000e+00
1                                      1.0000000000000000e+00
2                                      1.0000000000000000e+00
3                                      6.0000000000000000e+00
4                                      6.0000000000000000e+00
5                                      8.0000000000000000e+00
6                                      8.0000000000000000e+00
7                                      8.0000000000000000e+00
8                                      6.0000000000000000e+00
9                                      1.0000000000000000e+00
10                                     6.0000000000000000e+00
11                                     1.0000000000000000e+00
12                                     6.0000000000000000e+00
13                                     6.0000000000000000e+00
14                                     1.0000000000000000e+00
15                                     6.0000000000000000e+00
16                                     1.0000000000000000e+00
17                                     6.0000000000000000e+00
18                                     1.0000000000000000e+00
19                                     8.0000000000000000e+00
20                                     1.0000000000000000e+00
21                                     6.0000000000000000e+00
22                                     8.0000000000000000e+00
23                                     8.0000000000000000e+00
   &QA [&Type "ArrayOfDoubles", &Dim (24,1)] "Mulliken gross atomic charge"
                                                         0

0                                     -1.5040827604817508e-04
1                                     -1.8876619683885210e-02
2                                     -3.1306863888069136e-02
3                                      2.6629250795817683e-03
4                                      8.6271355335830080e-02
5                                     -4.0190278432131876e-01
6                                     -4.2333329812895393e-01
7                                     -3.6719198084938753e-01
8                                      2.7278124250891889e-01
9                                     -9.1439449527242811e-02
10                                    -8.3320518082074635e-02
11                                    -5.7326160901117973e-02
12                                    -3.0640177829205584e-02
13                                     4.4641496524549851e-02
14                                    -6.0050062074898047e-02
15                                    -2.9638164213643847e-02
16                                    -6.9320517672285531e-02
17                                     2.0493406120279634e-01
18                                    -6.8261326336198636e-03
19                                    -3.3954712799398123e-01
20                                     1.4416474494038622e-01
21                                     7.5882933674987996e-02
22                                    -4.0182300228476109e-01
23                                    -4.1864549090681535e-01
   &VA [&Type "ArrayOfDoubles", &Dim (24,1)] "Mayer's total valence"
                                                         0

0                                      3.8759833993178310e+00
1                                      1.0003907939901699e+00
2                                      1.0249742798139667e+00
3                                      3.9425307444600959e+00
4                                      4.4922852916656035e+00
5                                      2.0991994399267857e+00
6                                      2.0516965143676886e+00
7                                      2.0916967860589168e+00
8                                      3.8218731554722183e+00
9                                      9.9611915650623983e-01
10                                     3.8783091006838584e+00
11                                     1.0363855883889534e+00
12                                     3.7074910712488016e+00
13                                     3.9038662380613598e+00
14                                     1.0294883461240896e+00
15                                     3.8203258157167763e+00
16                                     9.7843206965459195e-01
17                                     3.8635684456142849e+00
18                                     1.0904020105202927e+00
19                                     2.0280745979688941e+00
20                                     1.0201335563236578e+00
21                                     4.5527536305245455e+00
22                                     2.0896313858293034e+00
23                                     2.0778851798896110e+00
   &BVA [&Type "ArrayOfDoubles", &Dim (24,1)] "Mayer's bonded valence"
                                                         0

0                                      3.8759833993178487e+00
1                                      1.0003907939901735e+00
2                                      1.0249742798139678e+00
3                                      3.9425307444601314e+00
4                                      4.4922852916655920e+00
5                                      2.0991994399268457e+00
6                                      2.0516965143676682e+00
7                                      2.0916967860589235e+00
8                                      3.8218731554722738e+00
9                                      9.9611915650623062e-01
10                                     3.8783091006839321e+00
11                                     1.0363855883889566e+00
12                                     3.7074910712488616e+00
13                                     3.9038662380613420e+00
14                                     1.0294883461240847e+00
15                                     3.8203258157168012e+00
16                                     9.7843206965459106e-01
17                                     3.8635684456143227e+00
18                                     1.0904020105202958e+00
19                                     2.0280745979689350e+00
20                                     1.0201335563236598e+00
21                                     4.5527536305245668e+00
22                                     2.0896313858293976e+00
23                                     2.0778851798896678e+00
   &FA [&Type "ArrayOfDoubles", &Dim (24,1)] "Mayer's free valence"
                                                         0

0                                      0.0000000000000000e+00
1                                      0.0000000000000000e+00
2                                      0.0000000000000000e+00
3                                      0.0000000000000000e+00
4                                      0.0000000000000000e+00
5                                      0.0000000000000000e+00
6                                      0.0000000000000000e+00
7                                      0.0000000000000000e+00
8                                      0.0000000000000000e+00
9                                      0.0000000000000000e+00
10                                     0.0000000000000000e+00
11                                     0.0000000000000000e+00
12                                     0.0000000000000000e+00
13                                     0.0000000000000000e+00
14                                     0.0000000000000000e+00
15                                     0.0000000000000000e+00
16                                     0.0000000000000000e+00
17                                     0.0000000000000000e+00
18                                     0.0000000000000000e+00
19                                     0.0000000000000000e+00
20                                     0.0000000000000000e+00
21                                     0.0000000000000000e+00
22                                     0.0000000000000000e+00
23                                     0.0000000000000000e+00
$End
$VdW_Correction
   &GeometryIndex 1
   &ListStatus       OUT
   &VDW [&Type "Double"]      -5.1776428503221672e-02
$End
$Calculation_Info
   &GeometryIndex 1
   &ListStatus       OUT
   &MULT [&Type "Integer"] 1
   &CHARGE [&Type "Integer"] -2
   &NUMOFATOMS [&Type "Integer"] 24
   &NUMOFELECTRONS [&Type "Integer"] 118
   &NUMOFFCELECTRONS [&Type "Integer"] 1
   &NUMOFCORRELECTRONS [&Type "Integer"] 0
   &NUMOFBASISFUNCTS [&Type "Integer"] 264
   &NUMOFAUXCBASISFUNCTS [&Type "Integer"] 0
   &NUMOFAUXJBASISFUNCTS [&Type "Integer"] 872
   &NUMOFAUXJKBASISFUNCTS [&Type "Integer"] 0
   &NUMOFCABSBASISFUNCTS [&Type "Integer"] 0
   &TOTALENERGY [&Type "Double"]      -8.3614904080717611e+02  "Hartrees"
$End
$SCF_Dipole_Moment
   &GeometryIndex 1
   &ListStatus       OUT
   &METHOD [&Type "String"] "SCF"
   &LEVEL [&Type "String"] "Relaxed density"
   &MULT [&Type "Integer"] 1
   &STATE [&Type "Integer"] -1
   &IRREP [&Type "Integer"] 0
   &NATOMS [&Type "Integer"] 24
   &DODIPOLEATOM [&Type "Boolean"] false
   &DIPOLEELECCONTRIB [&Type "ArrayOfDoubles", &Dim (3,1)] "Electronic contribution"
                                                         0

0                                      9.9754758288635148e-01
1                                     -1.7177116277937238e-01
2                                     -1.5098929050806328e-01
   &DIPOLENUCCONTRIB [&Type "ArrayOfDoubles", &Dim (3,1)] "Nuclear contribution"
                                                         0

0                                     -3.9580993329355891e+00
1                                     -1.3261243345324836e+00
2                                      4.1495960771374030e-01
   &DIPOLETOTAL [&Type "ArrayOfDoubles", &Dim (3,1)] "Total"
                                                         0

0                                     -2.9605517500492375e+00
1                                     -1.4978954973118559e+00
2                                      2.6397031720567699e-01
   &DIPOLEMAGNITUDE [&Type "Double", &Units "a.u."]       3.3283987011703391e+00
$End
