*************************************************
******************* ORCA 6.0.1 ******************
*************************************************
$Calculation_Status
   &GeometryIndex 1
   &ListStatus       OUT
   &VERSION [&Type "String"] "6.0.1"
   &PROGNAME [&Type "String"] "LeanSCF"
   &STATUS [&Type "String"] "NORMAL TERMINATION"
$End
$Geometry
   &GeometryIndex 1
   &ListStatus       OUT
   &NATOMS [&Type "Integer"] 24
   &NCORELESSECP [&Type "Integer"] 0
   &NGHOSTATOMS [&Type "Integer"] 0
   &CartesianCoordinates [&Type "Coordinates", &Dim(24,4), &Units "Bohr"] 
              C     84.359264344379   33.727832038226   65.299486557649
              H     84.926182184555   32.839660755284   63.528813170165
              H     85.406172622571   35.370004048604   65.972229061325
              C     82.373162177627   32.922808705176   66.641192112733
              C     81.609712819523   34.113336169546   69.135630609509
              O     82.446861496850   36.288410949690   69.619400499793
              O     80.209425754288   32.843440207551   70.562373840620
              O     80.904844971571   30.895132563479   65.915537277307
              C     78.897955817346   31.371343549227   64.040928952457
              H     77.852937265288   29.577993448135   63.984237168440
              C     80.209425754288   31.894797688323   61.605071965833
              H     81.105155941766   30.303648283561   60.663988351140
              C     80.664849752563   34.272073164796   60.824615072523
              C     79.478101740460   36.390456160922   62.171989806009
              H     80.024232593163   38.287741199378   61.571056895422
              C     77.854826991422   36.037077373878   64.097620736475
              H     77.025237218630   37.654682944515   65.080278326114
              C     77.029016670898   33.431145035201   64.925320783132
              H     76.983663243684   33.332879276237   67.007798982714
              O     74.591269958140   32.968162132390   63.912427575351
              H     73.587825381027   31.836216178171   65.065160517043
              C     82.541347803546   34.789858125490   58.694893719594
              O     84.094702685630   33.060758712952   58.144983414623
              O     82.452530675252   36.930917835223   57.683890237946
$End
$SCF_Energy
   &GeometryIndex 1
   &ListStatus       OUT
   &SCF_ENERGY [&Type "Double"]      -8.3609088553619358e+02
$End
$DFT_Energy
   &GeometryIndex 1
   &ListStatus       OUT
   &NALPHAEL [&Type "Integer"] 59
   &NBETAEL [&Type "Integer"] 59
   &NTOTALEL [&Type "Integer"] 118
   &EEXCHANGE [&Type "Double"]      -8.3127201027921629e+01
   &ECORR [&Type "Double"]      -4.8462073161496093e+00
   &ECNL [&Type "Double"]       0.0000000000000000e+00
   &EXC [&Type "Double"]      -8.7973408344071231e+01
   &EEMBED [&Type "Double"]       0.0000000000000000e+00
   &FINALEN [&Type "Double"]      -8.3609088553619358e+02  "No Van der Waals correction"
$End
$Mulliken_Population_Analysis
   &GeometryIndex 1
   &ListStatus       OUT
   &NATOMS [&Type "Integer"] 24
   &ATNO [&Type "ArrayOfIntegers", &Dim (24,1)] 
                                                         0

0                                                        6
1                                                        1
2                                                        1
3                                                        6
4                                                        6
5                                                        8
6                                                        8
7                                                        8
8                                                        6
9                                                        1
10                                                       6
11                                                       1
12                                                       6
13                                                       6
14                                                       1
15                                                       6
16                                                       1
17                                                       6
18                                                       1
19                                                       8
20                                                       1
21                                                       6
22                                                       8
23                                                       8
   &ATOMICCHARGES [&Type "ArrayOfDoubles", &Dim (24,1)] 
                                                         0

0                                     -2.7068308780888728e-03
1                                     -7.3270599310639728e-03
2                                     -3.5408796062094572e-02
3                                      9.9239734074387798e-03
4                                      7.4300769650707643e-02
5                                     -4.1611258125768558e-01
6                                     -4.2367931736164977e-01
7                                     -3.6549103138073669e-01
8                                      2.6043887123746501e-01
9                                     -9.2378651853477489e-02
10                                    -5.8396349673274450e-02
11                                    -6.2976419236624226e-02
12                                    -3.5168128677417698e-02
13                                     5.4833038949114510e-02
14                                    -5.9763466444737512e-02
15                                    -1.5224139359789390e-02
16                                    -6.5993354086400169e-02
17                                     1.9524398305890500e-01
18                                    -7.7306293460994713e-03
19                                    -3.4118913334473788e-01
20                                     1.4355776356712369e-01
21                                     8.0506761381522018e-02
22                                    -4.2088414948402431e-01
23                                    -4.0837512287455802e-01
$End
$Loewdin_Population_Analysis
   &GeometryIndex 1
   &ListStatus       OUT
   &NATOMS [&Type "Integer"] 24
   &ATNO [&Type "ArrayOfIntegers", &Dim (24,1)] 
                                                         0

0                                                        6
1                                                        1
2                                                        1
3                                                        6
4                                                        6
5                                                        8
6                                                        8
7                                                        8
8                                                        6
9                                                        1
10                                                       6
11                                                       1
12                                                       6
13                                                       6
14                                                       1
15                                                       6
16                                                       1
17                                                       6
18                                                       1
19                                                       8
20                                                       1
21                                                       6
22                                                       8
23                                                       8
   &ATOMICCHARGES [&Type "ArrayOfDoubles", &Dim (24,1)] 
                                                         0

0                                     -9.9022039677885587e-02
1                                      1.0386037110071134e-02
2                                      8.2381604570722633e-03
3                                     -9.9845148958159768e-03
4                                     -6.7574146160542803e-02
5                                     -3.8688825303673191e-01
6                                     -3.8512162212608381e-01
7                                     -1.5118632195621373e-01
8                                      7.6968158821872024e-02
9                                     -6.6703189383106043e-03
10                                    -4.2614936353613686e-02
11                                     2.1724554461959311e-03
12                                    -6.0702095100278797e-02
13                                    -2.2705771752464798e-03
14                                     1.2172376244207750e-02
15                                    -5.5003576814530497e-02
16                                     1.2502839142378708e-03
17                                     4.6211359261835838e-02
18                                     1.2680280280011447e-02
19                                    -1.7076380637730360e-01
20                                     7.3953962128070927e-02
21                                    -4.0721515901749328e-02
22                                    -3.8920893479659746e-01
23                                    -3.7630041435286010e-01
$End
$Mayer_Population_Analysis
   &GeometryIndex 1
   &ListStatus       OUT
   &NATOMS [&Type "Integer"] 24 "Total number of atoms"
   &BONDTHRESH [&Type "Double"]       1.0000000000000001e-01  "The threshold for printing"
   &NBONDORDERSPRINT [&Type "Integer"] 26 "The number of bond orders larger than threshold"
   &BONDORDERS [&Type "ArrayOfDoubles", &Dim (26,1)] "The bond orders"
                                                         0

0                                      9.0585891132684759e-01
1                                      9.0751268323902456e-01
2                                      1.9643477181455147e+00
3                                      8.4170960355599533e-01
4                                      1.0361011435989331e+00
5                                      1.8760748022501632e+00
6                                      1.7993095026037378e+00
7                                      1.1909699195915727e-01
8                                      9.4571538224226714e-01
9                                      8.8861174085061878e-01
10                                     9.8838245975226102e-01
11                                     9.5626400127160138e-01
12                                     9.3588780975891539e-01
13                                     1.7792476883110979e+00
14                                     1.0859794327644945e+00
15                                     8.3513707940665560e-01
16                                     9.6503436045138036e-01
17                                     1.7777340999268805e+00
18                                     9.5747491240723226e-01
19                                     9.7235887563122247e-01
20                                     9.0225434036057206e-01
21                                     1.0221895877868687e+00
22                                     9.7147147473054396e-01
23                                     1.8349712140756744e+00
24                                     1.8676438120108592e+00
25                                     1.2237872655912499e-01
   &COMPONENTS [&Type "ArrayOfIntegers", &Dim (26,4)] "The indices and atomic numbers of the bonding atoms"
                                                         0                           1                           2                           3

0                                                        0                           6                           1                           1
1                                                        0                           6                           2                           1
2                                                        0                           6                           3                           6
3                                                        3                           6                           4                           6
4                                                        3                           6                           7                           8
5                                                        4                           6                           5                           8
6                                                        4                           6                           6                           8
7                                                        5                           8                           6                           8
8                                                        7                           8                           8                           6
9                                                        8                           6                           9                           1
10                                                       8                           6                          10                           6
11                                                       8                           6                          17                           6
12                                                      10                           6                          11                           1
13                                                      10                           6                          12                           6
14                                                      12                           6                          13                           6
15                                                      12                           6                          21                           6
16                                                      13                           6                          14                           1
17                                                      13                           6                          15                           6
18                                                      15                           6                          16                           1
19                                                      15                           6                          17                           6
20                                                      17                           6                          18                           1
21                                                      17                           6                          19                           8
22                                                      19                           8                          20                           1
23                                                      21                           6                          22                           8
24                                                      21                           6                          23                           8
25                                                      22                           8                          23                           8
   &ATNO [&Type "ArrayOfIntegers", &Dim (24,1)] "Atomic number of the elements"
                                                         0

0                                                        6
1                                                        1
2                                                        1
3                                                        6
4                                                        6
5                                                        8
6                                                        8
7                                                        8
8                                                        6
9                                                        1
10                                                       6
11                                                       1
12                                                       6
13                                                       6
14                                                       1
15                                                       6
16                                                       1
17                                                       6
18                                                       1
19                                                       8
20                                                       1
21                                                       6
22                                                       8
23                                                       8
   &NA [&Type "ArrayOfDoubles", &Dim (24,1)] "Mulliken gross atomic population"
                                                         0

0                                      6.0027068308780827e+00
1                                      1.0073270599310642e+00
2                                      1.0354087960620935e+00
3                                      5.9900760265925586e+00
4                                      5.9256992303492915e+00
5                                      8.4161125812576820e+00
6                                      8.4236793173616569e+00
7                                      8.3654910313807420e+00
8                                      5.7395611287625297e+00
9                                      1.0923786518534777e+00
10                                     6.0583963496732789e+00
11                                     1.0629764192366242e+00
12                                     6.0351681286774195e+00
13                                     5.9451669610508837e+00
14                                     1.0597634664447373e+00
15                                     6.0152241393597894e+00
16                                     1.0659933540864004e+00
17                                     5.8047560169410941e+00
18                                     1.0077306293460997e+00
19                                     8.3411891333447414e+00
20                                     8.5644223643287609e-01
21                                     5.9194932386184771e+00
22                                     8.4208841494840225e+00
23                                     8.4083751228745580e+00
   &ZA [&Type "ArrayOfDoubles", &Dim (24,1)] "Total nuclear charge"
                                                         0

0                                      6.0000000000000000e+00
1                                      1.0000000000000000e+00
2                                      1.0000000000000000e+00
3                                      6.0000000000000000e+00
4                                      6.0000000000000000e+00
5                                      8.0000000000000000e+00
6                                      8.0000000000000000e+00
7                                      8.0000000000000000e+00
8                                      6.0000000000000000e+00
9                                      1.0000000000000000e+00
10                                     6.0000000000000000e+00
11                                     1.0000000000000000e+00
12                                     6.0000000000000000e+00
13                                     6.0000000000000000e+00
14                                     1.0000000000000000e+00
15                                     6.0000000000000000e+00
16                                     1.0000000000000000e+00
17                                     6.0000000000000000e+00
18                                     1.0000000000000000e+00
19                                     8.0000000000000000e+00
20                                     1.0000000000000000e+00
21                                     6.0000000000000000e+00
22                                     8.0000000000000000e+00
23                                     8.0000000000000000e+00
   &QA [&Type "ArrayOfDoubles", &Dim (24,1)] "Mulliken gross atomic charge"
                                                         0

0                                     -2.7068308780826555e-03
1                                     -7.3270599310641948e-03
2                                     -3.5408796062093462e-02
3                                      9.9239734074414443e-03
4                                      7.4300769650708531e-02
5                                     -4.1611258125768202e-01
6                                     -4.2367931736165687e-01
7                                     -3.6549103138074202e-01
8                                      2.6043887123747034e-01
9                                     -9.2378651853477711e-02
10                                    -5.8396349673278891e-02
11                                    -6.2976419236624226e-02
12                                    -3.5168128677419475e-02
13                                     5.4833038949116286e-02
14                                    -5.9763466444737290e-02
15                                    -1.5224139359789390e-02
16                                    -6.5993354086400391e-02
17                                     1.9524398305890589e-01
18                                    -7.7306293460996933e-03
19                                    -3.4118913334474144e-01
20                                     1.4355776356712391e-01
21                                     8.0506761381522907e-02
22                                    -4.2088414948402253e-01
23                                    -4.0837512287455802e-01
   &VA [&Type "ArrayOfDoubles", &Dim (24,1)] "Mayer's total valence"
                                                         0

0                                      3.8806046343172551e+00
1                                      1.0214933532253774e+00
2                                      1.0187937195776446e+00
3                                      3.9412693036856261e+00
4                                      4.5149685373229183e+00
5                                      2.0717868310439211e+00
6                                      2.0412280399660561e+00
7                                      2.0925703389255137e+00
8                                      3.8540724252404552e+00
9                                      9.9215220911746005e-01
10                                     3.8861918801501116e+00
11                                     1.0302547479210165e+00
12                                     3.7404122823031050e+00
13                                     3.9152701489074158e+00
14                                     1.0244756744666428e+00
15                                     3.8222700443742883e+00
16                                     9.8016261187939502e-01
17                                     3.8967334632548072e+00
18                                     1.0595095668869505e+00
19                                     2.0228655016226060e+00
20                                     1.0195936237185221e+00
21                                     4.5294178783000039e+00
22                                     2.0635581534063445e+00
23                                     2.0795559033323348e+00
   &BVA [&Type "ArrayOfDoubles", &Dim (24,1)] "Mayer's bonded valence"
                                                         0

0                                      3.8806046343172915e+00
1                                      1.0214933532253769e+00
2                                      1.0187937195776533e+00
3                                      3.9412693036856261e+00
4                                      4.5149685373229760e+00
5                                      2.0717868310439638e+00
6                                      2.0412280399660361e+00
7                                      2.0925703389255172e+00
8                                      3.8540724252405560e+00
9                                      9.9215220911748225e-01
10                                     3.8861918801501871e+00
11                                     1.0302547479210331e+00
12                                     3.7404122823031543e+00
13                                     3.9152701489074264e+00
14                                     1.0244756744666479e+00
15                                     3.8222700443743305e+00
16                                     9.8016261187941478e-01
17                                     3.8967334632547943e+00
18                                     1.0595095668869432e+00
19                                     2.0228655016225687e+00
20                                     1.0195936237185195e+00
21                                     4.5294178783000030e+00
22                                     2.0635581534062979e+00
23                                     2.0795559033323574e+00
   &FA [&Type "ArrayOfDoubles", &Dim (24,1)] "Mayer's free valence"
                                                         0

0                                      0.0000000000000000e+00
1                                      0.0000000000000000e+00
2                                      0.0000000000000000e+00
3                                      0.0000000000000000e+00
4                                      0.0000000000000000e+00
5                                      0.0000000000000000e+00
6                                      0.0000000000000000e+00
7                                      0.0000000000000000e+00
8                                      0.0000000000000000e+00
9                                      0.0000000000000000e+00
10                                     0.0000000000000000e+00
11                                     0.0000000000000000e+00
12                                     0.0000000000000000e+00
13                                     0.0000000000000000e+00
14                                     0.0000000000000000e+00
15                                     0.0000000000000000e+00
16                                     0.0000000000000000e+00
17                                     0.0000000000000000e+00
18                                     0.0000000000000000e+00
19                                     0.0000000000000000e+00
20                                     0.0000000000000000e+00
21                                     0.0000000000000000e+00
22                                     0.0000000000000000e+00
23                                     0.0000000000000000e+00
$End
$VdW_Correction
   &GeometryIndex 1
   &ListStatus       OUT
   &VDW [&Type "Double"]      -5.3134250956913112e-02
$End
$Calculation_Info
   &GeometryIndex 1
   &ListStatus       OUT
   &MULT [&Type "Integer"] 1
   &CHARGE [&Type "Integer"] -2
   &NUMOFATOMS [&Type "Integer"] 24
   &NUMOFELECTRONS [&Type "Integer"] 118
   &NUMOFFCELECTRONS [&Type "Integer"] 1
   &NUMOFCORRELECTRONS [&Type "Integer"] 0
   &NUMOFBASISFUNCTS [&Type "Integer"] 264
   &NUMOFAUXCBASISFUNCTS [&Type "Integer"] 0
   &NUMOFAUXJBASISFUNCTS [&Type "Integer"] 872
   &NUMOFAUXJKBASISFUNCTS [&Type "Integer"] 0
   &NUMOFCABSBASISFUNCTS [&Type "Integer"] 0
   &TOTALENERGY [&Type "Double"]      -8.3614401978715046e+02  "Hartrees"
$End
$SCF_Dipole_Moment
   &GeometryIndex 1
   &ListStatus       OUT
   &METHOD [&Type "String"] "SCF"
   &LEVEL [&Type "String"] "Relaxed density"
   &MULT [&Type "Integer"] 1
   &STATE [&Type "Integer"] -1
   &IRREP [&Type "Integer"] 0
   &NATOMS [&Type "Integer"] 24
   &DODIPOLEATOM [&Type "Boolean"] false
   &DIPOLEELECCONTRIB [&Type "ArrayOfDoubles", &Dim (3,1)] "Electronic contribution"
                                                         0

0                                      1.0752485544984662e+00
1                                     -5.6317062965951570e-01
2                                     -3.4774467960048933e-01
   &DIPOLENUCCONTRIB [&Type "ArrayOfDoubles", &Dim (3,1)] "Nuclear contribution"
                                                         0

0                                     -3.8691007582946213e+00
1                                     -8.2954988224466675e-01
2                                      4.5687577138970425e-01
   &DIPOLETOTAL [&Type "ArrayOfDoubles", &Dim (3,1)] "Total"
                                                         0

0                                     -2.7938522037961553e+00
1                                     -1.3927205119041823e+00
2                                      1.0913109178921493e-01
   &DIPOLEMAGNITUDE [&Type "Double", &Units "a.u."]       3.1236501334385043e+00
$End
