*************************************************
******************* ORCA 6.0.1 ******************
*************************************************
$Calculation_Status
   &GeometryIndex 1
   &ListStatus       OUT
   &VERSION [&Type "String"] "6.0.1"
   &PROGNAME [&Type "String"] "LeanSCF"
   &STATUS [&Type "String"] "NORMAL TERMINATION"
$End
$Geometry
   &GeometryIndex 1
   &ListStatus       OUT
   &NATOMS [&Type "Integer"] 24
   &NCORELESSECP [&Type "Integer"] 0
   &NGHOSTATOMS [&Type "Integer"] 0
   &CartesianCoordinates [&Type "Coordinates", &Dim(24,4), &Units "Bohr"] 
              C     76.456429652320   28.529195443809   83.234877294695
              H     78.263007836349   27.559765937108   82.924962208732
              H     76.809808439363   30.460495552677   83.903840346104
              C     74.988112446263   27.049539880949   85.188854117170
              C     73.257123307591   28.387465983765   87.112595321502
              O     74.158522673472   30.347111984641   88.055568662329
              O     71.197321821617   27.336778253305   87.643608365134
              O     75.161967250584   24.751632902101   85.319245220411
              C     71.994786250132   24.972730859769   80.173520957743
              H     71.613061571080   23.031982120232   79.585816130094
              C     74.266237063105   26.012080233426   79.805024361628
              H     75.787466600912   24.951943872296   78.903624995748
              C     74.933310388379   28.644468737978   80.657290848027
              C     72.590049982317   30.169477728053   81.222318962069
              H     72.862170545602   32.202823048152   81.399953218658
              C     70.333716978415   29.118789997593   81.638058711532
              H     68.748236752055   30.296089379026   82.238991622119
              C     69.789475851846   26.340892580728   81.341371708506
              H     69.430427886401   25.558545961285   83.246215651499
              O     67.620070250104   26.000741876623   79.795575730959
              H     66.250018803011   25.080445249403   80.736659345652
              C     76.677527609989   29.993733197598   78.667409229008
              O     78.283794823822   28.687932439059   77.491999573709
              O     76.375171428561   32.316206616187   78.372611952116
$End
$SCF_Energy
   &GeometryIndex 1
   &ListStatus       OUT
   &SCF_ENERGY [&Type "Double"]      -8.3612303569097458e+02
$End
$DFT_Energy
   &GeometryIndex 1
   &ListStatus       OUT
   &NALPHAEL [&Type "Integer"] 59
   &NBETAEL [&Type "Integer"] 59
   &NTOTALEL [&Type "Integer"] 118
   &EEXCHANGE [&Type "Double"]      -8.3135090256495332e+01
   &ECORR [&Type "Double"]      -4.8452642172460791e+00
   &ECNL [&Type "Double"]       0.0000000000000000e+00
   &EXC [&Type "Double"]      -8.7980354473741414e+01
   &EEMBED [&Type "Double"]       0.0000000000000000e+00
   &FINALEN [&Type "Double"]      -8.3612303569097458e+02  "No Van der Waals correction"
$End
$Mulliken_Population_Analysis
   &GeometryIndex 1
   &ListStatus       OUT
   &NATOMS [&Type "Integer"] 24
   &ATNO [&Type "ArrayOfIntegers", &Dim (24,1)] 
                                                         0

0                                                        6
1                                                        1
2                                                        1
3                                                        6
4                                                        6
5                                                        8
6                                                        8
7                                                        8
8                                                        6
9                                                        1
10                                                       6
11                                                       1
12                                                       6
13                                                       6
14                                                       1
15                                                       6
16                                                       1
17                                                       6
18                                                       1
19                                                       8
20                                                       1
21                                                       6
22                                                       8
23                                                       8
   &ATOMICCHARGES [&Type "ArrayOfDoubles", &Dim (24,1)] 
                                                         0

0                                      2.2315195038087143e-01
1                                     -5.2503398754213171e-02
2                                     -2.1548983036040026e-02
3                                     -2.1297137100388497e-02
4                                      9.6814639673242553e-02
5                                     -4.0960255925365985e-01
6                                     -4.1245890377907557e-01
7                                     -2.8295836079605685e-01
8                                     -6.5556244853204326e-02
9                                     -9.7960735238556751e-02
10                                     6.6878912510978772e-02
11                                    -5.5977714911290555e-02
12                                    -2.1159545317298534e-01
13                                     5.3165469045204361e-02
14                                    -4.3821880003802827e-02
15                                    -5.2726254658812977e-02
16                                    -8.2179614308922400e-02
17                                     3.1037195986848687e-01
18                                    -3.6881509926742773e-03
19                                    -3.5787747712254259e-01
20                                     1.3939776208654497e-01
21                                     9.7785658192290903e-02
22                                    -4.1938602209984666e-01
23                                    -3.9642746167554677e-01
$End
$Loewdin_Population_Analysis
   &GeometryIndex 1
   &ListStatus       OUT
   &NATOMS [&Type "Integer"] 24
   &ATNO [&Type "ArrayOfIntegers", &Dim (24,1)] 
                                                         0

0                                                        6
1                                                        1
2                                                        1
3                                                        6
4                                                        6
5                                                        8
6                                                        8
7                                                        8
8                                                        6
9                                                        1
10                                                       6
11                                                       1
12                                                       6
13                                                       6
14                                                       1
15                                                       6
16                                                       1
17                                                       6
18                                                       1
19                                                       8
20                                                       1
21                                                       6
22                                                       8
23                                                       8
   &ATOMICCHARGES [&Type "ArrayOfDoubles", &Dim (24,1)] 
                                                         0

0                                     -2.7792283533911721e-02
1                                      7.3613155487368687e-03
2                                      1.8713456265178730e-02
3                                      4.1887398637807216e-02
4                                     -7.7117713977847835e-02
5                                     -3.5880857620177586e-01
6                                     -3.6971502704574277e-01
7                                     -2.0414132156406950e-01
8                                     -7.5329977251075597e-02
9                                     -1.0459339323872108e-02
10                                     5.1428526568120247e-03
11                                     7.9043233252829026e-03
12                                    -7.9238908706069644e-02
13                                     5.7157440343873489e-03
14                                     1.3505000417876611e-02
15                                    -6.6479883059319178e-02
16                                    -2.2020351729099552e-03
17                                     5.1408899052939994e-02
18                                     1.0359002385791904e-02
19                                    -1.8089633157592111e-01
20                                     7.1840060947408135e-02
21                                    -2.4510661501775388e-02
22                                    -3.8851007281298422e-01
23                                    -3.6863592154498903e-01
$End
$Mayer_Population_Analysis
   &GeometryIndex 1
   &ListStatus       OUT
   &NATOMS [&Type "Integer"] 24 "Total number of atoms"
   &BONDTHRESH [&Type "Double"]       1.0000000000000001e-01  "The threshold for printing"
   &NBONDORDERSPRINT [&Type "Integer"] 26 "The number of bond orders larger than threshold"
   &BONDORDERS [&Type "ArrayOfDoubles", &Dim (26,1)] "The bond orders"
                                                         0

0                                      8.9132085907136260e-01
1                                      9.0973418234174774e-01
2                                      9.7512433460410597e-01
3                                      1.0039403889137422e+00
4                                      8.2528614282032431e-01
5                                      2.0437620553072255e+00
6                                      1.8198926318452879e+00
7                                      1.8264151001549349e+00
8                                      1.2758039307536667e-01
9                                      9.5250444212309993e-01
10                                     1.8709767670064150e+00
11                                     9.6957291214594776e-01
12                                     9.5957945045489368e-01
13                                     9.7516301278367457e-01
14                                     9.7348829013163818e-01
15                                     7.7315722749563986e-01
16                                     9.5807857479398162e-01
17                                     1.8769212614116646e+00
18                                     9.5302254551508281e-01
19                                     9.7786385215820937e-01
20                                     8.5791876436608461e-01
21                                     9.7762999527141903e-01
22                                     9.7573896189926801e-01
23                                     1.8534949679774004e+00
24                                     1.8937568645965301e+00
25                                     1.1328517258642812e-01
   &COMPONENTS [&Type "ArrayOfIntegers", &Dim (26,4)] "The indices and atomic numbers of the bonding atoms"
                                                         0                           1                           2                           3

0                                                        0                           6                           1                           1
1                                                        0                           6                           2                           1
2                                                        0                           6                           3                           6
3                                                        0                           6                          12                           6
4                                                        3                           6                           4                           6
5                                                        3                           6                           7                           8
6                                                        4                           6                           5                           8
7                                                        4                           6                           6                           8
8                                                        5                           8                           6                           8
9                                                        8                           6                           9                           1
10                                                       8                           6                          10                           6
11                                                       8                           6                          17                           6
12                                                      10                           6                          11                           1
13                                                      10                           6                          12                           6
14                                                      12                           6                          13                           6
15                                                      12                           6                          21                           6
16                                                      13                           6                          14                           1
17                                                      13                           6                          15                           6
18                                                      15                           6                          16                           1
19                                                      15                           6                          17                           6
20                                                      17                           6                          18                           1
21                                                      17                           6                          19                           8
22                                                      19                           8                          20                           1
23                                                      21                           6                          22                           8
24                                                      21                           6                          23                           8
25                                                      22                           8                          23                           8
   &ATNO [&Type "ArrayOfIntegers", &Dim (24,1)] "Atomic number of the elements"
                                                         0

0                                                        6
1                                                        1
2                                                        1
3                                                        6
4                                                        6
5                                                        8
6                                                        8
7                                                        8
8                                                        6
9                                                        1
10                                                       6
11                                                       1
12                                                       6
13                                                       6
14                                                       1
15                                                       6
16                                                       1
17                                                       6
18                                                       1
19                                                       8
20                                                       1
21                                                       6
22                                                       8
23                                                       8
   &NA [&Type "ArrayOfDoubles", &Dim (24,1)] "Mulliken gross atomic population"
                                                         0

0                                      5.7768480496191339e+00
1                                      1.0525033987542136e+00
2                                      1.0215489830360411e+00
3                                      6.0212971371003849e+00
4                                      5.9031853603267574e+00
5                                      8.4096025592536581e+00
6                                      8.4124589037790809e+00
7                                      8.2829583607960569e+00
8                                      6.0655562448532079e+00
9                                      1.0979607352385568e+00
10                                     5.9331210874890195e+00
11                                     1.0559777149112903e+00
12                                     6.2115954531729853e+00
13                                     5.9468345309547983e+00
14                                     1.0438218800038022e+00
15                                     6.0527262546588156e+00
16                                     1.0821796143089224e+00
17                                     5.6896280401315158e+00
18                                     1.0036881509926743e+00
19                                     8.3578774771225408e+00
20                                     8.6060223791345503e-01
21                                     5.9022143418077082e+00
22                                     8.4193860220998502e+00
23                                     8.3964274616755468e+00
   &ZA [&Type "ArrayOfDoubles", &Dim (24,1)] "Total nuclear charge"
                                                         0

0                                      6.0000000000000000e+00
1                                      1.0000000000000000e+00
2                                      1.0000000000000000e+00
3                                      6.0000000000000000e+00
4                                      6.0000000000000000e+00
5                                      8.0000000000000000e+00
6                                      8.0000000000000000e+00
7                                      8.0000000000000000e+00
8                                      6.0000000000000000e+00
9                                      1.0000000000000000e+00
10                                     6.0000000000000000e+00
11                                     1.0000000000000000e+00
12                                     6.0000000000000000e+00
13                                     6.0000000000000000e+00
14                                     1.0000000000000000e+00
15                                     6.0000000000000000e+00
16                                     1.0000000000000000e+00
17                                     6.0000000000000000e+00
18                                     1.0000000000000000e+00
19                                     8.0000000000000000e+00
20                                     1.0000000000000000e+00
21                                     6.0000000000000000e+00
22                                     8.0000000000000000e+00
23                                     8.0000000000000000e+00
   &QA [&Type "ArrayOfDoubles", &Dim (24,1)] "Mulliken gross atomic charge"
                                                         0

0                                      2.2315195038086610e-01
1                                     -5.2503398754213615e-02
2                                     -2.1548983036041136e-02
3                                     -2.1297137100384944e-02
4                                      9.6814639673242553e-02
5                                     -4.0960255925365807e-01
6                                     -4.1245890377908090e-01
7                                     -2.8295836079605685e-01
8                                     -6.5556244853207879e-02
9                                     -9.7960735238556751e-02
10                                     6.6878912510980548e-02
11                                    -5.5977714911290333e-02
12                                    -2.1159545317298534e-01
13                                     5.3165469045201696e-02
14                                    -4.3821880003802161e-02
15                                    -5.2726254658815641e-02
16                                    -8.2179614308922400e-02
17                                     3.1037195986848420e-01
18                                    -3.6881509926742773e-03
19                                    -3.5787747712254081e-01
20                                     1.3939776208654497e-01
21                                     9.7785658192291791e-02
22                                    -4.1938602209985021e-01
23                                    -3.9642746167554677e-01
   &VA [&Type "ArrayOfDoubles", &Dim (24,1)] "Mayer's total valence"
                                                         0

0                                      3.7824083191346434e+00
1                                      1.0214828849463715e+00
2                                      1.0349665902255583e+00
3                                      3.9707148786869872e+00
4                                      4.4856928586075338e+00
5                                      2.0697211878849773e+00
6                                      2.0758892303904992e+00
7                                      2.1776427963579112e+00
8                                      3.9077307872348892e+00
9                                      9.8092844002755342e-01
10                                     3.8990351395039307e+00
11                                     1.0365655273118126e+00
12                                     3.7004929731860829e+00
13                                     3.9109738016486406e+00
14                                     1.0347207317290401e+00
15                                     3.9396508677064346e+00
16                                     9.8571387781877284e-01
17                                     3.7820584825805019e+00
18                                     1.0420049655000616e+00
19                                     1.9926441280388785e+00
20                                     1.0231113451910234e+00
21                                     4.5436610796011951e+00
22                                     2.0661637384225209e+00
23                                     2.0972295908714296e+00
   &BVA [&Type "ArrayOfDoubles", &Dim (24,1)] "Mayer's bonded valence"
                                                         0

0                                      3.7824083191346718e+00
1                                      1.0214828849463866e+00
2                                      1.0349665902255638e+00
3                                      3.9707148786869935e+00
4                                      4.4856928586075036e+00
5                                      2.0697211878849817e+00
6                                      2.0758892303904553e+00
7                                      2.1776427963579188e+00
8                                      3.9077307872348643e+00
9                                      9.8092844002755153e-01
10                                     3.8990351395039355e+00
11                                     1.0365655273118202e+00
12                                     3.7004929731861083e+00
13                                     3.9109738016486082e+00
14                                     1.0347207317290248e+00
15                                     3.9396508677064443e+00
16                                     9.8571387781878061e-01
17                                     3.7820584825804624e+00
18                                     1.0420049655000549e+00
19                                     1.9926441280388474e+00
20                                     1.0231113451910248e+00
21                                     4.5436610796012173e+00
22                                     2.0661637384225475e+00
23                                     2.0972295908714571e+00
   &FA [&Type "ArrayOfDoubles", &Dim (24,1)] "Mayer's free valence"
                                                         0

0                                      0.0000000000000000e+00
1                                      0.0000000000000000e+00
2                                      0.0000000000000000e+00
3                                      0.0000000000000000e+00
4                                      0.0000000000000000e+00
5                                      0.0000000000000000e+00
6                                      0.0000000000000000e+00
7                                      0.0000000000000000e+00
8                                      0.0000000000000000e+00
9                                      0.0000000000000000e+00
10                                     0.0000000000000000e+00
11                                     0.0000000000000000e+00
12                                     0.0000000000000000e+00
13                                     0.0000000000000000e+00
14                                     0.0000000000000000e+00
15                                     0.0000000000000000e+00
16                                     0.0000000000000000e+00
17                                     0.0000000000000000e+00
18                                     0.0000000000000000e+00
19                                     0.0000000000000000e+00
20                                     0.0000000000000000e+00
21                                     0.0000000000000000e+00
22                                     0.0000000000000000e+00
23                                     0.0000000000000000e+00
$End
$VdW_Correction
   &GeometryIndex 1
   &ListStatus       OUT
   &VDW [&Type "Double"]      -5.4080605123522675e-02
$End
$Calculation_Info
   &GeometryIndex 1
   &ListStatus       OUT
   &MULT [&Type "Integer"] 1
   &CHARGE [&Type "Integer"] -2
   &NUMOFATOMS [&Type "Integer"] 24
   &NUMOFELECTRONS [&Type "Integer"] 118
   &NUMOFFCELECTRONS [&Type "Integer"] 1
   &NUMOFCORRELECTRONS [&Type "Integer"] 0
   &NUMOFBASISFUNCTS [&Type "Integer"] 264
   &NUMOFAUXCBASISFUNCTS [&Type "Integer"] 0
   &NUMOFAUXJBASISFUNCTS [&Type "Integer"] 872
   &NUMOFAUXJKBASISFUNCTS [&Type "Integer"] 0
   &NUMOFCABSBASISFUNCTS [&Type "Integer"] 0
   &TOTALENERGY [&Type "Double"]      -8.3617711629609812e+02  "Hartrees"
$End
$SCF_Dipole_Moment
   &GeometryIndex 1
   &ListStatus       OUT
   &METHOD [&Type "String"] "SCF"
   &LEVEL [&Type "String"] "Relaxed density"
   &MULT [&Type "Integer"] 1
   &STATE [&Type "Integer"] -1
   &IRREP [&Type "Integer"] 0
   &NATOMS [&Type "Integer"] 24
   &DODIPOLEATOM [&Type "Boolean"] false
   &DIPOLEELECCONTRIB [&Type "ArrayOfDoubles", &Dim (3,1)] "Electronic contribution"
                                                         0

0                                      2.5620712216235484e+00
1                                      8.8998621012836110e-01
2                                      2.0889419788416994e+00
   &DIPOLENUCCONTRIB [&Type "ArrayOfDoubles", &Dim (3,1)] "Nuclear contribution"
                                                         0

0                                     -4.5029800907650497e+00
1                                     -2.5575350907818901e+00
2                                     -2.5626955382645207e+00
   &DIPOLETOTAL [&Type "ArrayOfDoubles", &Dim (3,1)] "Total"
                                                         0

0                                     -1.9409088691415013e+00
1                                     -1.6675488806535290e+00
2                                     -4.7375355942282127e-01
   &DIPOLEMAGNITUDE [&Type "Double", &Units "a.u."]       2.6023621851592393e+00
$End
