*************************************************
******************* ORCA 6.0.1 ******************
*************************************************
$Calculation_Status
   &GeometryIndex 1
   &ListStatus       OUT
   &VERSION [&Type "String"] "6.0.1"
   &PROGNAME [&Type "String"] "LeanSCF"
   &STATUS [&Type "String"] "NORMAL TERMINATION"
$End
$Geometry
   &GeometryIndex 1
   &ListStatus       OUT
   &NATOMS [&Type "Integer"] 24
   &NCORELESSECP [&Type "Integer"] 0
   &NGHOSTATOMS [&Type "Integer"] 0
   &CartesianCoordinates [&Type "Coordinates", &Dim(24,4), &Units "Bohr"] 
              C     82.048129282593   35.778184893531   65.427987934755
              H     83.193303319749   34.266403986394   64.583280352893
              H     83.225428664026   37.325870597213   66.104509890699
              C     80.840594283017   34.799306756160   67.788255876023
              C     80.311470965519   36.662576724206   70.025691618586
              O     81.339481982372   38.803636433939   69.980338191372
              O     78.907404448016   35.814089690076   71.726445139115
              O     80.319029870055   32.578878548802   68.041479177969
              C     76.101161139143   34.285301247733   64.207224852242
              H     74.927641209978   32.595886084008   64.057936487663
              C     78.297022906759   34.455376599786   62.982682317461
              H     79.030236646721   32.903911443837   61.843177458707
              C     80.063916841976   36.660686998072   63.351178913576
              C     78.676857859677   38.951035072385   64.301711158938
              H     79.606603117567   40.767061887083   64.022031691118
              C     76.462098830722   38.797967255537   65.497907801711
              H     75.558809738707   40.489272145397   66.270805790484
              C     75.080709026825   36.339433555306   65.890970837566
              H     75.330152876503   35.761177358326   67.892190813389
              O     72.478556140416   36.715489055956   65.382634507541
              H     71.412750600884   35.927473258111   66.735678419429
              C     81.501998429890   37.220045933713   60.818945894122
              O     82.752997130546   35.453151998497   59.870303374893
              O     81.430188836801   39.425356331999   59.917546528241
$End
$SCF_Energy
   &GeometryIndex 1
   &ListStatus       OUT
   &SCF_ENERGY [&Type "Double"]      -8.3611812051071252e+02
$End
$DFT_Energy
   &GeometryIndex 1
   &ListStatus       OUT
   &NALPHAEL [&Type "Integer"] 59
   &NBETAEL [&Type "Integer"] 59
   &NTOTALEL [&Type "Integer"] 118
   &EEXCHANGE [&Type "Double"]      -8.3138874153158838e+01
   &ECORR [&Type "Double"]      -4.8462352610975525e+00
   &ECNL [&Type "Double"]       0.0000000000000000e+00
   &EXC [&Type "Double"]      -8.7985109414256385e+01
   &EEMBED [&Type "Double"]       0.0000000000000000e+00
   &FINALEN [&Type "Double"]      -8.3611812051071252e+02  "No Van der Waals correction"
$End
$Mulliken_Population_Analysis
   &GeometryIndex 1
   &ListStatus       OUT
   &NATOMS [&Type "Integer"] 24
   &ATNO [&Type "ArrayOfIntegers", &Dim (24,1)] 
                                                         0

0                                                        6
1                                                        1
2                                                        1
3                                                        6
4                                                        6
5                                                        8
6                                                        8
7                                                        8
8                                                        6
9                                                        1
10                                                       6
11                                                       1
12                                                       6
13                                                       6
14                                                       1
15                                                       6
16                                                       1
17                                                       6
18                                                       1
19                                                       8
20                                                       1
21                                                       6
22                                                       8
23                                                       8
   &ATOMICCHARGES [&Type "ArrayOfDoubles", &Dim (24,1)] 
                                                         0

0                                      2.5759138814512905e-01
1                                     -4.9009991397827912e-02
2                                     -3.2777224627722035e-02
3                                     -8.4795319655970758e-02
4                                      7.6481319666937608e-02
5                                     -3.9901904938389698e-01
6                                     -4.0718005734203544e-01
7                                     -2.5012694259254253e-01
8                                     -6.4017583593150462e-02
9                                     -9.5475138817596061e-02
10                                     5.4823145221110536e-02
11                                    -5.4184851184630789e-02
12                                    -2.1242813690970586e-01
13                                     1.0215607624792877e-01
14                                    -4.8281214924009941e-02
15                                    -7.2619664657814553e-02
16                                    -8.0841682268731674e-02
17                                     2.9188524136237426e-01
18                                     1.0104132088819995e-02
19                                    -3.5587382797984723e-01
20                                     1.4085989901711926e-01
21                                     9.1154215817766726e-02
22                                    -4.1527535285761985e-01
23                                    -4.0314937937416850e-01
$End
$Loewdin_Population_Analysis
   &GeometryIndex 1
   &ListStatus       OUT
   &NATOMS [&Type "Integer"] 24
   &ATNO [&Type "ArrayOfIntegers", &Dim (24,1)] 
                                                         0

0                                                        6
1                                                        1
2                                                        1
3                                                        6
4                                                        6
5                                                        8
6                                                        8
7                                                        8
8                                                        6
9                                                        1
10                                                       6
11                                                       1
12                                                       6
13                                                       6
14                                                       1
15                                                       6
16                                                       1
17                                                       6
18                                                       1
19                                                       8
20                                                       1
21                                                       6
22                                                       8
23                                                       8
   &ATOMICCHARGES [&Type "ArrayOfDoubles", &Dim (24,1)] 
                                                         0

0                                     -3.4751874471078636e-02
1                                      9.4152166952127248e-03
2                                      1.5782661511340224e-02
3                                      3.0568106685236351e-02
4                                     -8.1884394980849429e-02
5                                     -3.6752619612854254e-01
6                                     -3.6859787721506621e-01
7                                     -1.8604234537945707e-01
8                                     -7.4754681189799221e-02
9                                     -9.5756941882445545e-03
10                                     3.7643231080046746e-03
11                                     8.9307061645551578e-03
12                                    -7.6420663411694179e-02
13                                     1.9086168589764974e-02
14                                     1.4162420322968772e-02
15                                    -7.4335103893738541e-02
16                                    -2.0172604188766208e-03
17                                     4.9188367389828791e-02
18                                     1.5082028637986467e-02
19                                    -1.7670412979520655e-01
20                                     7.2036312861700313e-02
21                                    -2.6102782299714633e-02
22                                    -3.7856665248732391e-01
23                                    -3.8073665610714613e-01
$End
$Mayer_Population_Analysis
   &GeometryIndex 1
   &ListStatus       OUT
   &NATOMS [&Type "Integer"] 24 "Total number of atoms"
   &BONDTHRESH [&Type "Double"]       1.0000000000000001e-01  "The threshold for printing"
   &NBONDORDERSPRINT [&Type "Integer"] 26 "The number of bond orders larger than threshold"
   &BONDORDERS [&Type "ArrayOfDoubles", &Dim (26,1)] "The bond orders"
                                                         0

0                                      8.8107055357637432e-01
1                                      8.9048252109896364e-01
2                                      9.7011518221240545e-01
3                                      9.9690064845320825e-01
4                                      7.9528962170500805e-01
5                                      2.0916095680420348e+00
6                                      1.8218203141329536e+00
7                                      1.8339511612527764e+00
8                                      1.3819459959655420e-01
9                                      9.5389371922645261e-01
10                                     1.8712302510827943e+00
11                                     9.7150178598652426e-01
12                                     9.6146084448986924e-01
13                                     9.8358458235257595e-01
14                                     9.7288022090789439e-01
15                                     7.7813058947464564e-01
16                                     9.5857076649202788e-01
17                                     1.8645690176288425e+00
18                                     9.5771126252617067e-01
19                                     9.8284360189589326e-01
20                                     8.6541875401479929e-01
21                                     9.7501084746831090e-01
22                                     9.7685687959942202e-01
23                                     1.8327142721293155e+00
24                                     1.9009771514620488e+00
25                                     1.1284653730908181e-01
   &COMPONENTS [&Type "ArrayOfIntegers", &Dim (26,4)] "The indices and atomic numbers of the bonding atoms"
                                                         0                           1                           2                           3

0                                                        0                           6                           1                           1
1                                                        0                           6                           2                           1
2                                                        0                           6                           3                           6
3                                                        0                           6                          12                           6
4                                                        3                           6                           4                           6
5                                                        3                           6                           7                           8
6                                                        4                           6                           5                           8
7                                                        4                           6                           6                           8
8                                                        5                           8                           6                           8
9                                                        8                           6                           9                           1
10                                                       8                           6                          10                           6
11                                                       8                           6                          17                           6
12                                                      10                           6                          11                           1
13                                                      10                           6                          12                           6
14                                                      12                           6                          13                           6
15                                                      12                           6                          21                           6
16                                                      13                           6                          14                           1
17                                                      13                           6                          15                           6
18                                                      15                           6                          16                           1
19                                                      15                           6                          17                           6
20                                                      17                           6                          18                           1
21                                                      17                           6                          19                           8
22                                                      19                           8                          20                           1
23                                                      21                           6                          22                           8
24                                                      21                           6                          23                           8
25                                                      22                           8                          23                           8
   &ATNO [&Type "ArrayOfIntegers", &Dim (24,1)] "Atomic number of the elements"
                                                         0

0                                                        6
1                                                        1
2                                                        1
3                                                        6
4                                                        6
5                                                        8
6                                                        8
7                                                        8
8                                                        6
9                                                        1
10                                                       6
11                                                       1
12                                                       6
13                                                       6
14                                                       1
15                                                       6
16                                                       1
17                                                       6
18                                                       1
19                                                       8
20                                                       1
21                                                       6
22                                                       8
23                                                       8
   &NA [&Type "ArrayOfDoubles", &Dim (24,1)] "Mulliken gross atomic population"
                                                         0

0                                      5.7424086118548701e+00
1                                      1.0490099913978279e+00
2                                      1.0327772246277225e+00
3                                      6.0847953196559743e+00
4                                      5.9235186803330642e+00
5                                      8.3990190493838952e+00
6                                      8.4071800573420337e+00
7                                      8.2501269425925425e+00
8                                      6.0640175835931514e+00
9                                      1.0954751388175956e+00
10                                     5.9451768547788904e+00
11                                     1.0541848511846303e+00
12                                     6.2124281369097032e+00
13                                     5.8978439237520721e+00
14                                     1.0482812149240093e+00
15                                     6.0726196646578128e+00
16                                     1.0808416822687317e+00
17                                     5.7081147586376231e+00
18                                     9.8989586791118001e-01
19                                     8.3558738279798526e+00
20                                     8.5914010098288074e-01
21                                     5.9088457841822342e+00
22                                     8.4152753528576199e+00
23                                     8.4031493793741738e+00
   &ZA [&Type "ArrayOfDoubles", &Dim (24,1)] "Total nuclear charge"
                                                         0

0                                      6.0000000000000000e+00
1                                      1.0000000000000000e+00
2                                      1.0000000000000000e+00
3                                      6.0000000000000000e+00
4                                      6.0000000000000000e+00
5                                      8.0000000000000000e+00
6                                      8.0000000000000000e+00
7                                      8.0000000000000000e+00
8                                      6.0000000000000000e+00
9                                      1.0000000000000000e+00
10                                     6.0000000000000000e+00
11                                     1.0000000000000000e+00
12                                     6.0000000000000000e+00
13                                     6.0000000000000000e+00
14                                     1.0000000000000000e+00
15                                     6.0000000000000000e+00
16                                     1.0000000000000000e+00
17                                     6.0000000000000000e+00
18                                     1.0000000000000000e+00
19                                     8.0000000000000000e+00
20                                     1.0000000000000000e+00
21                                     6.0000000000000000e+00
22                                     8.0000000000000000e+00
23                                     8.0000000000000000e+00
   &QA [&Type "ArrayOfDoubles", &Dim (24,1)] "Mulliken gross atomic charge"
                                                         0

0                                      2.5759138814512994e-01
1                                     -4.9009991397827912e-02
2                                     -3.2777224627722479e-02
3                                     -8.4795319655974311e-02
4                                      7.6481319666935832e-02
5                                     -3.9901904938389521e-01
6                                     -4.0718005734203366e-01
7                                     -2.5012694259254253e-01
8                                     -6.4017583593151350e-02
9                                     -9.5475138817595617e-02
10                                     5.4823145221109648e-02
11                                    -5.4184851184630345e-02
12                                    -2.1242813690970319e-01
13                                     1.0215607624792788e-01
14                                    -4.8281214924009275e-02
15                                    -7.2619664657812777e-02
16                                    -8.0841682268731674e-02
17                                     2.9188524136237692e-01
18                                     1.0104132088819995e-02
19                                    -3.5587382797985256e-01
20                                     1.4085989901711926e-01
21                                     9.1154215817765838e-02
22                                    -4.1527535285761985e-01
23                                    -4.0314937937417383e-01
   &VA [&Type "ArrayOfDoubles", &Dim (24,1)] "Mayer's total valence"
                                                         0

0                                      3.7137870241383673e+00
1                                      1.0453840363911495e+00
2                                      1.0452286417805361e+00
3                                      3.9968006200562298e+00
4                                      4.4528252534970809e+00
5                                      2.0897006958578439e+00
6                                      2.0700689726964256e+00
7                                      2.2023332960773461e+00
8                                      3.9093066704715964e+00
9                                      9.8261697774873291e-01
10                                     3.9020488876746908e+00
11                                     1.0261135146363345e+00
12                                     3.7273503600866968e+00
13                                     3.9114547262067476e+00
14                                     1.0312663814980629e+00
15                                     3.9092574330189267e+00
16                                     9.8652353940660975e-01
17                                     3.7934433147992253e+00
18                                     1.0342893922795466e+00
19                                     1.9990998508069171e+00
20                                     1.0222955483307068e+00
21                                     4.5366089004577317e+00
22                                     2.0591492059248901e+00
23                                     2.0975847266635488e+00
   &BVA [&Type "ArrayOfDoubles", &Dim (24,1)] "Mayer's bonded valence"
                                                         0

0                                      3.7137870241383872e+00
1                                      1.0453840363911524e+00
2                                      1.0452286417805396e+00
3                                      3.9968006200562485e+00
4                                      4.4528252534970889e+00
5                                      2.0897006958578679e+00
6                                      2.0700689726964363e+00
7                                      2.2023332960773843e+00
8                                      3.9093066704716013e+00
9                                      9.8261697774872925e-01
10                                     3.9020488876747024e+00
11                                     1.0261135146363400e+00
12                                     3.7273503600866942e+00
13                                     3.9114547262067627e+00
14                                     1.0312663814980565e+00
15                                     3.9092574330189214e+00
16                                     9.8652353940660287e-01
17                                     3.7934433147992364e+00
18                                     1.0342893922795466e+00
19                                     1.9990998508069371e+00
20                                     1.0222955483307077e+00
21                                     4.5366089004577379e+00
22                                     2.0591492059248964e+00
23                                     2.0975847266635821e+00
   &FA [&Type "ArrayOfDoubles", &Dim (24,1)] "Mayer's free valence"
                                                         0

0                                      0.0000000000000000e+00
1                                      0.0000000000000000e+00
2                                      0.0000000000000000e+00
3                                      0.0000000000000000e+00
4                                      0.0000000000000000e+00
5                                      0.0000000000000000e+00
6                                      0.0000000000000000e+00
7                                      0.0000000000000000e+00
8                                      0.0000000000000000e+00
9                                      0.0000000000000000e+00
10                                     0.0000000000000000e+00
11                                     0.0000000000000000e+00
12                                     0.0000000000000000e+00
13                                     0.0000000000000000e+00
14                                     0.0000000000000000e+00
15                                     0.0000000000000000e+00
16                                     0.0000000000000000e+00
17                                     0.0000000000000000e+00
18                                     0.0000000000000000e+00
19                                     0.0000000000000000e+00
20                                     0.0000000000000000e+00
21                                     0.0000000000000000e+00
22                                     0.0000000000000000e+00
23                                     0.0000000000000000e+00
$End
$VdW_Correction
   &GeometryIndex 1
   &ListStatus       OUT
   &VDW [&Type "Double"]      -5.4435884196043061e-02
$End
$Calculation_Info
   &GeometryIndex 1
   &ListStatus       OUT
   &MULT [&Type "Integer"] 1
   &CHARGE [&Type "Integer"] -2
   &NUMOFATOMS [&Type "Integer"] 24
   &NUMOFELECTRONS [&Type "Integer"] 118
   &NUMOFFCELECTRONS [&Type "Integer"] 1
   &NUMOFCORRELECTRONS [&Type "Integer"] 0
   &NUMOFBASISFUNCTS [&Type "Integer"] 264
   &NUMOFAUXCBASISFUNCTS [&Type "Integer"] 0
   &NUMOFAUXJBASISFUNCTS [&Type "Integer"] 872
   &NUMOFAUXJKBASISFUNCTS [&Type "Integer"] 0
   &NUMOFCABSBASISFUNCTS [&Type "Integer"] 0
   &TOTALENERGY [&Type "Double"]      -8.3617255639490861e+02  "Hartrees"
$End
$SCF_Dipole_Moment
   &GeometryIndex 1
   &ListStatus       OUT
   &METHOD [&Type "String"] "SCF"
   &LEVEL [&Type "String"] "Relaxed density"
   &MULT [&Type "Integer"] 1
   &STATE [&Type "Integer"] -1
   &IRREP [&Type "Integer"] 0
   &NATOMS [&Type "Integer"] 24
   &DODIPOLEATOM [&Type "Boolean"] false
   &DIPOLEELECCONTRIB [&Type "ArrayOfDoubles", &Dim (3,1)] "Electronic contribution"
                                                         0

0                                      3.0316438140245006e+00
1                                     -2.5204365649567911e-01
2                                      9.6321340597171778e-01
   &DIPOLENUCCONTRIB [&Type "ArrayOfDoubles", &Dim (3,1)] "Nuclear contribution"
                                                         0

0                                     -5.4154350053197362e+00
1                                     -6.5453046279342431e-01
2                                     -7.1307639853638705e-01
   &DIPOLETOTAL [&Type "ArrayOfDoubles", &Dim (3,1)] "Total"
                                                         0

0                                     -2.3837911912952356e+00
1                                     -9.0657411928910347e-01
2                                      2.5013700743533074e-01
   &DIPOLEMAGNITUDE [&Type "Double", &Units "a.u."]       2.5625974322843366e+00
$End
