*************************************************
******************* ORCA 6.0.1 ******************
*************************************************
$Calculation_Status
   &GeometryIndex 1
   &ListStatus       OUT
   &VERSION [&Type "String"] "6.0.1"
   &PROGNAME [&Type "String"] "LeanSCF"
   &STATUS [&Type "String"] "NORMAL TERMINATION"
$End
$Geometry
   &GeometryIndex 1
   &ListStatus       OUT
   &NATOMS [&Type "Integer"] 24
   &NCORELESSECP [&Type "Integer"] 0
   &NGHOSTATOMS [&Type "Integer"] 0
   &CartesianCoordinates [&Type "Coordinates", &Dim(24,4), &Units "Bohr"] 
              C     76.928861185800   27.858342666267   84.880828757341
              H     78.225213313670   27.060878237752   83.493769775043
              H     77.507117382780   29.528860568653   85.933406213935
              C     74.642292563756   26.868126172092   85.313576042009
              C     72.871619176271   27.992513221776   87.286450125823
              O     73.366727423359   30.192154441660   88.025333044186
              O     71.070710170644   26.658366571227   88.066907019132
              O     73.820261695500   24.727066462360   84.060687615219
              C     72.501232854023   25.038871274457   81.598374462720
              H     72.032580772810   23.092453356518   81.057912788418
              C     74.330487751659   26.218060382023   79.797465457093
              H     75.798804957715   25.052099357394   78.937640066159
              C     74.392848714078   28.746513949210   79.496999001799
              C     72.435092439336   30.330104449436   80.659180574161
              H     72.699654098084   32.367229221803   80.525010018652
              C     70.426313558977   29.320990693922   81.840259407862
              H     68.992011423331   30.532305145766   82.701974524930
              C     69.999235452711   26.503409028246   81.921517631620
              H     69.249014177544   25.991293245953   83.790456778068
              O     68.275805218575   25.811769263230   79.978879165949
              H     66.756465406902   24.974620585903   80.732879893384
              C     76.566033768087   30.040976350946   78.128837280840
              O     78.291353728357   28.712498878800   77.159407774139
              O     76.499893353400   32.410692922883   78.094822210430
$End
$SCF_Energy
   &GeometryIndex 1
   &ListStatus       OUT
   &SCF_ENERGY [&Type "Double"]      -8.3609018454887223e+02
$End
$DFT_Energy
   &GeometryIndex 1
   &ListStatus       OUT
   &NALPHAEL [&Type "Integer"] 59
   &NBETAEL [&Type "Integer"] 59
   &NTOTALEL [&Type "Integer"] 118
   &EEXCHANGE [&Type "Double"]      -8.3125240762308010e+01
   &ECORR [&Type "Double"]      -4.8459307507476819e+00
   &ECNL [&Type "Double"]       0.0000000000000000e+00
   &EXC [&Type "Double"]      -8.7971171513055694e+01
   &EEMBED [&Type "Double"]       0.0000000000000000e+00
   &FINALEN [&Type "Double"]      -8.3609018454887223e+02  "No Van der Waals correction"
$End
$Mulliken_Population_Analysis
   &GeometryIndex 1
   &ListStatus       OUT
   &NATOMS [&Type "Integer"] 24
   &ATNO [&Type "ArrayOfIntegers", &Dim (24,1)] 
                                                         0

0                                                        6
1                                                        1
2                                                        1
3                                                        6
4                                                        6
5                                                        8
6                                                        8
7                                                        8
8                                                        6
9                                                        1
10                                                       6
11                                                       1
12                                                       6
13                                                       6
14                                                       1
15                                                       6
16                                                       1
17                                                       6
18                                                       1
19                                                       8
20                                                       1
21                                                       6
22                                                       8
23                                                       8
   &ATOMICCHARGES [&Type "ArrayOfDoubles", &Dim (24,1)] 
                                                         0

0                                      1.0296808613968089e-02
1                                     -2.9010882656444581e-02
2                                     -2.9952496856859412e-02
3                                      1.4375978119471888e-02
4                                      8.5971779227219436e-02
5                                     -4.0967124054167137e-01
6                                     -4.2342082261330560e-01
7                                     -3.7810215658225488e-01
8                                      2.6858869885459402e-01
9                                     -8.6674718111199756e-02
10                                    -7.9916695951224526e-02
11                                    -6.5456798480322265e-02
12                                    -3.3300315786433110e-02
13                                     5.2818841919211046e-02
14                                    -5.5502079669570659e-02
15                                    -1.3980150650810153e-02
16                                    -6.8316988844316251e-02
17                                     1.9945060723542074e-01
18                                    -1.5071341639269598e-02
19                                    -3.3481102084819803e-01
20                                     1.4275441308778847e-01
21                                     7.2191240164040771e-02
22                                    -4.2073762219408550e-01
23                                    -4.0252303579573301e-01
$End
$Loewdin_Population_Analysis
   &GeometryIndex 1
   &ListStatus       OUT
   &NATOMS [&Type "Integer"] 24
   &ATNO [&Type "ArrayOfIntegers", &Dim (24,1)] 
                                                         0

0                                                        6
1                                                        1
2                                                        1
3                                                        6
4                                                        6
5                                                        8
6                                                        8
7                                                        8
8                                                        6
9                                                        1
10                                                       6
11                                                       1
12                                                       6
13                                                       6
14                                                       1
15                                                       6
16                                                       1
17                                                       6
18                                                       1
19                                                       8
20                                                       1
21                                                       6
22                                                       8
23                                                       8
   &ATOMICCHARGES [&Type "ArrayOfDoubles", &Dim (24,1)] 
                                                         0

0                                     -9.8922018915726717e-02
1                                      3.4275046517162622e-03
2                                      9.9017184922395307e-03
3                                     -4.8367992383324676e-03
4                                     -6.1890257687332806e-02
5                                     -3.7776058748293373e-01
6                                     -3.8687677890611916e-01
7                                     -1.6274372742322996e-01
8                                      8.4980888334839300e-02
9                                     -5.2860878864133820e-03
10                                    -4.9740571932467503e-02
11                                     1.5786643798804123e-03
12                                    -5.5435049974603245e-02
13                                    -2.2082751853327309e-03
14                                     1.3268587458701853e-02
15                                    -5.5143273469878018e-02
16                                     5.7730282396761812e-04
17                                     4.4492410190689391e-02
18                                     8.2670714839960802e-03
19                                    -1.6953621439012068e-01
20                                     7.3262418167465593e-02
21                                    -4.3029813599711808e-02
22                                    -3.9414922298390209e-01
23                                    -3.7219788690735456e-01
$End
$Mayer_Population_Analysis
   &GeometryIndex 1
   &ListStatus       OUT
   &NATOMS [&Type "Integer"] 24 "Total number of atoms"
   &BONDTHRESH [&Type "Double"]       1.0000000000000001e-01  "The threshold for printing"
   &NBONDORDERSPRINT [&Type "Integer"] 26 "The number of bond orders larger than threshold"
   &BONDORDERS [&Type "ArrayOfDoubles", &Dim (26,1)] "The bond orders"
                                                         0

0                                      9.1481099073679462e-01
1                                      9.0718520527525481e-01
2                                      1.9627637343505782e+00
3                                      8.3266321080763395e-01
4                                      1.0380631906190287e+00
5                                      1.8805478338480284e+00
6                                      1.7925549612469482e+00
7                                      1.2090591238840176e-01
8                                      9.3847686048272094e-01
9                                      8.9308246134204083e-01
10                                     9.7527422670710873e-01
11                                     9.6862841894750729e-01
12                                     9.3617673990989358e-01
13                                     1.7727009829727229e+00
14                                     1.0989069852363307e+00
15                                     8.3430732234898031e-01
16                                     9.6227606240730068e-01
17                                     1.7664940098117126e+00
18                                     9.5380722414770458e-01
19                                     9.6606934172312542e-01
20                                     8.9309945784721501e-01
21                                     1.0214962195379638e+00
22                                     9.7873017979556909e-01
23                                     1.8789384294733846e+00
24                                     1.8642739633645280e+00
25                                     1.2378723875161513e-01
   &COMPONENTS [&Type "ArrayOfIntegers", &Dim (26,4)] "The indices and atomic numbers of the bonding atoms"
                                                         0                           1                           2                           3

0                                                        0                           6                           1                           1
1                                                        0                           6                           2                           1
2                                                        0                           6                           3                           6
3                                                        3                           6                           4                           6
4                                                        3                           6                           7                           8
5                                                        4                           6                           5                           8
6                                                        4                           6                           6                           8
7                                                        5                           8                           6                           8
8                                                        7                           8                           8                           6
9                                                        8                           6                           9                           1
10                                                       8                           6                          10                           6
11                                                       8                           6                          17                           6
12                                                      10                           6                          11                           1
13                                                      10                           6                          12                           6
14                                                      12                           6                          13                           6
15                                                      12                           6                          21                           6
16                                                      13                           6                          14                           1
17                                                      13                           6                          15                           6
18                                                      15                           6                          16                           1
19                                                      15                           6                          17                           6
20                                                      17                           6                          18                           1
21                                                      17                           6                          19                           8
22                                                      19                           8                          20                           1
23                                                      21                           6                          22                           8
24                                                      21                           6                          23                           8
25                                                      22                           8                          23                           8
   &ATNO [&Type "ArrayOfIntegers", &Dim (24,1)] "Atomic number of the elements"
                                                         0

0                                                        6
1                                                        1
2                                                        1
3                                                        6
4                                                        6
5                                                        8
6                                                        8
7                                                        8
8                                                        6
9                                                        1
10                                                       6
11                                                       1
12                                                       6
13                                                       6
14                                                       1
15                                                       6
16                                                       1
17                                                       6
18                                                       1
19                                                       8
20                                                       1
21                                                       6
22                                                       8
23                                                       8
   &NA [&Type "ArrayOfDoubles", &Dim (24,1)] "Mulliken gross atomic population"
                                                         0

0                                      5.9897031913860346e+00
1                                      1.0290108826564448e+00
2                                      1.0299524968568587e+00
3                                      5.9856240218805263e+00
4                                      5.9140282207727761e+00
5                                      8.4096712405416678e+00
6                                      8.4234208226133056e+00
7                                      8.3781021565822531e+00
8                                      5.7314113011454078e+00
9                                      1.0866747181112002e+00
10                                     6.0799166959512236e+00
11                                     1.0654567984803229e+00
12                                     6.0333003157864349e+00
13                                     5.9471811580807925e+00
14                                     1.0555020796695700e+00
15                                     6.0139801506508110e+00
16                                     1.0683169888443163e+00
17                                     5.8005493927645801e+00
18                                     1.0150713416392692e+00
19                                     8.3348110208481980e+00
20                                     8.5724558691221164e-01
21                                     5.9278087598359583e+00
22                                     8.4207376221940855e+00
23                                     8.4025230357957312e+00
   &ZA [&Type "ArrayOfDoubles", &Dim (24,1)] "Total nuclear charge"
                                                         0

0                                      6.0000000000000000e+00
1                                      1.0000000000000000e+00
2                                      1.0000000000000000e+00
3                                      6.0000000000000000e+00
4                                      6.0000000000000000e+00
5                                      8.0000000000000000e+00
6                                      8.0000000000000000e+00
7                                      8.0000000000000000e+00
8                                      6.0000000000000000e+00
9                                      1.0000000000000000e+00
10                                     6.0000000000000000e+00
11                                     1.0000000000000000e+00
12                                     6.0000000000000000e+00
13                                     6.0000000000000000e+00
14                                     1.0000000000000000e+00
15                                     6.0000000000000000e+00
16                                     1.0000000000000000e+00
17                                     6.0000000000000000e+00
18                                     1.0000000000000000e+00
19                                     8.0000000000000000e+00
20                                     1.0000000000000000e+00
21                                     6.0000000000000000e+00
22                                     8.0000000000000000e+00
23                                     8.0000000000000000e+00
   &QA [&Type "ArrayOfDoubles", &Dim (24,1)] "Mulliken gross atomic charge"
                                                         0

0                                      1.0296808613965425e-02
1                                     -2.9010882656444803e-02
2                                     -2.9952496856858746e-02
3                                      1.4375978119473665e-02
4                                      8.5971779227223877e-02
5                                     -4.0967124054166781e-01
6                                     -4.2342082261330560e-01
7                                     -3.7810215658225310e-01
8                                      2.6858869885459224e-01
9                                     -8.6674718111200200e-02
10                                    -7.9916695951223637e-02
11                                    -6.5456798480322931e-02
12                                    -3.3300315786434886e-02
13                                     5.2818841919207493e-02
14                                    -5.5502079669569993e-02
15                                    -1.3980150650811041e-02
16                                    -6.8316988844316251e-02
17                                     1.9945060723541985e-01
18                                    -1.5071341639269153e-02
19                                    -3.3481102084819803e-01
20                                     1.4275441308778836e-01
21                                     7.2191240164041659e-02
22                                    -4.2073762219408550e-01
23                                    -4.0252303579573123e-01
   &VA [&Type "ArrayOfDoubles", &Dim (24,1)] "Mayer's total valence"
                                                         0

0                                      3.8909283420357159e+00
1                                      9.9289139140589255e-01
2                                      1.0213186229427154e+00
3                                      3.9426449831211192e+00
4                                      4.5094195893049971e+00
5                                      2.0871307732607409e+00
6                                      2.0480623389863419e+00
7                                      2.0839531161427916e+00
8                                      3.8403803749350445e+00
9                                      9.9355411549487249e-01
10                                     3.8651421095231941e+00
11                                     1.0325966314108395e+00
12                                     3.7229199788926626e+00
13                                     3.9185372073414166e+00
14                                     1.0378757606882885e+00
15                                     3.8103907096555978e+00
16                                     9.8102464729691019e-01
17                                     3.8922002526560315e+00
18                                     1.0664106696466999e+00
19                                     2.0200033447777819e+00
20                                     1.0212919604470441e+00
21                                     4.5638220256782356e+00
22                                     2.0779662539558359e+00
23                                     2.0923608332053210e+00
   &BVA [&Type "ArrayOfDoubles", &Dim (24,1)] "Mayer's bonded valence"
                                                         0

0                                      3.8909283420357168e+00
1                                      9.9289139140589266e-01
2                                      1.0213186229427196e+00
3                                      3.9426449831211281e+00
4                                      4.5094195893050353e+00
5                                      2.0871307732607232e+00
6                                      2.0480623389863091e+00
7                                      2.0839531161428066e+00
8                                      3.8403803749350427e+00
9                                      9.9355411549487294e-01
10                                     3.8651421095232044e+00
11                                     1.0325966314108364e+00
12                                     3.7229199788926861e+00
13                                     3.9185372073413749e+00
14                                     1.0378757606882938e+00
15                                     3.8103907096555880e+00
16                                     9.8102464729690364e-01
17                                     3.8922002526560107e+00
18                                     1.0664106696466946e+00
19                                     2.0200033447777646e+00
20                                     1.0212919604470458e+00
21                                     4.5638220256782258e+00
22                                     2.0779662539558590e+00
23                                     2.0923608332053103e+00
   &FA [&Type "ArrayOfDoubles", &Dim (24,1)] "Mayer's free valence"
                                                         0

0                                      0.0000000000000000e+00
1                                      0.0000000000000000e+00
2                                      0.0000000000000000e+00
3                                      0.0000000000000000e+00
4                                      0.0000000000000000e+00
5                                      0.0000000000000000e+00
6                                      0.0000000000000000e+00
7                                      0.0000000000000000e+00
8                                      0.0000000000000000e+00
9                                      0.0000000000000000e+00
10                                     0.0000000000000000e+00
11                                     0.0000000000000000e+00
12                                     0.0000000000000000e+00
13                                     0.0000000000000000e+00
14                                     0.0000000000000000e+00
15                                     0.0000000000000000e+00
16                                     0.0000000000000000e+00
17                                     0.0000000000000000e+00
18                                     0.0000000000000000e+00
19                                     0.0000000000000000e+00
20                                     0.0000000000000000e+00
21                                     0.0000000000000000e+00
22                                     0.0000000000000000e+00
23                                     0.0000000000000000e+00
$End
$VdW_Correction
   &GeometryIndex 1
   &ListStatus       OUT
   &VDW [&Type "Double"]      -5.3116283945573592e-02
$End
$Calculation_Info
   &GeometryIndex 1
   &ListStatus       OUT
   &MULT [&Type "Integer"] 1
   &CHARGE [&Type "Integer"] -2
   &NUMOFATOMS [&Type "Integer"] 24
   &NUMOFELECTRONS [&Type "Integer"] 118
   &NUMOFFCELECTRONS [&Type "Integer"] 1
   &NUMOFCORRELECTRONS [&Type "Integer"] 0
   &NUMOFBASISFUNCTS [&Type "Integer"] 264
   &NUMOFAUXCBASISFUNCTS [&Type "Integer"] 0
   &NUMOFAUXJBASISFUNCTS [&Type "Integer"] 872
   &NUMOFAUXJKBASISFUNCTS [&Type "Integer"] 0
   &NUMOFCABSBASISFUNCTS [&Type "Integer"] 0
   &TOTALENERGY [&Type "Double"]      -8.3614330083281777e+02  "Hartrees"
$End
$SCF_Dipole_Moment
   &GeometryIndex 1
   &ListStatus       OUT
   &METHOD [&Type "String"] "SCF"
   &LEVEL [&Type "String"] "Relaxed density"
   &MULT [&Type "Integer"] 1
   &STATE [&Type "Integer"] -1
   &IRREP [&Type "Integer"] 0
   &NATOMS [&Type "Integer"] 24
   &DODIPOLEATOM [&Type "Boolean"] false
   &DIPOLEELECCONTRIB [&Type "ArrayOfDoubles", &Dim (3,1)] "Electronic contribution"
                                                         0

0                                      9.2432602147144738e-01
1                                      2.8335559458783355e-01
2                                     -4.9393073039804711e-02
   &DIPOLENUCCONTRIB [&Type "ArrayOfDoubles", &Dim (3,1)] "Nuclear contribution"
                                                         0

0                                     -3.3347900174544520e+00
1                                     -2.4934347926236953e+00
2                                     -5.8233025931328086e-01
   &DIPOLETOTAL [&Type "ArrayOfDoubles", &Dim (3,1)] "Total"
                                                         0

0                                     -2.4104639959830045e+00
1                                     -2.2100791980358618e+00
2                                     -6.3172333235308553e-01
   &DIPOLEMAGNITUDE [&Type "Double", &Units "a.u."]       3.3307448275363991e+00
$End
