*************************************************
******************* ORCA 6.0.1 ******************
*************************************************
$Calculation_Status
   &GeometryIndex 1
   &ListStatus       OUT
   &VERSION [&Type "String"] "6.0.1"
   &PROGNAME [&Type "String"] "LeanSCF"
   &STATUS [&Type "String"] "NORMAL TERMINATION"
$End
$Geometry
   &GeometryIndex 1
   &ListStatus       OUT
   &NATOMS [&Type "Integer"] 24
   &NCORELESSECP [&Type "Integer"] 0
   &NGHOSTATOMS [&Type "Integer"] 0
   &CartesianCoordinates [&Type "Coordinates", &Dim(24,4), &Units "Bohr"] 
              C     86.128048005729   41.008946832225   69.855616266533
              H     87.717307684357   39.763617309971   69.371846376249
              H     86.823467223012   42.951585297896   70.035140249256
              C     84.994212325376   40.064083765264   72.272575991818
              C     84.072025972023   41.840426331150   74.434422689024
              O     84.746658201832   44.121325774793   74.415525427685
              O     82.747327952144   40.785959148422   76.072815247134
              O     84.695635596217   37.802081582961   72.552255459639
              C     80.765005237660   37.717043906934   68.532807972788
              H     79.956202452342   35.817869142343   68.457218927431
              C     82.991102623420   38.234828867629   67.449994898051
              H     84.077695150424   36.785408922911   66.469227034546
              C     84.174071183254   40.825643397235   67.578496275158
              C     82.161512850628   42.809855837852   67.982897667817
              H     82.643393014778   44.729817589916   67.393303114034
              C     79.937305191003   42.290181151024   69.067600468688
              H     78.544577030303   43.781175070688   69.413420351195
              C     79.238106521452   39.667241277141   69.950102573229
              H     79.744553125343   39.555747435240   71.989117071730
              O     76.609497469168   39.317641942366   69.681761462212
              H     76.046359081259   37.601770612765   70.356393692022
              C     85.884273334453   41.303744109117   65.186102989614
              O     87.324244648501   39.516063186427   64.581390626759
              O     85.784117849355   43.427796283644   64.159981698894
$End
$SCF_Energy
   &GeometryIndex 1
   &ListStatus       OUT
   &SCF_ENERGY [&Type "Double"]      -8.3611917331144934e+02
$End
$DFT_Energy
   &GeometryIndex 1
   &ListStatus       OUT
   &NALPHAEL [&Type "Integer"] 59
   &NBETAEL [&Type "Integer"] 59
   &NTOTALEL [&Type "Integer"] 118
   &EEXCHANGE [&Type "Double"]      -8.3124076423111745e+01
   &ECORR [&Type "Double"]      -4.8453740391140006e+00
   &ECNL [&Type "Double"]       0.0000000000000000e+00
   &EXC [&Type "Double"]      -8.7969450462225751e+01
   &EEMBED [&Type "Double"]       0.0000000000000000e+00
   &FINALEN [&Type "Double"]      -8.3611917331144934e+02  "No Van der Waals correction"
$End
$Mulliken_Population_Analysis
   &GeometryIndex 1
   &ListStatus       OUT
   &NATOMS [&Type "Integer"] 24
   &ATNO [&Type "ArrayOfIntegers", &Dim (24,1)] 
                                                         0

0                                                        6
1                                                        1
2                                                        1
3                                                        6
4                                                        6
5                                                        8
6                                                        8
7                                                        8
8                                                        6
9                                                        1
10                                                       6
11                                                       1
12                                                       6
13                                                       6
14                                                       1
15                                                       6
16                                                       1
17                                                       6
18                                                       1
19                                                       8
20                                                       1
21                                                       6
22                                                       8
23                                                       8
   &ATOMICCHARGES [&Type "ArrayOfDoubles", &Dim (24,1)] 
                                                         0

0                                      2.4567686556575552e-01
1                                     -4.0582350563197700e-02
2                                     -3.2427460415055398e-02
3                                     -6.1018865100834319e-02
4                                      6.0940865971400804e-02
5                                     -4.0460069114953967e-01
6                                     -4.0142926975963533e-01
7                                     -2.4667903531397783e-01
8                                     -8.7160284033476643e-02
9                                     -1.0105544156547563e-01
10                                     6.3726654194321775e-02
11                                    -5.2892253633149089e-02
12                                    -2.2532165032035500e-01
13                                     7.9863449974548750e-02
14                                    -4.3261320152051752e-02
15                                    -9.1496727760355334e-02
16                                    -7.0659915281326757e-02
17                                     3.1823725855633356e-01
18                                     2.1833615212594637e-02
19                                    -3.6532028591956411e-01
20                                     1.4925021922562332e-01
21                                     9.9462944552608512e-02
22                                    -4.2177327552335164e-01
23                                    -3.9331304676190371e-01
$End
$Loewdin_Population_Analysis
   &GeometryIndex 1
   &ListStatus       OUT
   &NATOMS [&Type "Integer"] 24
   &ATNO [&Type "ArrayOfIntegers", &Dim (24,1)] 
                                                         0

0                                                        6
1                                                        1
2                                                        1
3                                                        6
4                                                        6
5                                                        8
6                                                        8
7                                                        8
8                                                        6
9                                                        1
10                                                       6
11                                                       1
12                                                       6
13                                                       6
14                                                       1
15                                                       6
16                                                       1
17                                                       6
18                                                       1
19                                                       8
20                                                       1
21                                                       6
22                                                       8
23                                                       8
   &ATOMICCHARGES [&Type "ArrayOfDoubles", &Dim (24,1)] 
                                                         0

0                                     -3.0474675637345960e-02
1                                      1.5556499915123978e-02
2                                      1.4692893511800365e-02
3                                      2.8816955515636344e-02
4                                     -8.8339238956765875e-02
5                                     -3.7608703218816331e-01
6                                     -3.6408301244727603e-01
7                                     -1.7966024434977435e-01
8                                     -8.2562031891574961e-02
9                                     -1.3453203446294859e-02
10                                     4.4016815696314993e-03
11                                     8.3750811464725627e-03
12                                    -7.7947145848730415e-02
13                                     8.7983801095390390e-03
14                                     1.3484844095601245e-02
15                                    -6.9414508384189055e-02
16                                     2.6538252403607299e-04
17                                     4.5515693296344750e-02
18                                     1.9986372546481057e-02
19                                    -1.8462948128613910e-01
20                                     8.0866117437829788e-02
21                                    -2.3414912981778002e-02
22                                    -3.8287868306366235e-01
23                                    -3.6781573118688016e-01
$End
$Mayer_Population_Analysis
   &GeometryIndex 1
   &ListStatus       OUT
   &NATOMS [&Type "Integer"] 24 "Total number of atoms"
   &BONDTHRESH [&Type "Double"]       1.0000000000000001e-01  "The threshold for printing"
   &NBONDORDERSPRINT [&Type "Integer"] 26 "The number of bond orders larger than threshold"
   &BONDORDERS [&Type "ArrayOfDoubles", &Dim (26,1)] "The bond orders"
                                                         0

0                                      8.7933748383999455e-01
1                                      9.0897736579548627e-01
2                                      9.6450109320039901e-01
3                                      9.9628740237014846e-01
4                                      7.9598155858092778e-01
5                                      2.0694685938519504e+00
6                                      1.8574226309663571e+00
7                                      1.8352619103408645e+00
8                                      1.3857790133435982e-01
9                                      9.4535241441535678e-01
10                                     1.8662842407938858e+00
11                                     9.8427514810622951e-01
12                                     9.5796413052048335e-01
13                                     9.9079851528465879e-01
14                                     9.6970427284345417e-01
15                                     7.7842817644684148e-01
16                                     9.5803223533220405e-01
17                                     1.8679999481562866e+00
18                                     9.6076460889511894e-01
19                                     9.8113722163183481e-01
20                                     8.6092119253730248e-01
21                                     9.7499419839677803e-01
22                                     9.6562965590695982e-01
23                                     1.8128681505939981e+00
24                                     1.9088724690200087e+00
25                                     1.1581972894147034e-01
   &COMPONENTS [&Type "ArrayOfIntegers", &Dim (26,4)] "The indices and atomic numbers of the bonding atoms"
                                                         0                           1                           2                           3

0                                                        0                           6                           1                           1
1                                                        0                           6                           2                           1
2                                                        0                           6                           3                           6
3                                                        0                           6                          12                           6
4                                                        3                           6                           4                           6
5                                                        3                           6                           7                           8
6                                                        4                           6                           5                           8
7                                                        4                           6                           6                           8
8                                                        5                           8                           6                           8
9                                                        8                           6                           9                           1
10                                                       8                           6                          10                           6
11                                                       8                           6                          17                           6
12                                                      10                           6                          11                           1
13                                                      10                           6                          12                           6
14                                                      12                           6                          13                           6
15                                                      12                           6                          21                           6
16                                                      13                           6                          14                           1
17                                                      13                           6                          15                           6
18                                                      15                           6                          16                           1
19                                                      15                           6                          17                           6
20                                                      17                           6                          18                           1
21                                                      17                           6                          19                           8
22                                                      19                           8                          20                           1
23                                                      21                           6                          22                           8
24                                                      21                           6                          23                           8
25                                                      22                           8                          23                           8
   &ATNO [&Type "ArrayOfIntegers", &Dim (24,1)] "Atomic number of the elements"
                                                         0

0                                                        6
1                                                        1
2                                                        1
3                                                        6
4                                                        6
5                                                        8
6                                                        8
7                                                        8
8                                                        6
9                                                        1
10                                                       6
11                                                       1
12                                                       6
13                                                       6
14                                                       1
15                                                       6
16                                                       1
17                                                       6
18                                                       1
19                                                       8
20                                                       1
21                                                       6
22                                                       8
23                                                       8
   &NA [&Type "ArrayOfDoubles", &Dim (24,1)] "Mulliken gross atomic population"
                                                         0

0                                      5.7543231344342480e+00
1                                      1.0405823505631973e+00
2                                      1.0324274604150556e+00
3                                      6.0610188651008379e+00
4                                      5.9390591340285974e+00
5                                      8.4046006911495432e+00
6                                      8.4014292697596389e+00
7                                      8.2466790353139814e+00
8                                      6.0871602840334766e+00
9                                      1.1010554415654763e+00
10                                     5.9362733458056720e+00
11                                     1.0528922536331493e+00
12                                     6.2253216503203497e+00
13                                     5.9201365500254477e+00
14                                     1.0432613201520520e+00
15                                     6.0914967277603553e+00
16                                     1.0706599152813263e+00
17                                     5.6817627414436638e+00
18                                     9.7816638478740536e-01
19                                     8.3653202859195659e+00
20                                     8.5074978077437668e-01
21                                     5.9005370554473933e+00
22                                     8.4217732755233516e+00
23                                     8.3933130467619002e+00
   &ZA [&Type "ArrayOfDoubles", &Dim (24,1)] "Total nuclear charge"
                                                         0

0                                      6.0000000000000000e+00
1                                      1.0000000000000000e+00
2                                      1.0000000000000000e+00
3                                      6.0000000000000000e+00
4                                      6.0000000000000000e+00
5                                      8.0000000000000000e+00
6                                      8.0000000000000000e+00
7                                      8.0000000000000000e+00
8                                      6.0000000000000000e+00
9                                      1.0000000000000000e+00
10                                     6.0000000000000000e+00
11                                     1.0000000000000000e+00
12                                     6.0000000000000000e+00
13                                     6.0000000000000000e+00
14                                     1.0000000000000000e+00
15                                     6.0000000000000000e+00
16                                     1.0000000000000000e+00
17                                     6.0000000000000000e+00
18                                     1.0000000000000000e+00
19                                     8.0000000000000000e+00
20                                     1.0000000000000000e+00
21                                     6.0000000000000000e+00
22                                     8.0000000000000000e+00
23                                     8.0000000000000000e+00
   &QA [&Type "ArrayOfDoubles", &Dim (24,1)] "Mulliken gross atomic charge"
                                                         0

0                                      2.4567686556575197e-01
1                                     -4.0582350563197256e-02
2                                     -3.2427460415055620e-02
3                                     -6.1018865100837871e-02
4                                      6.0940865971402580e-02
5                                     -4.0460069114954322e-01
6                                     -4.0142926975963888e-01
7                                     -2.4667903531398139e-01
8                                     -8.7160284033476643e-02
9                                     -1.0105544156547630e-01
10                                     6.3726654194327992e-02
11                                    -5.2892253633149311e-02
12                                    -2.2532165032034968e-01
13                                     7.9863449974552303e-02
14                                    -4.3261320152051974e-02
15                                    -9.1496727760355334e-02
16                                    -7.0659915281326313e-02
17                                     3.1823725855633622e-01
18                                     2.1833615212594637e-02
19                                    -3.6532028591956589e-01
20                                     1.4925021922562332e-01
21                                     9.9462944552606736e-02
22                                    -4.2177327552335164e-01
23                                    -3.9331304676190015e-01
   &VA [&Type "ArrayOfDoubles", &Dim (24,1)] "Mayer's total valence"
                                                         0

0                                      3.7373680496946786e+00
1                                      1.0419415699609078e+00
2                                      1.0311259565017552e+00
3                                      3.9521052438518836e+00
4                                      4.4855174103302771e+00
5                                      2.0855372719271670e+00
6                                      2.0676734255828499e+00
7                                      2.1997927750628881e+00
8                                      3.9347605138190946e+00
9                                      9.7895004786776729e-01
10                                     3.9171965922200953e+00
11                                     1.0380544799210123e+00
12                                     3.7328104707751288e+00
13                                     3.8698118526021625e+00
14                                     1.0337128675906562e+00
15                                     3.9033417772251329e+00
16                                     9.8567199105121706e-01
17                                     3.7948507827090792e+00
18                                     1.0466989016950123e+00
19                                     2.0077618194194686e+00
20                                     1.0145328424745061e+00
21                                     4.5299720045338354e+00
22                                     2.0564698114056319e+00
23                                     2.1083618191009110e+00
   &BVA [&Type "ArrayOfDoubles", &Dim (24,1)] "Mayer's bonded valence"
                                                         0

0                                      3.7373680496947221e+00
1                                      1.0419415699609231e+00
2                                      1.0311259565017501e+00
3                                      3.9521052438518938e+00
4                                      4.4855174103303170e+00
5                                      2.0855372719271781e+00
6                                      2.0676734255828446e+00
7                                      2.1997927750628712e+00
8                                      3.9347605138190915e+00
9                                      9.7895004786777240e-01
10                                     3.9171965922200913e+00
11                                     1.0380544799210054e+00
12                                     3.7328104707751413e+00
13                                     3.8698118526021501e+00
14                                     1.0337128675906648e+00
15                                     3.9033417772251777e+00
16                                     9.8567199105122483e-01
17                                     3.7948507827090325e+00
18                                     1.0466989016949944e+00
19                                     2.0077618194194660e+00
20                                     1.0145328424745077e+00
21                                     4.5299720045338638e+00
22                                     2.0564698114056341e+00
23                                     2.1083618191009634e+00
   &FA [&Type "ArrayOfDoubles", &Dim (24,1)] "Mayer's free valence"
                                                         0

0                                      0.0000000000000000e+00
1                                      0.0000000000000000e+00
2                                      0.0000000000000000e+00
3                                      0.0000000000000000e+00
4                                      0.0000000000000000e+00
5                                      0.0000000000000000e+00
6                                      0.0000000000000000e+00
7                                      0.0000000000000000e+00
8                                      0.0000000000000000e+00
9                                      0.0000000000000000e+00
10                                     0.0000000000000000e+00
11                                     0.0000000000000000e+00
12                                     0.0000000000000000e+00
13                                     0.0000000000000000e+00
14                                     0.0000000000000000e+00
15                                     0.0000000000000000e+00
16                                     0.0000000000000000e+00
17                                     0.0000000000000000e+00
18                                     0.0000000000000000e+00
19                                     0.0000000000000000e+00
20                                     0.0000000000000000e+00
21                                     0.0000000000000000e+00
22                                     0.0000000000000000e+00
23                                     0.0000000000000000e+00
$End
$VdW_Correction
   &GeometryIndex 1
   &ListStatus       OUT
   &VDW [&Type "Double"]      -5.3884867803335533e-02
$End
$Calculation_Info
   &GeometryIndex 1
   &ListStatus       OUT
   &MULT [&Type "Integer"] 1
   &CHARGE [&Type "Integer"] -2
   &NUMOFATOMS [&Type "Integer"] 24
   &NUMOFELECTRONS [&Type "Integer"] 118
   &NUMOFFCELECTRONS [&Type "Integer"] 1
   &NUMOFCORRELECTRONS [&Type "Integer"] 0
   &NUMOFBASISFUNCTS [&Type "Integer"] 264
   &NUMOFAUXCBASISFUNCTS [&Type "Integer"] 0
   &NUMOFAUXJBASISFUNCTS [&Type "Integer"] 872
   &NUMOFAUXJKBASISFUNCTS [&Type "Integer"] 0
   &NUMOFCABSBASISFUNCTS [&Type "Integer"] 0
   &TOTALENERGY [&Type "Double"]      -8.3617305817925273e+02  "Hartrees"
$End
$SCF_Dipole_Moment
   &GeometryIndex 1
   &ListStatus       OUT
   &METHOD [&Type "String"] "SCF"
   &LEVEL [&Type "String"] "Relaxed density"
   &MULT [&Type "Integer"] 1
   &STATE [&Type "Integer"] -1
   &IRREP [&Type "Integer"] 0
   &NATOMS [&Type "Integer"] 24
   &DODIPOLEATOM [&Type "Boolean"] false
   &DIPOLEELECCONTRIB [&Type "ArrayOfDoubles", &Dim (3,1)] "Electronic contribution"
                                                         0

0                                      3.0537402833663481e+00
1                                      6.1727872224181290e-01
2                                      1.5314213706633522e+00
   &DIPOLENUCCONTRIB [&Type "ArrayOfDoubles", &Dim (3,1)] "Nuclear contribution"
                                                         0

0                                     -5.2052709015012937e+00
1                                     -2.1553170901668537e+00
2                                     -1.8690788139432613e+00
   &DIPOLETOTAL [&Type "ArrayOfDoubles", &Dim (3,1)] "Total"
                                                         0

0                                     -2.1515306181349456e+00
1                                     -1.5380383679250409e+00
2                                     -3.3765744327990910e-01
   &DIPOLEMAGNITUDE [&Type "Double", &Units "a.u."]       2.6662067757366437e+00
$End
