*************************************************
******************* ORCA 6.0.1 ******************
*************************************************
$Calculation_Status
   &GeometryIndex 1
   &ListStatus       OUT
   &VERSION [&Type "String"] "6.0.1"
   &PROGNAME [&Type "String"] "LeanSCF"
   &STATUS [&Type "String"] "NORMAL TERMINATION"
$End
$Geometry
   &GeometryIndex 1
   &ListStatus       OUT
   &NATOMS [&Type "Integer"] 24
   &NCORELESSECP [&Type "Integer"] 0
   &NGHOSTATOMS [&Type "Integer"] 0
   &CartesianCoordinates [&Type "Coordinates", &Dim(24,4), &Units "Bohr"] 
              C     82.746792598338   35.621231261011   66.060110303592
              H     83.363106628515   34.216440870898   64.689606253341
              H     83.976269607429   37.191864564434   66.528832249386
              C     80.900842378528   35.018646360445   67.840245970897
              C     80.336023619648   36.827852498599   70.058957303193
              O     81.371607717096   38.975117913150   70.103481913269
              O     78.860662599951   35.984946130824   71.709498543004
              O     79.497376123502   33.104977787719   67.591238417268
              C     76.538218752567   34.143487110072   64.670533969774
              H     75.602411178331   32.310924510000   64.800862800835
              C     78.422328613155   34.527083986213   62.931201258474
              H     79.177826788770   32.970343678333   61.817278719628
              C     79.705918559962   36.857458540475   62.847762919521
              C     78.571571128106   39.037299504050   64.115181199449
              H     79.449791745761   40.871873398762   63.788975013356
              C     76.539746300714   38.785759259850   65.613661187597
              H     75.716244654114   40.429196199692   66.554818876017
              C     75.274820251570   36.282779909816   66.077615270421
              H     75.377052481411   35.863946988567   68.119414595740
              O     72.706568145709   36.442990261725   65.293746383275
              H     71.567517355332   35.754107778042   66.647845410633
              C     81.500202088828   37.311054902827   60.631181041633
              O     82.748048405730   35.481900587159   59.807856271701
              O     81.633082787282   39.528360247357   59.759187035714
$End
$SCF_Energy
   &GeometryIndex 1
   &ListStatus       OUT
   &SCF_ENERGY [&Type "Double"]      -8.3605913029588248e+02
$End
$DFT_Energy
   &GeometryIndex 1
   &ListStatus       OUT
   &NALPHAEL [&Type "Integer"] 59
   &NBETAEL [&Type "Integer"] 59
   &NTOTALEL [&Type "Integer"] 118
   &EEXCHANGE [&Type "Double"]      -8.3089500962391085e+01
   &ECORR [&Type "Double"]      -4.8419218019108445e+00
   &ECNL [&Type "Double"]       0.0000000000000000e+00
   &EXC [&Type "Double"]      -8.7931422764301928e+01
   &EEMBED [&Type "Double"]       0.0000000000000000e+00
   &FINALEN [&Type "Double"]      -8.3605913029588248e+02  "No Van der Waals correction"
$End
$Mulliken_Population_Analysis
   &GeometryIndex 1
   &ListStatus       OUT
   &NATOMS [&Type "Integer"] 24
   &ATNO [&Type "ArrayOfIntegers", &Dim (24,1)] 
                                                         0

0                                                        6
1                                                        1
2                                                        1
3                                                        6
4                                                        6
5                                                        8
6                                                        8
7                                                        8
8                                                        6
9                                                        1
10                                                       6
11                                                       1
12                                                       6
13                                                       6
14                                                       1
15                                                       6
16                                                       1
17                                                       6
18                                                       1
19                                                       8
20                                                       1
21                                                       6
22                                                       8
23                                                       8
   &ATOMICCHARGES [&Type "ArrayOfDoubles", &Dim (24,1)] 
                                                         0

0                                      8.9120961148303479e-02
1                                     -2.8025969808938900e-02
2                                     -2.5562725741596015e-02
3                                     -4.9205268182913819e-02
4                                      7.0083812507919063e-02
5                                     -4.1220221697466108e-01
6                                     -4.1958491678260934e-01
7                                     -3.1184881232142736e-01
8                                      4.6456976715020915e-02
9                                     -7.7959719834628904e-02
10                                     3.0255134009676610e-02
11                                    -6.2423810654135270e-02
12                                    -1.2183371489333528e-01
13                                     9.1847990153613779e-02
14                                    -5.2572256996259004e-02
15                                    -3.7044436621575194e-02
16                                    -7.1654068168934604e-02
17                                     2.7138005942308308e-01
18                                     7.8465501803369753e-03
19                                    -3.5148004887790663e-01
20                                     1.3888373630525075e-01
21                                     9.1163635847266278e-02
22                                    -4.0771331529678712e-01
23                                    -4.0792757513482591e-01
$End
$Loewdin_Population_Analysis
   &GeometryIndex 1
   &ListStatus       OUT
   &NATOMS [&Type "Integer"] 24
   &ATNO [&Type "ArrayOfIntegers", &Dim (24,1)] 
                                                         0

0                                                        6
1                                                        1
2                                                        1
3                                                        6
4                                                        6
5                                                        8
6                                                        8
7                                                        8
8                                                        6
9                                                        1
10                                                       6
11                                                       1
12                                                       6
13                                                       6
14                                                       1
15                                                       6
16                                                       1
17                                                       6
18                                                       1
19                                                       8
20                                                       1
21                                                       6
22                                                       8
23                                                       8
   &ATOMICCHARGES [&Type "ArrayOfDoubles", &Dim (24,1)] 
                                                         0

0                                     -5.1605572491055796e-02
1                                      5.7778963737560307e-03
2                                      6.9656055433675590e-03
3                                     -3.3694607037359603e-02
4                                     -7.3417452586528320e-02
5                                     -3.8124450012071165e-01
6                                     -3.8148303168615705e-01
7                                     -2.0800866693317666e-01
8                                      2.0264625856007967e-02
9                                     -2.4481914147351791e-03
10                                    -4.5327615742505323e-02
11                                     8.2064116003477405e-03
12                                    -5.6212960022854475e-03
13                                     5.6324168403776298e-04
14                                     1.6465989411407866e-02
15                                    -4.9008248790589626e-02
16                                     1.4411997218140016e-03
17                                     4.8819634054434680e-02
18                                     1.9776274639142111e-02
19                                    -1.7699076063279406e-01
20                                     7.0993239253415275e-02
21                                    -4.0410153460622489e-02
22                                    -3.7323697676547063e-01
23                                    -3.7677704447378169e-01
$End
$Mayer_Population_Analysis
   &GeometryIndex 1
   &ListStatus       OUT
   &NATOMS [&Type "Integer"] 24 "Total number of atoms"
   &BONDTHRESH [&Type "Double"]       1.0000000000000001e-01  "The threshold for printing"
   &NBONDORDERSPRINT [&Type "Integer"] 28 "The number of bond orders larger than threshold"
   &BONDORDERS [&Type "ArrayOfDoubles", &Dim (28,1)] "The bond orders"
                                                         0

0                                      9.0475165618837694e-01
1                                      9.1676686629841242e-01
2                                      1.3687242519536904e+00
3                                      1.2060472678864230e-01
4                                      3.9994328804828810e-01
5                                      8.1214557779652707e-01
6                                      1.7169785946638481e+00
7                                      1.8489459289862262e+00
8                                      1.8147419098169546e+00
9                                      1.2498509314323585e-01
10                                     2.1552336655601581e-01
11                                     9.4621674825212954e-01
12                                     1.5491712566411759e+00
13                                     9.8715622185866647e-01
14                                     9.5996711538914514e-01
15                                     1.2881954344532980e+00
16                                     1.0586013135252361e+00
17                                     8.3017420474603765e-01
18                                     9.7358930794471710e-01
19                                     1.7638982385161013e+00
20                                     9.5718365800152772e-01
21                                     9.8411306277656041e-01
22                                     8.6468515515677413e-01
23                                     9.7939957662324972e-01
24                                     9.7486970790066230e-01
25                                     1.8321163428598368e+00
26                                     1.8685757954930688e+00
27                                     1.1749085007209598e-01
   &COMPONENTS [&Type "ArrayOfIntegers", &Dim (28,4)] "The indices and atomic numbers of the bonding atoms"
                                                         0                           1                           2                           3

0                                                        0                           6                           1                           1
1                                                        0                           6                           2                           1
2                                                        0                           6                           3                           6
3                                                        0                           6                           8                           6
4                                                        0                           6                          12                           6
5                                                        3                           6                           4                           6
6                                                        3                           6                           7                           8
7                                                        4                           6                           5                           8
8                                                        4                           6                           6                           8
9                                                        5                           8                           6                           8
10                                                       7                           8                           8                           6
11                                                       8                           6                           9                           1
12                                                       8                           6                          10                           6
13                                                       8                           6                          17                           6
14                                                      10                           6                          11                           1
15                                                      10                           6                          12                           6
16                                                      12                           6                          13                           6
17                                                      12                           6                          21                           6
18                                                      13                           6                          14                           1
19                                                      13                           6                          15                           6
20                                                      15                           6                          16                           1
21                                                      15                           6                          17                           6
22                                                      17                           6                          18                           1
23                                                      17                           6                          19                           8
24                                                      19                           8                          20                           1
25                                                      21                           6                          22                           8
26                                                      21                           6                          23                           8
27                                                      22                           8                          23                           8
   &ATNO [&Type "ArrayOfIntegers", &Dim (24,1)] "Atomic number of the elements"
                                                         0

0                                                        6
1                                                        1
2                                                        1
3                                                        6
4                                                        6
5                                                        8
6                                                        8
7                                                        8
8                                                        6
9                                                        1
10                                                       6
11                                                       1
12                                                       6
13                                                       6
14                                                       1
15                                                       6
16                                                       1
17                                                       6
18                                                       1
19                                                       8
20                                                       1
21                                                       6
22                                                       8
23                                                       8
   &NA [&Type "ArrayOfDoubles", &Dim (24,1)] "Mulliken gross atomic population"
                                                         0

0                                      5.9108790388517116e+00
1                                      1.0280259698089407e+00
2                                      1.0255627257415971e+00
3                                      6.0492052681829342e+00
4                                      5.9299161874920738e+00
5                                      8.4122022169746398e+00
6                                      8.4195849167826040e+00
7                                      8.3118488123214238e+00
8                                      5.9535430232849826e+00
9                                      1.0779597198346282e+00
10                                     5.9697448659903243e+00
11                                     1.0624238106541379e+00
12                                     6.1218337148933557e+00
13                                     5.9081520098463827e+00
14                                     1.0525722569962603e+00
15                                     6.0370444366215814e+00
16                                     1.0716540681689333e+00
17                                     5.7286199405769160e+00
18                                     9.9215344981966347e-01
19                                     8.3514800488779191e+00
20                                     8.6111626369474936e-01
21                                     5.9088363641527355e+00
22                                     8.4077133152967853e+00
23                                     8.4079275751348508e+00
   &ZA [&Type "ArrayOfDoubles", &Dim (24,1)] "Total nuclear charge"
                                                         0

0                                      6.0000000000000000e+00
1                                      1.0000000000000000e+00
2                                      1.0000000000000000e+00
3                                      6.0000000000000000e+00
4                                      6.0000000000000000e+00
5                                      8.0000000000000000e+00
6                                      8.0000000000000000e+00
7                                      8.0000000000000000e+00
8                                      6.0000000000000000e+00
9                                      1.0000000000000000e+00
10                                     6.0000000000000000e+00
11                                     1.0000000000000000e+00
12                                     6.0000000000000000e+00
13                                     6.0000000000000000e+00
14                                     1.0000000000000000e+00
15                                     6.0000000000000000e+00
16                                     1.0000000000000000e+00
17                                     6.0000000000000000e+00
18                                     1.0000000000000000e+00
19                                     8.0000000000000000e+00
20                                     1.0000000000000000e+00
21                                     6.0000000000000000e+00
22                                     8.0000000000000000e+00
23                                     8.0000000000000000e+00
   &QA [&Type "ArrayOfDoubles", &Dim (24,1)] "Mulliken gross atomic charge"
                                                         0

0                                      8.9120961148288380e-02
1                                     -2.8025969808940676e-02
2                                     -2.5562725741597125e-02
3                                     -4.9205268182934248e-02
4                                      7.0083812507926169e-02
5                                     -4.1220221697463977e-01
6                                     -4.1958491678260401e-01
7                                     -3.1184881232142381e-01
8                                      4.6456976715017362e-02
9                                     -7.7959719834628238e-02
10                                     3.0255134009675722e-02
11                                    -6.2423810654137935e-02
12                                    -1.2183371489335570e-01
13                                     9.1847990153617332e-02
14                                    -5.2572256996260336e-02
15                                    -3.7044436621581411e-02
16                                    -7.1654068168933271e-02
17                                     2.7138005942308396e-01
18                                     7.8465501803365312e-03
19                                    -3.5148004887791906e-01
20                                     1.3888373630525064e-01
21                                     9.1163635847264501e-02
22                                    -4.0771331529678534e-01
23                                    -4.0792757513485078e-01
   &VA [&Type "ArrayOfDoubles", &Dim (24,1)] "Mayer's total valence"
                                                         0

0                                      3.7823661227535670e+00
1                                      1.0300681279203494e+00
2                                      1.0229724052673892e+00
3                                      4.0400508490731646e+00
4                                      4.4631403364655906e+00
5                                      2.0815860267480972e+00
6                                      2.0507991936268546e+00
7                                      2.1454315399486554e+00
8                                      3.9174606370619296e+00
9                                      9.8861981191536286e-01
10                                     3.9290899253697429e+00
11                                     1.0284542421129812e+00
12                                     3.6809236426308987e+00
13                                     3.8987678647204556e+00
14                                     1.0272194190477149e+00
15                                     3.8678503090777365e+00
16                                     9.8573407901595234e-01
17                                     3.8375285262576369e+00
18                                     1.0556036112958063e+00
19                                     1.9981003391695999e+00
20                                     1.0261328604746909e+00
21                                     4.5353214752852997e+00
22                                     2.0680060652001280e+00
23                                     2.0955927421738538e+00
   &BVA [&Type "ArrayOfDoubles", &Dim (24,1)] "Mayer's bonded valence"
                                                         0

0                                      3.7823661227535643e+00
1                                      1.0300681279203472e+00
2                                      1.0229724052673919e+00
3                                      4.0400508490731211e+00
4                                      4.4631403364655977e+00
5                                      2.0815860267481869e+00
6                                      2.0507991936268848e+00
7                                      2.1454315399486488e+00
8                                      3.9174606370619562e+00
9                                      9.8861981191537274e-01
10                                     3.9290899253697091e+00
11                                     1.0284542421129690e+00
12                                     3.6809236426308813e+00
13                                     3.8987678647204702e+00
14                                     1.0272194190477173e+00
15                                     3.8678503090777276e+00
16                                     9.8573407901594567e-01
17                                     3.8375285262576857e+00
18                                     1.0556036112958109e+00
19                                     1.9981003391696099e+00
20                                     1.0261328604746955e+00
21                                     4.5353214752852971e+00
22                                     2.0680060652001200e+00
23                                     2.0955927421737979e+00
   &FA [&Type "ArrayOfDoubles", &Dim (24,1)] "Mayer's free valence"
                                                         0

0                                      0.0000000000000000e+00
1                                      0.0000000000000000e+00
2                                      0.0000000000000000e+00
3                                      0.0000000000000000e+00
4                                      0.0000000000000000e+00
5                                      0.0000000000000000e+00
6                                      0.0000000000000000e+00
7                                      0.0000000000000000e+00
8                                      0.0000000000000000e+00
9                                      0.0000000000000000e+00
10                                     0.0000000000000000e+00
11                                     0.0000000000000000e+00
12                                     0.0000000000000000e+00
13                                     0.0000000000000000e+00
14                                     0.0000000000000000e+00
15                                     0.0000000000000000e+00
16                                     0.0000000000000000e+00
17                                     0.0000000000000000e+00
18                                     0.0000000000000000e+00
19                                     0.0000000000000000e+00
20                                     0.0000000000000000e+00
21                                     0.0000000000000000e+00
22                                     0.0000000000000000e+00
23                                     0.0000000000000000e+00
$End
$VdW_Correction
   &GeometryIndex 1
   &ListStatus       OUT
   &VDW [&Type "Double"]      -5.6275065662160971e-02
$End
$Calculation_Info
   &GeometryIndex 1
   &ListStatus       OUT
   &MULT [&Type "Integer"] 1
   &CHARGE [&Type "Integer"] -2
   &NUMOFATOMS [&Type "Integer"] 24
   &NUMOFELECTRONS [&Type "Integer"] 118
   &NUMOFFCELECTRONS [&Type "Integer"] 1
   &NUMOFCORRELECTRONS [&Type "Integer"] 0
   &NUMOFBASISFUNCTS [&Type "Integer"] 264
   &NUMOFAUXCBASISFUNCTS [&Type "Integer"] 0
   &NUMOFAUXJBASISFUNCTS [&Type "Integer"] 872
   &NUMOFAUXJKBASISFUNCTS [&Type "Integer"] 0
   &NUMOFCABSBASISFUNCTS [&Type "Integer"] 0
   &TOTALENERGY [&Type "Double"]      -8.3611540536154462e+02  "Hartrees"
$End
$SCF_Dipole_Moment
   &GeometryIndex 1
   &ListStatus       OUT
   &METHOD [&Type "String"] "SCF"
   &LEVEL [&Type "String"] "Relaxed density"
   &MULT [&Type "Integer"] 1
   &STATE [&Type "Integer"] -1
   &IRREP [&Type "Integer"] 0
   &NATOMS [&Type "Integer"] 24
   &DODIPOLEATOM [&Type "Boolean"] false
   &DIPOLEELECCONTRIB [&Type "ArrayOfDoubles", &Dim (3,1)] "Electronic contribution"
                                                         0

0                                      1.9025467906868501e+00
1                                      1.0266207164054898e-01
2                                     -1.2208690155767277e-02
   &DIPOLENUCCONTRIB [&Type "ArrayOfDoubles", &Dim (3,1)] "Nuclear contribution"
                                                         0

0                                     -4.6185094371364528e+00
1                                     -1.1621070736964398e+00
2                                      3.7981142568582982e-02
   &DIPOLETOTAL [&Type "ArrayOfDoubles", &Dim (3,1)] "Total"
                                                         0

0                                     -2.7159626464496025e+00
1                                     -1.0594450020558908e+00
2                                      2.5772452412815706e-02
   &DIPOLEMAGNITUDE [&Type "Double", &Units "a.u."]       2.9153972334133313e+00
$End
