*************************************************
******************* ORCA 6.0.1 ******************
*************************************************
$Calculation_Status
   &GeometryIndex 1
   &ListStatus       OUT
   &VERSION [&Type "String"] "6.0.1"
   &PROGNAME [&Type "String"] "LeanSCF"
   &STATUS [&Type "String"] "NORMAL TERMINATION"
$End
$Geometry
   &GeometryIndex 1
   &ListStatus       OUT
   &NATOMS [&Type "Integer"] 24
   &NCORELESSECP [&Type "Integer"] 0
   &NGHOSTATOMS [&Type "Integer"] 0
   &CartesianCoordinates [&Type "Coordinates", &Dim(24,4), &Units "Bohr"] 
              C     86.140268101911   44.515212989455   71.657216421924
              H     87.087871415123   43.218195526968   70.389013420100
              H     87.057974564336   46.251078833709   72.242773948700
              C     84.248270027010   43.679188203937   73.285315529805
              C     83.335356898867   45.434531090876   75.418649576117
              O     84.242821541543   47.649191790548   75.528399002145
              O     81.762406805212   44.503279836847   76.904122729850
              O     83.094046610878   41.618376840284   72.967444026733
              C     80.323639835739   42.250209661933   69.804593842274
              H     79.591890657110   40.322278922883   69.886052045382
              C     82.238857657635   42.868699329699   68.168232765852
              H     83.223761815996   41.447306377780   67.056495579015
              C     83.243527779133   45.327931813533   68.161948659869
              C     81.793005700494   47.352197310576   69.369960317565
              H     82.481767216519   49.271708981281   69.093358780108
              C     79.707785755424   46.854509496048   70.725979295901
              H     78.609576515045   48.374534215528   71.594478578254
              C     78.723220288370   44.221324573613   71.111447356324
              H     78.736675864372   43.809599599570   73.159666038252
              O     76.235498627214   44.137094006841   70.140803113545
              H     75.299987942378   42.575330661159   70.858343802602
              C     85.075134847237   46.044601802184   66.025829491346
              O     86.135457252346   44.358683316429   64.770501510246
              O     85.305372927547   48.387301453946   65.621484064684
$End
$SCF_Energy
   &GeometryIndex 1
   &ListStatus       OUT
   &SCF_ENERGY [&Type "Double"]      -8.3605733901239159e+02
$End
$DFT_Energy
   &GeometryIndex 1
   &ListStatus       OUT
   &NALPHAEL [&Type "Integer"] 59
   &NBETAEL [&Type "Integer"] 59
   &NTOTALEL [&Type "Integer"] 118
   &EEXCHANGE [&Type "Double"]      -8.3089469530583344e+01
   &ECORR [&Type "Double"]      -4.8425239584805055e+00
   &ECNL [&Type "Double"]       0.0000000000000000e+00
   &EXC [&Type "Double"]      -8.7931993489063842e+01
   &EEMBED [&Type "Double"]       0.0000000000000000e+00
   &FINALEN [&Type "Double"]      -8.3605733901239159e+02  "No Van der Waals correction"
$End
$Mulliken_Population_Analysis
   &GeometryIndex 1
   &ListStatus       OUT
   &NATOMS [&Type "Integer"] 24
   &ATNO [&Type "ArrayOfIntegers", &Dim (24,1)] 
                                                         0

0                                                        6
1                                                        1
2                                                        1
3                                                        6
4                                                        6
5                                                        8
6                                                        8
7                                                        8
8                                                        6
9                                                        1
10                                                       6
11                                                       1
12                                                       6
13                                                       6
14                                                       1
15                                                       6
16                                                       1
17                                                       6
18                                                       1
19                                                       8
20                                                       1
21                                                       6
22                                                       8
23                                                       8
   &ATOMICCHARGES [&Type "ArrayOfDoubles", &Dim (24,1)] 
                                                         0

0                                      9.1196826846521972e-02
1                                     -3.8441970758919419e-02
2                                     -1.8429770532224055e-02
3                                     -5.8454095572995968e-02
4                                      7.8521809693913980e-02
5                                     -4.1977631240309776e-01
6                                     -4.0618036503070343e-01
7                                     -3.0982989995685450e-01
8                                      3.6691326002802782e-02
9                                     -8.2250214939755928e-02
10                                     3.3651038170977365e-02
11                                    -6.4842224217268596e-02
12                                    -1.3552640662964421e-01
13                                     8.4832573736216332e-02
14                                    -4.6025384040223383e-02
15                                    -4.2618930193888183e-02
16                                    -6.6189127745317489e-02
17                                     2.9425878925479498e-01
18                                     5.3003204756553179e-03
19                                    -3.5967680288822912e-01
20                                     1.4261606979842911e-01
21                                     9.0994740176563838e-02
22                                    -3.9867951439066829e-01
23                                    -4.1114247485605304e-01
$End
$Loewdin_Population_Analysis
   &GeometryIndex 1
   &ListStatus       OUT
   &NATOMS [&Type "Integer"] 24
   &ATNO [&Type "ArrayOfIntegers", &Dim (24,1)] 
                                                         0

0                                                        6
1                                                        1
2                                                        1
3                                                        6
4                                                        6
5                                                        8
6                                                        8
7                                                        8
8                                                        6
9                                                        1
10                                                       6
11                                                       1
12                                                       6
13                                                       6
14                                                       1
15                                                       6
16                                                       1
17                                                       6
18                                                       1
19                                                       8
20                                                       1
21                                                       6
22                                                       8
23                                                       8
   &ATOMICCHARGES [&Type "ArrayOfDoubles", &Dim (24,1)] 
                                                         0

0                                     -5.6412185299953954e-02
1                                      1.8913977357766232e-03
2                                      9.6950996644254994e-03
3                                     -3.4103869406962417e-02
4                                     -7.1724421244574010e-02
5                                     -3.8527899643756314e-01
6                                     -3.6942022644674566e-01
7                                     -2.0630119242699152e-01
8                                      1.9411520198460153e-02
9                                     -5.1826504606367063e-03
10                                    -4.6629075083920668e-02
11                                     6.5693236033624869e-03
12                                    -5.2444103824678123e-03
13                                     2.3837198001332993e-03
14                                     1.7231895593820434e-02
15                                    -4.6805359656692858e-02
16                                     3.7976604550579163e-03
17                                     4.2553111622558148e-02
18                                     1.6989436836668870e-02
19                                    -1.8370507630529609e-01
20                                     8.1179567503301575e-02
21                                    -4.1059189327753209e-02
22                                    -3.7090787482522281e-01
23                                    -3.7892820570876928e-01
$End
$Mayer_Population_Analysis
   &GeometryIndex 1
   &ListStatus       OUT
   &NATOMS [&Type "Integer"] 24 "Total number of atoms"
   &BONDTHRESH [&Type "Double"]       1.0000000000000001e-01  "The threshold for printing"
   &NBONDORDERSPRINT [&Type "Integer"] 28 "The number of bond orders larger than threshold"
   &BONDORDERS [&Type "ArrayOfDoubles", &Dim (28,1)] "The bond orders"
                                                         0

0                                      9.0851327703948725e-01
1                                      9.0847665232877162e-01
2                                      1.3873629385623507e+00
3                                      1.1998727816593069e-01
4                                      3.9007764893845287e-01
5                                      8.1536996607944023e-01
6                                      1.7139261471090910e+00
7                                      1.8303425101390809e+00
8                                      1.8262682716352840e+00
9                                      1.2789315600711348e-01
10                                     2.2493920680221180e-01
11                                     9.4381371252909052e-01
12                                     1.5264854030463633e+00
13                                     9.8651441372551996e-01
14                                     9.5905644845652205e-01
15                                     1.2859312053670053e+00
16                                     1.0704101268051862e+00
17                                     8.2573669233658264e-01
18                                     9.6967915228463353e-01
19                                     1.7647276762151198e+00
20                                     9.6102782839754608e-01
21                                     9.9079159911973014e-01
22                                     8.6152472599214081e-01
23                                     9.6928124775014257e-01
24                                     9.6232545752383125e-01
25                                     1.8681874258368643e+00
26                                     1.8579117532817155e+00
27                                     1.2233742579810450e-01
   &COMPONENTS [&Type "ArrayOfIntegers", &Dim (28,4)] "The indices and atomic numbers of the bonding atoms"
                                                         0                           1                           2                           3

0                                                        0                           6                           1                           1
1                                                        0                           6                           2                           1
2                                                        0                           6                           3                           6
3                                                        0                           6                           8                           6
4                                                        0                           6                          12                           6
5                                                        3                           6                           4                           6
6                                                        3                           6                           7                           8
7                                                        4                           6                           5                           8
8                                                        4                           6                           6                           8
9                                                        5                           8                           6                           8
10                                                       7                           8                           8                           6
11                                                       8                           6                           9                           1
12                                                       8                           6                          10                           6
13                                                       8                           6                          17                           6
14                                                      10                           6                          11                           1
15                                                      10                           6                          12                           6
16                                                      12                           6                          13                           6
17                                                      12                           6                          21                           6
18                                                      13                           6                          14                           1
19                                                      13                           6                          15                           6
20                                                      15                           6                          16                           1
21                                                      15                           6                          17                           6
22                                                      17                           6                          18                           1
23                                                      17                           6                          19                           8
24                                                      19                           8                          20                           1
25                                                      21                           6                          22                           8
26                                                      21                           6                          23                           8
27                                                      22                           8                          23                           8
   &ATNO [&Type "ArrayOfIntegers", &Dim (24,1)] "Atomic number of the elements"
                                                         0

0                                                        6
1                                                        1
2                                                        1
3                                                        6
4                                                        6
5                                                        8
6                                                        8
7                                                        8
8                                                        6
9                                                        1
10                                                       6
11                                                       1
12                                                       6
13                                                       6
14                                                       1
15                                                       6
16                                                       1
17                                                       6
18                                                       1
19                                                       8
20                                                       1
21                                                       6
22                                                       8
23                                                       8
   &NA [&Type "ArrayOfDoubles", &Dim (24,1)] "Mulliken gross atomic population"
                                                         0

0                                      5.9088031731534780e+00
1                                      1.0384419707589188e+00
2                                      1.0184297705322256e+00
3                                      6.0584540955730057e+00
4                                      5.9214781903060958e+00
5                                      8.4197763124030729e+00
6                                      8.4061803650307265e+00
7                                      8.3098298999568510e+00
8                                      5.9633086739972416e+00
9                                      1.0822502149397568e+00
10                                     5.9663489618290466e+00
11                                     1.0648422242172675e+00
12                                     6.1355264066296584e+00
13                                     5.9151674262637917e+00
14                                     1.0460253840402256e+00
15                                     6.0426189301939051e+00
16                                     1.0661891277453177e+00
17                                     5.7057412107451926e+00
18                                     9.9469967952434613e-01
19                                     8.3596768028882256e+00
20                                     8.5738393020157144e-01
21                                     5.9090052598234397e+00
22                                     8.3986795143906772e+00
23                                     8.4111424748560388e+00
   &ZA [&Type "ArrayOfDoubles", &Dim (24,1)] "Total nuclear charge"
                                                         0

0                                      6.0000000000000000e+00
1                                      1.0000000000000000e+00
2                                      1.0000000000000000e+00
3                                      6.0000000000000000e+00
4                                      6.0000000000000000e+00
5                                      8.0000000000000000e+00
6                                      8.0000000000000000e+00
7                                      8.0000000000000000e+00
8                                      6.0000000000000000e+00
9                                      1.0000000000000000e+00
10                                     6.0000000000000000e+00
11                                     1.0000000000000000e+00
12                                     6.0000000000000000e+00
13                                     6.0000000000000000e+00
14                                     1.0000000000000000e+00
15                                     6.0000000000000000e+00
16                                     1.0000000000000000e+00
17                                     6.0000000000000000e+00
18                                     1.0000000000000000e+00
19                                     8.0000000000000000e+00
20                                     1.0000000000000000e+00
21                                     6.0000000000000000e+00
22                                     8.0000000000000000e+00
23                                     8.0000000000000000e+00
   &QA [&Type "ArrayOfDoubles", &Dim (24,1)] "Mulliken gross atomic charge"
                                                         0

0                                      9.1196826846521972e-02
1                                     -3.8441970758918753e-02
2                                     -1.8429770532225609e-02
3                                     -5.8454095573005738e-02
4                                      7.8521809693904210e-02
5                                     -4.1977631240307289e-01
6                                     -4.0618036503072652e-01
7                                     -3.0982989995685095e-01
8                                      3.6691326002758373e-02
9                                     -8.2250214939756816e-02
10                                     3.3651038170953385e-02
11                                    -6.4842224217267486e-02
12                                    -1.3552640662965842e-01
13                                     8.4832573736208339e-02
14                                    -4.6025384040225603e-02
15                                    -4.2618930193905058e-02
16                                    -6.6189127745317711e-02
17                                     2.9425878925480742e-01
18                                     5.3003204756538747e-03
19                                    -3.5967680288822557e-01
20                                     1.4261606979842856e-01
21                                     9.0994740176560285e-02
22                                    -3.9867951439067717e-01
23                                    -4.1114247485603883e-01
   &VA [&Type "ArrayOfDoubles", &Dim (24,1)] "Mayer's total valence"
                                                         0

0                                      3.7863358238514317e+00
1                                      1.0053241170150040e+00
2                                      1.0349251507146406e+00
3                                      4.0674473191656730e+00
4                                      4.4556043830960430e+00
5                                      2.0802937928240861e+00
6                                      2.0699117103381126e+00
7                                      2.1474915316285372e+00
8                                      3.9183916196712607e+00
9                                      9.8578481513763150e-01
10                                     3.8954037569489781e+00
11                                     1.0340310566408204e+00
12                                     3.6700898067464216e+00
13                                     3.8995571124694819e+00
14                                     1.0392924977304534e+00
15                                     3.8861953642795286e+00
16                                     9.8594255030262679e-01
17                                     3.8224234070069603e+00
18                                     1.0608915643147643e+00
19                                     1.9953487865199784e+00
20                                     1.0195140354704673e+00
21                                     4.5494498090047770e+00
22                                     2.0895422584509054e+00
23                                     2.0888298975470931e+00
   &BVA [&Type "ArrayOfDoubles", &Dim (24,1)] "Mayer's bonded valence"
                                                         0

0                                      3.7863358238514611e+00
1                                      1.0053241170150078e+00
2                                      1.0349251507146535e+00
3                                      4.0674473191656686e+00
4                                      4.4556043830960430e+00
5                                      2.0802937928241150e+00
6                                      2.0699117103380846e+00
7                                      2.1474915316285519e+00
8                                      3.9183916196711430e+00
9                                      9.8578481513762239e-01
10                                     3.8954037569489190e+00
11                                     1.0340310566408213e+00
12                                     3.6700898067463354e+00
13                                     3.8995571124694486e+00
14                                     1.0392924977304476e+00
15                                     3.8861953642795317e+00
16                                     9.8594255030262890e-01
17                                     3.8224234070069683e+00
18                                     1.0608915643147652e+00
19                                     1.9953487865199651e+00
20                                     1.0195140354704642e+00
21                                     4.5494498090048028e+00
22                                     2.0895422584508641e+00
23                                     2.0888298975471127e+00
   &FA [&Type "ArrayOfDoubles", &Dim (24,1)] "Mayer's free valence"
                                                         0

0                                      0.0000000000000000e+00
1                                      0.0000000000000000e+00
2                                      0.0000000000000000e+00
3                                      0.0000000000000000e+00
4                                      0.0000000000000000e+00
5                                      0.0000000000000000e+00
6                                      0.0000000000000000e+00
7                                      0.0000000000000000e+00
8                                      0.0000000000000000e+00
9                                      0.0000000000000000e+00
10                                     0.0000000000000000e+00
11                                     0.0000000000000000e+00
12                                     0.0000000000000000e+00
13                                     0.0000000000000000e+00
14                                     0.0000000000000000e+00
15                                     0.0000000000000000e+00
16                                     0.0000000000000000e+00
17                                     0.0000000000000000e+00
18                                     0.0000000000000000e+00
19                                     0.0000000000000000e+00
20                                     0.0000000000000000e+00
21                                     0.0000000000000000e+00
22                                     0.0000000000000000e+00
23                                     0.0000000000000000e+00
$End
$VdW_Correction
   &GeometryIndex 1
   &ListStatus       OUT
   &VDW [&Type "Double"]      -5.6383949119677562e-02
$End
$Calculation_Info
   &GeometryIndex 1
   &ListStatus       OUT
   &MULT [&Type "Integer"] 1
   &CHARGE [&Type "Integer"] -2
   &NUMOFATOMS [&Type "Integer"] 24
   &NUMOFELECTRONS [&Type "Integer"] 118
   &NUMOFFCELECTRONS [&Type "Integer"] 1
   &NUMOFCORRELECTRONS [&Type "Integer"] 0
   &NUMOFBASISFUNCTS [&Type "Integer"] 264
   &NUMOFAUXCBASISFUNCTS [&Type "Integer"] 0
   &NUMOFAUXJBASISFUNCTS [&Type "Integer"] 872
   &NUMOFAUXJKBASISFUNCTS [&Type "Integer"] 0
   &NUMOFCABSBASISFUNCTS [&Type "Integer"] 0
   &TOTALENERGY [&Type "Double"]      -8.3611372296151126e+02  "Hartrees"
$End
$SCF_Dipole_Moment
   &GeometryIndex 1
   &ListStatus       OUT
   &METHOD [&Type "String"] "SCF"
   &LEVEL [&Type "String"] "Relaxed density"
   &MULT [&Type "Integer"] 1
   &STATE [&Type "Integer"] -1
   &IRREP [&Type "Integer"] 0
   &NATOMS [&Type "Integer"] 24
   &DODIPOLEATOM [&Type "Boolean"] false
   &DIPOLEELECCONTRIB [&Type "ArrayOfDoubles", &Dim (3,1)] "Electronic contribution"
                                                         0

0                                      1.8126309787606460e+00
1                                      4.7512265143621046e-01
2                                      2.1018806853891175e-01
   &DIPOLENUCCONTRIB [&Type "ArrayOfDoubles", &Dim (3,1)] "Nuclear contribution"
                                                         0

0                                     -4.2428760470710358e+00
1                                     -2.1326537782244301e+00
2                                     -4.1052897640027197e-01
   &DIPOLETOTAL [&Type "ArrayOfDoubles", &Dim (3,1)] "Total"
                                                         0

0                                     -2.4302450683103896e+00
1                                     -1.6575311267882196e+00
2                                     -2.0034090786136022e-01
   &DIPOLEMAGNITUDE [&Type "Double", &Units "a.u."]       2.9484974152407712e+00
$End
