*************************************************
******************* ORCA 6.0.1 ******************
*************************************************
$Calculation_Status
   &GeometryIndex 1
   &ListStatus       OUT
   &VERSION [&Type "String"] "6.0.1"
   &PROGNAME [&Type "String"] "LeanSCF"
   &STATUS [&Type "String"] "NORMAL TERMINATION"
$End
$Geometry
   &GeometryIndex 1
   &ListStatus       OUT
   &NATOMS [&Type "Integer"] 24
   &NCORELESSECP [&Type "Integer"] 0
   &NGHOSTATOMS [&Type "Integer"] 0
   &CartesianCoordinates [&Type "Coordinates", &Dim(24,4), &Units "Bohr"] 
              C     86.676068584566   44.304629209784   72.438871891603
              H     87.475422739215   43.108432567012   70.970554685547
              H     87.779668646776   45.880660805474   73.173975357699
              C     84.363043796646   43.915345626196   73.372396601760
              C     83.306686887784   45.538620375234   75.487000145618
              O     84.191078718460   47.745820499654   75.723215912358
              O     81.664514877407   44.538955250390   76.855161866577
              O     82.879608781518   41.921684554909   72.608947243656
              C     81.101376489498   42.324196221434   70.503792330468
              H     80.169741505475   40.477933788593   70.305371086406
              C     82.626385479573   42.981820916039   68.221003160691
              H     83.699749923640   41.519172888384   67.244014749454
              C     83.015669063161   45.415788176529   67.591724358095
              C     81.662625151273   47.432125961423   68.933429913179
              H     82.229542991449   49.361536344157   68.487454545574
              C     79.852267514976   46.929458809800   70.641742338244
              H     78.860161294668   48.460136978277   71.614951297214
              C     79.034016098989   44.263055234837   71.210549904555
              H     78.744888000499   44.058964812374   73.266571938261
              O     76.770124190551   43.803851784295   69.865064897203
              H     75.861165920135   42.256166080613   70.611506720101
              C     85.016889038983   46.124435476750   65.656644796960
              O     86.222534312425   44.429351134623   64.549265282482
              O     85.377826730562   48.469585608946   65.373185876872
$End
$SCF_Energy
   &GeometryIndex 1
   &ListStatus       OUT
   &SCF_ENERGY [&Type "Double"]      -8.3608917854740093e+02
$End
$DFT_Energy
   &GeometryIndex 1
   &ListStatus       OUT
   &NALPHAEL [&Type "Integer"] 59
   &NBETAEL [&Type "Integer"] 59
   &NTOTALEL [&Type "Integer"] 118
   &EEXCHANGE [&Type "Double"]      -8.3128819109900647e+01
   &ECORR [&Type "Double"]      -4.8463865323106710e+00
   &ECNL [&Type "Double"]       0.0000000000000000e+00
   &EXC [&Type "Double"]      -8.7975205642211321e+01
   &EEMBED [&Type "Double"]       0.0000000000000000e+00
   &FINALEN [&Type "Double"]      -8.3608917854740093e+02  "No Van der Waals correction"
$End
$Mulliken_Population_Analysis
   &GeometryIndex 1
   &ListStatus       OUT
   &NATOMS [&Type "Integer"] 24
   &ATNO [&Type "ArrayOfIntegers", &Dim (24,1)] 
                                                         0

0                                                        6
1                                                        1
2                                                        1
3                                                        6
4                                                        6
5                                                        8
6                                                        8
7                                                        8
8                                                        6
9                                                        1
10                                                       6
11                                                       1
12                                                       6
13                                                       6
14                                                       1
15                                                       6
16                                                       1
17                                                       6
18                                                       1
19                                                       8
20                                                       1
21                                                       6
22                                                       8
23                                                       8
   &ATOMICCHARGES [&Type "ArrayOfDoubles", &Dim (24,1)] 
                                                         0

0                                      2.9902708255091781e-03
1                                     -3.5028495275223781e-02
2                                     -3.0582063840582485e-02
3                                      2.8231612522541027e-02
4                                      8.8836490960709114e-02
5                                     -4.2163335069201580e-01
6                                     -4.1789608367865405e-01
7                                     -3.6933314591822786e-01
8                                      2.5314051012700656e-01
9                                     -9.8597398682449100e-02
10                                    -7.9245795268384711e-02
11                                    -6.4293960352461710e-02
12                                    -3.6455164033091236e-02
13                                     5.8758891459477880e-02
14                                    -5.3744378429642303e-02
15                                    -1.9849042970060182e-02
16                                    -6.2973112426550015e-02
17                                     2.1767896625009264e-01
18                                    -1.2217713215499248e-02
19                                    -3.4394261474705523e-01
20                                     1.4398787061893903e-01
21                                     7.0119894998160959e-02
22                                    -4.0093472652574746e-01
23                                    -4.1701746170677900e-01
$End
$Loewdin_Population_Analysis
   &GeometryIndex 1
   &ListStatus       OUT
   &NATOMS [&Type "Integer"] 24
   &ATNO [&Type "ArrayOfIntegers", &Dim (24,1)] 
                                                         0

0                                                        6
1                                                        1
2                                                        1
3                                                        6
4                                                        6
5                                                        8
6                                                        8
7                                                        8
8                                                        6
9                                                        1
10                                                       6
11                                                       1
12                                                       6
13                                                       6
14                                                       1
15                                                       6
16                                                       1
17                                                       6
18                                                       1
19                                                       8
20                                                       1
21                                                       6
22                                                       8
23                                                       8
   &ATOMICCHARGES [&Type "ArrayOfDoubles", &Dim (24,1)] 
                                                         0

0                                     -1.0539457470221425e-01
1                                      1.1619993530000983e-03
2                                      1.0492271061722347e-02
3                                     -1.7868263279385843e-03
4                                     -6.2675120245536675e-02
5                                     -3.8630759302773043e-01
6                                     -3.7662718615445812e-01
7                                     -1.5324081713395721e-01
8                                      7.5691058082490770e-02
9                                     -9.3091327758598741e-03
10                                    -5.0929468773196263e-02
11                                     1.4530217535186907e-03
12                                    -5.5718375326652136e-02
13                                     1.5222255267710594e-03
14                                     1.4509490930475155e-02
15                                    -4.9429371022038815e-02
16                                     3.4037849517865038e-03
17                                     4.0365731960362972e-02
18                                     7.9397954825781714e-03
19                                    -1.7811922756186682e-01
20                                     7.9410931690308217e-02
21                                    -4.5342115762959878e-02
22                                    -3.7705568407527146e-01
23                                    -3.8401481790328518e-01
$End
$Mayer_Population_Analysis
   &GeometryIndex 1
   &ListStatus       OUT
   &NATOMS [&Type "Integer"] 24 "Total number of atoms"
   &BONDTHRESH [&Type "Double"]       1.0000000000000001e-01  "The threshold for printing"
   &NBONDORDERSPRINT [&Type "Integer"] 26 "The number of bond orders larger than threshold"
   &BONDORDERS [&Type "ArrayOfDoubles", &Dim (26,1)] "The bond orders"
                                                         0

0                                      9.1687007440103629e-01
1                                      9.0797672209409908e-01
2                                      1.9681486642796711e+00
3                                      8.3808342241357547e-01
4                                      1.0426980745128223e+00
5                                      1.8662769770315508e+00
6                                      1.7890606641379745e+00
7                                      1.2239717403284738e-01
8                                      9.4551282999714004e-01
9                                      8.8994500661229925e-01
10                                     9.6190187236518643e-01
11                                     9.6464221402918304e-01
12                                     9.3295986578933621e-01
13                                     1.7791462075008380e+00
14                                     1.1004836836792817e+00
15                                     8.3406595862452459e-01
16                                     9.6185007813203904e-01
17                                     1.7624174663065404e+00
18                                     9.5711908854834360e-01
19                                     9.7544501263931416e-01
20                                     8.9349183783130670e-01
21                                     1.0216979662171006e+00
22                                     9.6290639419288915e-01
23                                     1.8972427541617676e+00
24                                     1.8483550213154141e+00
25                                     1.2307670664204279e-01
   &COMPONENTS [&Type "ArrayOfIntegers", &Dim (26,4)] "The indices and atomic numbers of the bonding atoms"
                                                         0                           1                           2                           3

0                                                        0                           6                           1                           1
1                                                        0                           6                           2                           1
2                                                        0                           6                           3                           6
3                                                        3                           6                           4                           6
4                                                        3                           6                           7                           8
5                                                        4                           6                           5                           8
6                                                        4                           6                           6                           8
7                                                        5                           8                           6                           8
8                                                        7                           8                           8                           6
9                                                        8                           6                           9                           1
10                                                       8                           6                          10                           6
11                                                       8                           6                          17                           6
12                                                      10                           6                          11                           1
13                                                      10                           6                          12                           6
14                                                      12                           6                          13                           6
15                                                      12                           6                          21                           6
16                                                      13                           6                          14                           1
17                                                      13                           6                          15                           6
18                                                      15                           6                          16                           1
19                                                      15                           6                          17                           6
20                                                      17                           6                          18                           1
21                                                      17                           6                          19                           8
22                                                      19                           8                          20                           1
23                                                      21                           6                          22                           8
24                                                      21                           6                          23                           8
25                                                      22                           8                          23                           8
   &ATNO [&Type "ArrayOfIntegers", &Dim (24,1)] "Atomic number of the elements"
                                                         0

0                                                        6
1                                                        1
2                                                        1
3                                                        6
4                                                        6
5                                                        8
6                                                        8
7                                                        8
8                                                        6
9                                                        1
10                                                       6
11                                                       1
12                                                       6
13                                                       6
14                                                       1
15                                                       6
16                                                       1
17                                                       6
18                                                       1
19                                                       8
20                                                       1
21                                                       6
22                                                       8
23                                                       8
   &NA [&Type "ArrayOfDoubles", &Dim (24,1)] "Mulliken gross atomic population"
                                                         0

0                                      5.9970097291744864e+00
1                                      1.0350284952752238e+00
2                                      1.0305820638405825e+00
3                                      5.9717683874774581e+00
4                                      5.9111635090392900e+00
5                                      8.4216333506920122e+00
6                                      8.4178960836786541e+00
7                                      8.3693331459182279e+00
8                                      5.7468594898729943e+00
9                                      1.0985973986824493e+00
10                                     6.0792457952683820e+00
11                                     1.0642939603524617e+00
12                                     6.0364551640330895e+00
13                                     5.9412411085405221e+00
14                                     1.0537443784296421e+00
15                                     6.0198490429700602e+00
16                                     1.0629731124265498e+00
17                                     5.7823210337499074e+00
18                                     1.0122177132154995e+00
19                                     8.3439426147470499e+00
20                                     8.5601212938106119e-01
21                                     5.9298801050018390e+00
22                                     8.4009347265257475e+00
23                                     8.4170174617067772e+00
   &ZA [&Type "ArrayOfDoubles", &Dim (24,1)] "Total nuclear charge"
                                                         0

0                                      6.0000000000000000e+00
1                                      1.0000000000000000e+00
2                                      1.0000000000000000e+00
3                                      6.0000000000000000e+00
4                                      6.0000000000000000e+00
5                                      8.0000000000000000e+00
6                                      8.0000000000000000e+00
7                                      8.0000000000000000e+00
8                                      6.0000000000000000e+00
9                                      1.0000000000000000e+00
10                                     6.0000000000000000e+00
11                                     1.0000000000000000e+00
12                                     6.0000000000000000e+00
13                                     6.0000000000000000e+00
14                                     1.0000000000000000e+00
15                                     6.0000000000000000e+00
16                                     1.0000000000000000e+00
17                                     6.0000000000000000e+00
18                                     1.0000000000000000e+00
19                                     8.0000000000000000e+00
20                                     1.0000000000000000e+00
21                                     6.0000000000000000e+00
22                                     8.0000000000000000e+00
23                                     8.0000000000000000e+00
   &QA [&Type "ArrayOfDoubles", &Dim (24,1)] "Mulliken gross atomic charge"
                                                         0

0                                      2.9902708255136190e-03
1                                     -3.5028495275223781e-02
2                                     -3.0582063840582485e-02
3                                      2.8231612522541916e-02
4                                      8.8836490960710002e-02
5                                     -4.2163335069201224e-01
6                                     -4.1789608367865405e-01
7                                     -3.6933314591822786e-01
8                                      2.5314051012700567e-01
9                                     -9.8597398682449322e-02
10                                    -7.9245795268382047e-02
11                                    -6.4293960352461710e-02
12                                    -3.6455164033089460e-02
13                                     5.8758891459477880e-02
14                                    -5.3744378429642081e-02
15                                    -1.9849042970060182e-02
16                                    -6.2973112426549793e-02
17                                     2.1767896625009264e-01
18                                    -1.2217713215499471e-02
19                                    -3.4394261474704990e-01
20                                     1.4398787061893881e-01
21                                     7.0119894998160959e-02
22                                    -4.0093472652574746e-01
23                                    -4.1701746170677723e-01
   &VA [&Type "ArrayOfDoubles", &Dim (24,1)] "Mayer's total valence"
                                                         0

0                                      3.8965818502733178e+00
1                                      9.9113877764270608e-01
2                                      1.0170690284137398e+00
3                                      3.9587676038331527e+00
4                                      4.4968166347980354e+00
5                                      2.0707649276727835e+00
6                                      2.0473008297038899e+00
7                                      2.0941990792726188e+00
8                                      3.8480065662359770e+00
9                                      9.8721879815600100e-01
10                                     3.8549446627031756e+00
11                                     1.0345085402656344e+00
12                                     3.7301117666103027e+00
13                                     3.9089986677545725e+00
14                                     1.0392491111913489e+00
15                                     3.8283534522027729e+00
16                                     9.8233771631633937e-01
17                                     3.8915779408702886e+00
18                                     1.0630646031631878e+00
19                                     2.0154172481090282e+00
20                                     1.0160349127331390e+00
21                                     4.5668316179326673e+00
22                                     2.0966981175130277e+00
23                                     2.0796599395078612e+00
   &BVA [&Type "ArrayOfDoubles", &Dim (24,1)] "Mayer's bonded valence"
                                                         0

0                                      3.8965818502733276e+00
1                                      9.9113877764269898e-01
2                                      1.0170690284137376e+00
3                                      3.9587676038331208e+00
4                                      4.4968166347980194e+00
5                                      2.0707649276728013e+00
6                                      2.0473008297038682e+00
7                                      2.0941990792725917e+00
8                                      3.8480065662359877e+00
9                                      9.8721879815600666e-01
10                                     3.8549446627031680e+00
11                                     1.0345085402656349e+00
12                                     3.7301117666102797e+00
13                                     3.9089986677545476e+00
14                                     1.0392491111913427e+00
15                                     3.8283534522027685e+00
16                                     9.8233771631633748e-01
17                                     3.8915779408703415e+00
18                                     1.0630646031631947e+00
19                                     2.0154172481090402e+00
20                                     1.0160349127331365e+00
21                                     4.5668316179326780e+00
22                                     2.0966981175130677e+00
23                                     2.0796599395078683e+00
   &FA [&Type "ArrayOfDoubles", &Dim (24,1)] "Mayer's free valence"
                                                         0

0                                      0.0000000000000000e+00
1                                      0.0000000000000000e+00
2                                      0.0000000000000000e+00
3                                      0.0000000000000000e+00
4                                      0.0000000000000000e+00
5                                      0.0000000000000000e+00
6                                      0.0000000000000000e+00
7                                      0.0000000000000000e+00
8                                      0.0000000000000000e+00
9                                      0.0000000000000000e+00
10                                     0.0000000000000000e+00
11                                     0.0000000000000000e+00
12                                     0.0000000000000000e+00
13                                     0.0000000000000000e+00
14                                     0.0000000000000000e+00
15                                     0.0000000000000000e+00
16                                     0.0000000000000000e+00
17                                     0.0000000000000000e+00
18                                     0.0000000000000000e+00
19                                     0.0000000000000000e+00
20                                     0.0000000000000000e+00
21                                     0.0000000000000000e+00
22                                     0.0000000000000000e+00
23                                     0.0000000000000000e+00
$End
$VdW_Correction
   &GeometryIndex 1
   &ListStatus       OUT
   &VDW [&Type "Double"]      -5.3052404604046102e-02
$End
$Calculation_Info
   &GeometryIndex 1
   &ListStatus       OUT
   &MULT [&Type "Integer"] 1
   &CHARGE [&Type "Integer"] -2
   &NUMOFATOMS [&Type "Integer"] 24
   &NUMOFELECTRONS [&Type "Integer"] 118
   &NUMOFFCELECTRONS [&Type "Integer"] 1
   &NUMOFCORRELECTRONS [&Type "Integer"] 0
   &NUMOFBASISFUNCTS [&Type "Integer"] 264
   &NUMOFAUXCBASISFUNCTS [&Type "Integer"] 0
   &NUMOFAUXJBASISFUNCTS [&Type "Integer"] 872
   &NUMOFAUXJKBASISFUNCTS [&Type "Integer"] 0
   &NUMOFCABSBASISFUNCTS [&Type "Integer"] 0
   &TOTALENERGY [&Type "Double"]      -8.3614223095200498e+02  "Hartrees"
$End
$SCF_Dipole_Moment
   &GeometryIndex 1
   &ListStatus       OUT
   &METHOD [&Type "String"] "SCF"
   &LEVEL [&Type "String"] "Relaxed density"
   &MULT [&Type "Integer"] 1
   &STATE [&Type "Integer"] -1
   &IRREP [&Type "Integer"] 0
   &NATOMS [&Type "Integer"] 24
   &DODIPOLEATOM [&Type "Boolean"] false
   &DIPOLEELECCONTRIB [&Type "ArrayOfDoubles", &Dim (3,1)] "Electronic contribution"
                                                         0

0                                      7.8099076292982517e-01
1                                      3.8307294092273320e-01
2                                     -3.6437248842012393e-01
   &DIPOLENUCCONTRIB [&Type "ArrayOfDoubles", &Dim (3,1)] "Nuclear contribution"
                                                         0

0                                     -3.4217249054138392e+00
1                                     -2.4208709208906782e+00
2                                      4.5307696394520747e-01
   &DIPOLETOTAL [&Type "ArrayOfDoubles", &Dim (3,1)] "Total"
                                                         0

0                                     -2.6407341424840141e+00
1                                     -2.0377979799679449e+00
2                                      8.8704475525083537e-02
   &DIPOLEMAGNITUDE [&Type "Double", &Units "a.u."]       3.3367597909379687e+00
$End
