*************************************************
******************* ORCA 6.0.1 ******************
*************************************************
$Calculation_Status
   &GeometryIndex 1
   &ListStatus       OUT
   &VERSION [&Type "String"] "6.0.1"
   &PROGNAME [&Type "String"] "LeanSCF"
   &STATUS [&Type "String"] "NORMAL TERMINATION"
$End
$Geometry
   &GeometryIndex 1
   &ListStatus       OUT
   &NATOMS [&Type "Integer"] 24
   &NCORELESSECP [&Type "Integer"] 0
   &NGHOSTATOMS [&Type "Integer"] 0
   &CartesianCoordinates [&Type "Coordinates", &Dim(24,4), &Units "Bohr"] 
              C     82.934233943747   33.410072441679   78.089239277515
              H     83.849076996402   31.808856586845   77.181288303801
              H     83.950941713007   35.184226710686   78.330660925422
              C     80.925143732009   33.079979599822   79.780747441401
              C     80.076519156195   35.341064697994   81.453015692535
              O     81.539195191598   37.191773799604   81.637150773335
              O     77.986486238318   35.122115674505   82.576485321515
              O     79.668702980209   31.058304696172   79.868677452931
              C     77.205330362127   30.875836614130   76.406089405880
              H     76.370340623383   29.059874500864   76.923118478497
              C     79.267353346426   30.978203204718   74.832556612891
              H     80.244870048833   29.260883525659   74.243671773464
              C     80.404174399254   33.323390217721   74.260727644318
              C     78.919542084314   35.617043258264   74.691927208735
              H     79.674141379647   37.373549897522   73.915998637900
              C     76.723827158996   35.555549124659   75.969522345946
              H     75.659607380048   37.294255649664   76.290458606586
              C     75.618983555781   33.162948977084   77.047776388992
              H     75.572720358780   33.364272595571   79.123075497959
              O     73.145138689093   32.797178901905   76.088492759272
              H     71.952269409586   32.245854606882   77.459765624581
              C     82.560059019672   33.309813546666   72.308492871280
              O     83.989298082499   31.430543345753   72.329951835519
              O     82.752851117614   35.171766890289   70.819689084096
$End
$SCF_Energy
   &GeometryIndex 1
   &ListStatus       OUT
   &SCF_ENERGY [&Type "Double"]      -8.3606435710846711e+02
$End
$DFT_Energy
   &GeometryIndex 1
   &ListStatus       OUT
   &NALPHAEL [&Type "Integer"] 59
   &NBETAEL [&Type "Integer"] 59
   &NTOTALEL [&Type "Integer"] 118
   &EEXCHANGE [&Type "Double"]      -8.3076641011754745e+01
   &ECORR [&Type "Double"]      -4.8413576607825464e+00
   &ECNL [&Type "Double"]       0.0000000000000000e+00
   &EXC [&Type "Double"]      -8.7917998672537294e+01
   &EEMBED [&Type "Double"]       0.0000000000000000e+00
   &FINALEN [&Type "Double"]      -8.3606435710846711e+02  "No Van der Waals correction"
$End
$Mulliken_Population_Analysis
   &GeometryIndex 1
   &ListStatus       OUT
   &NATOMS [&Type "Integer"] 24
   &ATNO [&Type "ArrayOfIntegers", &Dim (24,1)] 
                                                         0

0                                                        6
1                                                        1
2                                                        1
3                                                        6
4                                                        6
5                                                        8
6                                                        8
7                                                        8
8                                                        6
9                                                        1
10                                                       6
11                                                       1
12                                                       6
13                                                       6
14                                                       1
15                                                       6
16                                                       1
17                                                       6
18                                                       1
19                                                       8
20                                                       1
21                                                       6
22                                                       8
23                                                       8
   &ATOMICCHARGES [&Type "ArrayOfDoubles", &Dim (24,1)] 
                                                         0

0                                      6.8793470603241147e-02
1                                     -2.2115792114306032e-02
2                                     -1.9694419948817155e-02
3                                     -5.0683924946508085e-02
4                                      7.7789434782519429e-02
5                                     -4.0202802292696127e-01
6                                     -4.1864628856660069e-01
7                                     -3.0880059898052892e-01
8                                      4.0513322753397141e-02
9                                     -7.9135012242295133e-02
10                                     3.2536511445067973e-02
11                                    -6.1308034358386720e-02
12                                    -1.2069174567096663e-01
13                                     7.1055484202567243e-02
14                                    -5.5185131366304319e-02
15                                    -4.7093721624877460e-02
16                                    -7.1708017989640105e-02
17                                     2.8502616319034324e-01
18                                     1.0619539738331296e-02
19                                    -3.5463882570105199e-01
20                                     1.4143454584175996e-01
21                                     1.0186832834026482e-01
22                                    -4.0586943218452198e-01
23                                    -4.1203783227555313e-01
$End
$Loewdin_Population_Analysis
   &GeometryIndex 1
   &ListStatus       OUT
   &NATOMS [&Type "Integer"] 24
   &ATNO [&Type "ArrayOfIntegers", &Dim (24,1)] 
                                                         0

0                                                        6
1                                                        1
2                                                        1
3                                                        6
4                                                        6
5                                                        8
6                                                        8
7                                                        8
8                                                        6
9                                                        1
10                                                       6
11                                                       1
12                                                       6
13                                                       6
14                                                       1
15                                                       6
16                                                       1
17                                                       6
18                                                       1
19                                                       8
20                                                       1
21                                                       6
22                                                       8
23                                                       8
   &ATOMICCHARGES [&Type "ArrayOfDoubles", &Dim (24,1)] 
                                                         0

0                                     -5.6825796868490208e-02
1                                      6.6390001428070500e-03
2                                      8.0456770963536206e-03
3                                     -3.2461408321175611e-02
4                                     -6.6723940694482842e-02
5                                     -3.6962026839067796e-01
6                                     -3.8418810515248580e-01
7                                     -2.0521497935215116e-01
8                                      2.3128724550876889e-02
9                                     -3.2035006611079719e-03
10                                    -4.7997592305451420e-02
11                                     8.1607528095878346e-03
12                                    -8.1461731155600958e-03
13                                    -9.7100149170339378e-03
14                                     1.4173464009681891e-02
15                                    -5.0324507724677225e-02
16                                     6.8388650730033529e-04
17                                     4.4657036724988330e-02
18                                     1.8673568296975085e-02
19                                    -1.7634328811563371e-01
20                                     7.2838988013277706e-02
21                                    -3.6197952715403936e-02
22                                    -3.6874809820795917e-01
23                                    -3.8129547160938060e-01
$End
$Mayer_Population_Analysis
   &GeometryIndex 1
   &ListStatus       OUT
   &NATOMS [&Type "Integer"] 24 "Total number of atoms"
   &BONDTHRESH [&Type "Double"]       1.0000000000000001e-01  "The threshold for printing"
   &NBONDORDERSPRINT [&Type "Integer"] 29 "The number of bond orders larger than threshold"
   &BONDORDERS [&Type "ArrayOfDoubles", &Dim (29,1)] "The bond orders"
                                                         0

0                                      9.0439279010153206e-01
1                                      9.1340716689166945e-01
2                                      1.3776866810933253e+00
3                                      1.1710314813787567e-01
4                                      4.0204354613639692e-01
5                                      8.0674753797582699e-01
6                                      1.7084238410871140e+00
7                                      1.8495219638525227e+00
8                                      1.7919697336560614e+00
9                                      1.2731710702332144e-01
10                                     1.2324479226598008e-01
11                                     2.2226362918063572e-01
12                                     9.4412359585506733e-01
13                                     1.5436702536589924e+00
14                                     9.8535908127610883e-01
15                                     9.5837205425904581e-01
16                                     1.2931683277232657e+00
17                                     1.0487044309001403e+00
18                                     8.2692932516526518e-01
19                                     9.7439425948702718e-01
20                                     1.7656026230511217e+00
21                                     9.5799956995045810e-01
22                                     9.8255671589452787e-01
23                                     8.4711597073365452e-01
24                                     9.7874424767631529e-01
25                                     9.7340294028006125e-01
26                                     1.8139002120437011e+00
27                                     1.8715203396597515e+00
28                                     1.1964171437711464e-01
   &COMPONENTS [&Type "ArrayOfIntegers", &Dim (29,4)] "The indices and atomic numbers of the bonding atoms"
                                                         0                           1                           2                           3

0                                                        0                           6                           1                           1
1                                                        0                           6                           2                           1
2                                                        0                           6                           3                           6
3                                                        0                           6                           8                           6
4                                                        0                           6                          12                           6
5                                                        3                           6                           4                           6
6                                                        3                           6                           7                           8
7                                                        4                           6                           5                           8
8                                                        4                           6                           6                           8
9                                                        5                           8                           6                           8
10                                                       6                           8                          18                           1
11                                                       7                           8                           8                           6
12                                                       8                           6                           9                           1
13                                                       8                           6                          10                           6
14                                                       8                           6                          17                           6
15                                                      10                           6                          11                           1
16                                                      10                           6                          12                           6
17                                                      12                           6                          13                           6
18                                                      12                           6                          21                           6
19                                                      13                           6                          14                           1
20                                                      13                           6                          15                           6
21                                                      15                           6                          16                           1
22                                                      15                           6                          17                           6
23                                                      17                           6                          18                           1
24                                                      17                           6                          19                           8
25                                                      19                           8                          20                           1
26                                                      21                           6                          22                           8
27                                                      21                           6                          23                           8
28                                                      22                           8                          23                           8
   &ATNO [&Type "ArrayOfIntegers", &Dim (24,1)] "Atomic number of the elements"
                                                         0

0                                                        6
1                                                        1
2                                                        1
3                                                        6
4                                                        6
5                                                        8
6                                                        8
7                                                        8
8                                                        6
9                                                        1
10                                                       6
11                                                       1
12                                                       6
13                                                       6
14                                                       1
15                                                       6
16                                                       1
17                                                       6
18                                                       1
19                                                       8
20                                                       1
21                                                       6
22                                                       8
23                                                       8
   &NA [&Type "ArrayOfDoubles", &Dim (24,1)] "Mulliken gross atomic population"
                                                         0

0                                      5.9312065293967562e+00
1                                      1.0221157921143074e+00
2                                      1.0196944199488187e+00
3                                      6.0506839249465285e+00
4                                      5.9222105652174726e+00
5                                      8.4020280229269595e+00
6                                      8.4186462885666113e+00
7                                      8.3088005989805449e+00
8                                      5.9594866772466153e+00
9                                      1.0791350122422942e+00
10                                     5.9674634885549160e+00
11                                     1.0613080343583881e+00
12                                     6.1206917456709551e+00
13                                     5.9289445157974319e+00
14                                     1.0551851313663037e+00
15                                     6.0470937216248961e+00
16                                     1.0717080179896388e+00
17                                     5.7149738368096665e+00
18                                     9.8938046026166837e-01
19                                     8.3546388257010449e+00
20                                     8.5856545415824026e-01
21                                     5.8981316716597245e+00
22                                     8.4058694321845220e+00
23                                     8.4120378322755336e+00
   &ZA [&Type "ArrayOfDoubles", &Dim (24,1)] "Total nuclear charge"
                                                         0

0                                      6.0000000000000000e+00
1                                      1.0000000000000000e+00
2                                      1.0000000000000000e+00
3                                      6.0000000000000000e+00
4                                      6.0000000000000000e+00
5                                      8.0000000000000000e+00
6                                      8.0000000000000000e+00
7                                      8.0000000000000000e+00
8                                      6.0000000000000000e+00
9                                      1.0000000000000000e+00
10                                     6.0000000000000000e+00
11                                     1.0000000000000000e+00
12                                     6.0000000000000000e+00
13                                     6.0000000000000000e+00
14                                     1.0000000000000000e+00
15                                     6.0000000000000000e+00
16                                     1.0000000000000000e+00
17                                     6.0000000000000000e+00
18                                     1.0000000000000000e+00
19                                     8.0000000000000000e+00
20                                     1.0000000000000000e+00
21                                     6.0000000000000000e+00
22                                     8.0000000000000000e+00
23                                     8.0000000000000000e+00
   &QA [&Type "ArrayOfDoubles", &Dim (24,1)] "Mulliken gross atomic charge"
                                                         0

0                                      6.8793470603243811e-02
1                                     -2.2115792114307364e-02
2                                     -1.9694419948818709e-02
3                                     -5.0683924946528514e-02
4                                      7.7789434782527422e-02
5                                     -4.0202802292695949e-01
6                                     -4.1864628856661135e-01
7                                     -3.0880059898054490e-01
8                                      4.0513322753384706e-02
9                                     -7.9135012242294245e-02
10                                     3.2536511445083960e-02
11                                    -6.1308034358388053e-02
12                                    -1.2069174567095509e-01
13                                     7.1055484202568131e-02
14                                    -5.5185131366303652e-02
15                                    -4.7093721624896112e-02
16                                    -7.1708017989638773e-02
17                                     2.8502616319033347e-01
18                                     1.0619539738331629e-02
19                                    -3.5463882570104488e-01
20                                     1.4143454584175974e-01
21                                     1.0186832834027548e-01
22                                    -4.0586943218452198e-01
23                                    -4.1203783227553359e-01
   &VA [&Type "ArrayOfDoubles", &Dim (24,1)] "Mayer's total valence"
                                                         0

0                                      3.7891573062458832e+00
1                                      1.0369259276996776e+00
2                                      1.0326386867773705e+00
3                                      4.0428066642034786e+00
4                                      4.4420202814297332e+00
5                                      2.0932689126846857e+00
6                                      2.0671574975915563e+00
7                                      2.1423789903299255e+00
8                                      3.9210990186973533e+00
9                                      9.8933390895516238e-01
10                                     3.9248728387617327e+00
11                                     1.0282066722087539e+00
12                                     3.6765965345208849e+00
13                                     3.8747107741322804e+00
14                                     1.0232974071603107e+00
15                                     3.8713484556939890e+00
16                                     9.8475473100066413e-01
17                                     3.8044304234024851e+00
18                                     1.0905548597070027e+00
19                                     1.9998731143393726e+00
20                                     1.0237181660221641e+00
21                                     4.5161495588125380e+00
22                                     2.0679365001779728e+00
23                                     2.0927032853015159e+00
   &BVA [&Type "ArrayOfDoubles", &Dim (24,1)] "Mayer's bonded valence"
                                                         0

0                                      3.7891573062459005e+00
1                                      1.0369259276996718e+00
2                                      1.0326386867773658e+00
3                                      4.0428066642034297e+00
4                                      4.4420202814296896e+00
5                                      2.0932689126846609e+00
6                                      2.0671574975915061e+00
7                                      2.1423789903298411e+00
8                                      3.9210990186973413e+00
9                                      9.8933390895517326e-01
10                                     3.9248728387617269e+00
11                                     1.0282066722087444e+00
12                                     3.6765965345208640e+00
13                                     3.8747107741322218e+00
14                                     1.0232974071602885e+00
15                                     3.8713484556938984e+00
16                                     9.8475473100065736e-01
17                                     3.8044304234024939e+00
18                                     1.0905548597070054e+00
19                                     1.9998731143393915e+00
20                                     1.0237181660221581e+00
21                                     4.5161495588125460e+00
22                                     2.0679365001779875e+00
23                                     2.0927032853015652e+00
   &FA [&Type "ArrayOfDoubles", &Dim (24,1)] "Mayer's free valence"
                                                         0

0                                      0.0000000000000000e+00
1                                      0.0000000000000000e+00
2                                      0.0000000000000000e+00
3                                      0.0000000000000000e+00
4                                      0.0000000000000000e+00
5                                      0.0000000000000000e+00
6                                      0.0000000000000000e+00
7                                      0.0000000000000000e+00
8                                      0.0000000000000000e+00
9                                      0.0000000000000000e+00
10                                     0.0000000000000000e+00
11                                     0.0000000000000000e+00
12                                     0.0000000000000000e+00
13                                     0.0000000000000000e+00
14                                     0.0000000000000000e+00
15                                     0.0000000000000000e+00
16                                     0.0000000000000000e+00
17                                     0.0000000000000000e+00
18                                     0.0000000000000000e+00
19                                     0.0000000000000000e+00
20                                     0.0000000000000000e+00
21                                     0.0000000000000000e+00
22                                     0.0000000000000000e+00
23                                     0.0000000000000000e+00
$End
$VdW_Correction
   &GeometryIndex 1
   &ListStatus       OUT
   &VDW [&Type "Double"]      -5.5710072663970642e-02
$End
$Calculation_Info
   &GeometryIndex 1
   &ListStatus       OUT
   &MULT [&Type "Integer"] 1
   &CHARGE [&Type "Integer"] -2
   &NUMOFATOMS [&Type "Integer"] 24
   &NUMOFELECTRONS [&Type "Integer"] 118
   &NUMOFFCELECTRONS [&Type "Integer"] 1
   &NUMOFCORRELECTRONS [&Type "Integer"] 0
   &NUMOFBASISFUNCTS [&Type "Integer"] 264
   &NUMOFAUXCBASISFUNCTS [&Type "Integer"] 0
   &NUMOFAUXJBASISFUNCTS [&Type "Integer"] 872
   &NUMOFAUXJKBASISFUNCTS [&Type "Integer"] 0
   &NUMOFCABSBASISFUNCTS [&Type "Integer"] 0
   &TOTALENERGY [&Type "Double"]      -8.3612006718113105e+02  "Hartrees"
$End
$SCF_Dipole_Moment
   &GeometryIndex 1
   &ListStatus       OUT
   &METHOD [&Type "String"] "SCF"
   &LEVEL [&Type "String"] "Relaxed density"
   &MULT [&Type "Integer"] 1
   &STATE [&Type "Integer"] -1
   &IRREP [&Type "Integer"] 0
   &NATOMS [&Type "Integer"] 24
   &DODIPOLEATOM [&Type "Boolean"] false
   &DIPOLEELECCONTRIB [&Type "ArrayOfDoubles", &Dim (3,1)] "Electronic contribution"
                                                         0

0                                      1.9579164864251120e+00
1                                      2.3349547510159752e-01
2                                      3.6325697298212156e-01
   &DIPOLENUCCONTRIB [&Type "ArrayOfDoubles", &Dim (3,1)] "Nuclear contribution"
                                                         0

0                                     -4.6766607904156103e+00
1                                     -1.5718289356920003e+00
2                                     -4.6862215320692258e-01
   &DIPOLETOTAL [&Type "ArrayOfDoubles", &Dim (3,1)] "Total"
                                                         0

0                                     -2.7187443039904986e+00
1                                     -1.3383334605904027e+00
2                                     -1.0536518022480101e-01
   &DIPOLEMAGNITUDE [&Type "Double", &Units "a.u."]       3.0321294272211516e+00
$End
