*************************************************
******************* ORCA 6.0.1 ******************
*************************************************
$Calculation_Status
   &GeometryIndex 1
   &ListStatus       OUT
   &VERSION [&Type "String"] "6.0.1"
   &PROGNAME [&Type "String"] "LeanSCF"
   &STATUS [&Type "String"] "NORMAL TERMINATION"
$End
$Geometry
   &GeometryIndex 1
   &ListStatus       OUT
   &NATOMS [&Type "Integer"] 24
   &NCORELESSECP [&Type "Integer"] 0
   &NGHOSTATOMS [&Type "Integer"] 0
   &CartesianCoordinates [&Type "Coordinates", &Dim(24,4), &Units "Bohr"] 
              C     73.879235172852   31.469312660591   81.396990548600
              H     75.409267981499   30.316272019692   80.661792371073
              H     74.168934327402   33.490045713042   81.676728962568
              C     71.855818732320   30.227645747291   82.550645339915
              C     69.900424540937   31.606394951615   84.218865840520
              O     70.047338784280   33.971161548587   84.447122207126
              O     68.292551606056   30.252540951862   85.312046244200
              O     71.455800808192   27.893756515439   82.122973827755
              C     69.602937910218   27.665916160342   78.431292965273
              H     69.193526820615   25.652932579351   78.618584415147
              C     71.810051559513   28.442950154675   77.278263954644
              H     73.310032695081   27.105517849257   76.849931751552
              C     72.350439946858   31.012571038294   77.013414181141
              C     70.317341340466   32.852872174799   77.420738714100
              H     70.765106899283   34.834181498651   77.064809622933
              C     68.038380622192   32.136625240635   78.275843763756
              H     66.586499954271   33.549036968335   78.670168342627
              C     67.364341260977   29.414470778197   78.769775522959
              H     66.676449457989   29.235380885023   80.731466382954
              O     65.447146809913   28.665521255783   77.035360195543
              H     64.067203869443   27.693676821785   77.922189804579
              C     74.609363733968   31.738822104895   75.348250159063
              O     76.467568435733   30.244220550007   75.158774219332
              O     74.406423259416   33.757402241486   74.129576207198
$End
$SCF_Energy
   &GeometryIndex 1
   &ListStatus       OUT
   &SCF_ENERGY [&Type "Double"]      -8.3605468543537120e+02
$End
$DFT_Energy
   &GeometryIndex 1
   &ListStatus       OUT
   &NALPHAEL [&Type "Integer"] 59
   &NBETAEL [&Type "Integer"] 59
   &NTOTALEL [&Type "Integer"] 118
   &EEXCHANGE [&Type "Double"]      -8.3076328179940504e+01
   &ECORR [&Type "Double"]      -4.8406813498421482e+00
   &ECNL [&Type "Double"]       0.0000000000000000e+00
   &EXC [&Type "Double"]      -8.7917009529782646e+01
   &EEMBED [&Type "Double"]       0.0000000000000000e+00
   &FINALEN [&Type "Double"]      -8.3605468543537120e+02  "No Van der Waals correction"
$End
$Mulliken_Population_Analysis
   &GeometryIndex 1
   &ListStatus       OUT
   &NATOMS [&Type "Integer"] 24
   &ATNO [&Type "ArrayOfIntegers", &Dim (24,1)] 
                                                         0

0                                                        6
1                                                        1
2                                                        1
3                                                        6
4                                                        6
5                                                        8
6                                                        8
7                                                        8
8                                                        6
9                                                        1
10                                                       6
11                                                       1
12                                                       6
13                                                       6
14                                                       1
15                                                       6
16                                                       1
17                                                       6
18                                                       1
19                                                       8
20                                                       1
21                                                       6
22                                                       8
23                                                       8
   &ATOMICCHARGES [&Type "ArrayOfDoubles", &Dim (24,1)] 
                                                         0

0                                      8.2579229333834547e-02
1                                     -2.6751603014743441e-02
2                                     -2.3591068325068854e-02
3                                     -4.4969101137732004e-02
4                                      5.8663725898616015e-02
5                                     -4.0882887456346850e-01
6                                     -4.1808946167419059e-01
7                                     -3.1233817836165656e-01
8                                      6.8129055395838023e-02
9                                     -7.2558067569129303e-02
10                                     2.7531789166447496e-02
11                                    -6.0741955959358940e-02
12                                    -1.1666394845534533e-01
13                                     8.2954119308190855e-02
14                                    -5.3553560022125080e-02
15                                    -3.7584379649266531e-02
16                                    -6.8377217828714532e-02
17                                     2.6097041540693589e-01
18                                     3.4272245385109645e-03
19                                    -3.4965459726880610e-01
20                                     1.3822786067784010e-01
21                                     8.9028209659351987e-02
22                                    -4.2349283447361863e-01
23                                    -3.9431678108239865e-01
$End
$Loewdin_Population_Analysis
   &GeometryIndex 1
   &ListStatus       OUT
   &NATOMS [&Type "Integer"] 24
   &ATNO [&Type "ArrayOfIntegers", &Dim (24,1)] 
                                                         0

0                                                        6
1                                                        1
2                                                        1
3                                                        6
4                                                        6
5                                                        8
6                                                        8
7                                                        8
8                                                        6
9                                                        1
10                                                       6
11                                                       1
12                                                       6
13                                                       6
14                                                       1
15                                                       6
16                                                       1
17                                                       6
18                                                       1
19                                                       8
20                                                       1
21                                                       6
22                                                       8
23                                                       8
   &ATOMICCHARGES [&Type "ArrayOfDoubles", &Dim (24,1)] 
                                                         0

0                                     -6.2408919731530510e-02
1                                      7.9741403777038311e-03
2                                      7.1216046953356260e-03
3                                     -3.1696496852783085e-02
4                                     -7.6175199693566675e-02
5                                     -3.8190253619323045e-01
6                                     -3.8275763903923909e-01
7                                     -1.9788405200834625e-01
8                                      3.8699502589079948e-02
9                                     -7.2885960400115302e-04
10                                    -4.7069730572538937e-02
11                                     8.3536306703503316e-03
12                                    -1.0261536938757310e-02
13                                    -9.3470187437372232e-04
14                                     1.4831367647449745e-02
15                                    -5.9387672118851320e-02
16                                     2.1395108621462544e-03
17                                     4.9945613718959336e-02
18                                     1.8085892133525960e-02
19                                    -1.7689837930929997e-01
20                                     7.1732013008324436e-02
21                                    -3.7382167906645947e-02
22                                    -3.9070639368672921e-01
23                                    -3.6268899017304967e-01
$End
$Mayer_Population_Analysis
   &GeometryIndex 1
   &ListStatus       OUT
   &NATOMS [&Type "Integer"] 24 "Total number of atoms"
   &BONDTHRESH [&Type "Double"]       1.0000000000000001e-01  "The threshold for printing"
   &NBONDORDERSPRINT [&Type "Integer"] 28 "The number of bond orders larger than threshold"
   &BONDORDERS [&Type "ArrayOfDoubles", &Dim (28,1)] "The bond orders"
                                                         0

0                                      8.9619575532001183e-01
1                                      9.2371784094540965e-01
2                                      1.4299364467034021e+00
3                                      1.2631267083735093e-01
4                                      3.4789641793735027e-01
5                                      8.1159807563519126e-01
6                                      1.6471949350067681e+00
7                                      1.8694218326110887e+00
8                                      1.8152106498885849e+00
9                                      1.2015585459744682e-01
10                                     2.7295374430060992e-01
11                                     9.4394203527095977e-01
12                                     1.4707224668589129e+00
13                                     9.8844924804975043e-01
14                                     9.5631993670562776e-01
15                                     1.3568771549214240e+00
16                                     1.0504046709657164e+00
17                                     8.3539394763393660e-01
18                                     9.7182837065671535e-01
19                                     1.7781835267223334e+00
20                                     9.5741224196692076e-01
21                                     9.8182156638274820e-01
22                                     8.7413480221674333e-01
23                                     9.8349056042354932e-01
24                                     9.7114139526261811e-01
25                                     1.8281057526032520e+00
26                                     1.8746391359589416e+00
27                                     1.1946446045035987e-01
   &COMPONENTS [&Type "ArrayOfIntegers", &Dim (28,4)] "The indices and atomic numbers of the bonding atoms"
                                                         0                           1                           2                           3

0                                                        0                           6                           1                           1
1                                                        0                           6                           2                           1
2                                                        0                           6                           3                           6
3                                                        0                           6                           8                           6
4                                                        0                           6                          12                           6
5                                                        3                           6                           4                           6
6                                                        3                           6                           7                           8
7                                                        4                           6                           5                           8
8                                                        4                           6                           6                           8
9                                                        5                           8                           6                           8
10                                                       7                           8                           8                           6
11                                                       8                           6                           9                           1
12                                                       8                           6                          10                           6
13                                                       8                           6                          17                           6
14                                                      10                           6                          11                           1
15                                                      10                           6                          12                           6
16                                                      12                           6                          13                           6
17                                                      12                           6                          21                           6
18                                                      13                           6                          14                           1
19                                                      13                           6                          15                           6
20                                                      15                           6                          16                           1
21                                                      15                           6                          17                           6
22                                                      17                           6                          18                           1
23                                                      17                           6                          19                           8
24                                                      19                           8                          20                           1
25                                                      21                           6                          22                           8
26                                                      21                           6                          23                           8
27                                                      22                           8                          23                           8
   &ATNO [&Type "ArrayOfIntegers", &Dim (24,1)] "Atomic number of the elements"
                                                         0

0                                                        6
1                                                        1
2                                                        1
3                                                        6
4                                                        6
5                                                        8
6                                                        8
7                                                        8
8                                                        6
9                                                        1
10                                                       6
11                                                       1
12                                                       6
13                                                       6
14                                                       1
15                                                       6
16                                                       1
17                                                       6
18                                                       1
19                                                       8
20                                                       1
21                                                       6
22                                                       8
23                                                       8
   &NA [&Type "ArrayOfDoubles", &Dim (24,1)] "Mulliken gross atomic population"
                                                         0

0                                      5.9174207706661788e+00
1                                      1.0267516030147423e+00
2                                      1.0235910683250669e+00
3                                      6.0449691011377098e+00
4                                      5.9413362741013698e+00
5                                      8.4088288745634525e+00
6                                      8.4180894616741835e+00
7                                      8.3123381783616477e+00
8                                      5.9318709446041584e+00
9                                      1.0725580675691291e+00
10                                     5.9724682108335330e+00
11                                     1.0607419559593612e+00
12                                     6.1166639484553356e+00
13                                     5.9170458806918127e+00
14                                     1.0535535600221264e+00
15                                     6.0375843796492568e+00
16                                     1.0683772178287161e+00
17                                     5.7390295845930597e+00
18                                     9.9657277546148948e-01
19                                     8.3496545972687919e+00
20                                     8.6177213932216012e-01
21                                     5.9109717903406356e+00
22                                     8.4234928344736346e+00
23                                     8.3943167810823791e+00
   &ZA [&Type "ArrayOfDoubles", &Dim (24,1)] "Total nuclear charge"
                                                         0

0                                      6.0000000000000000e+00
1                                      1.0000000000000000e+00
2                                      1.0000000000000000e+00
3                                      6.0000000000000000e+00
4                                      6.0000000000000000e+00
5                                      8.0000000000000000e+00
6                                      8.0000000000000000e+00
7                                      8.0000000000000000e+00
8                                      6.0000000000000000e+00
9                                      1.0000000000000000e+00
10                                     6.0000000000000000e+00
11                                     1.0000000000000000e+00
12                                     6.0000000000000000e+00
13                                     6.0000000000000000e+00
14                                     1.0000000000000000e+00
15                                     6.0000000000000000e+00
16                                     1.0000000000000000e+00
17                                     6.0000000000000000e+00
18                                     1.0000000000000000e+00
19                                     8.0000000000000000e+00
20                                     1.0000000000000000e+00
21                                     6.0000000000000000e+00
22                                     8.0000000000000000e+00
23                                     8.0000000000000000e+00
   &QA [&Type "ArrayOfDoubles", &Dim (24,1)] "Mulliken gross atomic charge"
                                                         0

0                                      8.2579229333821225e-02
1                                     -2.6751603014742331e-02
2                                     -2.3591068325066855e-02
3                                     -4.4969101137709799e-02
4                                      5.8663725898630226e-02
5                                     -4.0882887456345252e-01
6                                     -4.1808946167418348e-01
7                                     -3.1233817836164768e-01
8                                      6.8129055395841576e-02
9                                     -7.2558067569129081e-02
10                                     2.7531789166467036e-02
11                                    -6.0741955959361160e-02
12                                    -1.1666394845533556e-01
13                                     8.2954119308187302e-02
14                                    -5.3553560022126412e-02
15                                    -3.7584379649256761e-02
16                                    -6.8377217828716086e-02
17                                     2.6097041540694033e-01
18                                     3.4272245385105204e-03
19                                    -3.4965459726879189e-01
20                                     1.3822786067783988e-01
21                                     8.9028209659364421e-02
22                                    -4.2349283447363462e-01
23                                    -3.9431678108237911e-01
   &VA [&Type "ArrayOfDoubles", &Dim (24,1)] "Mayer's total valence"
                                                         0

0                                      3.8027715254493235e+00
1                                      1.0191138669967195e+00
2                                      1.0163597449559265e+00
3                                      4.0259921217271284e+00
4                                      4.4906808094856414e+00
5                                      2.0822935253485140e+00
6                                      2.0476249790305268e+00
7                                      2.1376365418743397e+00
8                                      3.9007239812138210e+00
9                                      9.8917658844585621e-01
10                                     3.9306090867039440e+00
11                                     1.0344658886652005e+00
12                                     3.6960876537699709e+00
13                                     3.9106480054499020e+00
14                                     1.0225936859767590e+00
15                                     3.8661457358350675e+00
16                                     9.8540372576169843e-01
17                                     3.8570364297568784e+00
18                                     1.0533871893298590e+00
19                                     1.9999405203959810e+00
20                                     1.0262692171741776e+00
21                                     4.5409667881439724e+00
22                                     2.0576892780891067e+00
23                                     2.1048845232839946e+00
   &BVA [&Type "ArrayOfDoubles", &Dim (24,1)] "Mayer's bonded valence"
                                                         0

0                                      3.8027715254493044e+00
1                                      1.0191138669967301e+00
2                                      1.0163597449559332e+00
3                                      4.0259921217272021e+00
4                                      4.4906808094856476e+00
5                                      2.0822935253484856e+00
6                                      2.0476249790305459e+00
7                                      2.1376365418743948e+00
8                                      3.9007239812138623e+00
9                                      9.8917658844589340e-01
10                                     3.9306090867038876e+00
11                                     1.0344658886651648e+00
12                                     3.6960876537700456e+00
13                                     3.9106480054499926e+00
14                                     1.0225936859767784e+00
15                                     3.8661457358350773e+00
16                                     9.8540372576169144e-01
17                                     3.8570364297568647e+00
18                                     1.0533871893298472e+00
19                                     1.9999405203960166e+00
20                                     1.0262692171741796e+00
21                                     4.5409667881440496e+00
22                                     2.0576892780890472e+00
23                                     2.1048845232840199e+00
   &FA [&Type "ArrayOfDoubles", &Dim (24,1)] "Mayer's free valence"
                                                         0

0                                      0.0000000000000000e+00
1                                      0.0000000000000000e+00
2                                      0.0000000000000000e+00
3                                      0.0000000000000000e+00
4                                      0.0000000000000000e+00
5                                      0.0000000000000000e+00
6                                      0.0000000000000000e+00
7                                      0.0000000000000000e+00
8                                      0.0000000000000000e+00
9                                      0.0000000000000000e+00
10                                     0.0000000000000000e+00
11                                     0.0000000000000000e+00
12                                     0.0000000000000000e+00
13                                     0.0000000000000000e+00
14                                     0.0000000000000000e+00
15                                     0.0000000000000000e+00
16                                     0.0000000000000000e+00
17                                     0.0000000000000000e+00
18                                     0.0000000000000000e+00
19                                     0.0000000000000000e+00
20                                     0.0000000000000000e+00
21                                     0.0000000000000000e+00
22                                     0.0000000000000000e+00
23                                     0.0000000000000000e+00
$End
$VdW_Correction
   &GeometryIndex 1
   &ListStatus       OUT
   &VDW [&Type "Double"]      -5.5915283594750564e-02
$End
$Calculation_Info
   &GeometryIndex 1
   &ListStatus       OUT
   &MULT [&Type "Integer"] 1
   &CHARGE [&Type "Integer"] -2
   &NUMOFATOMS [&Type "Integer"] 24
   &NUMOFELECTRONS [&Type "Integer"] 118
   &NUMOFFCELECTRONS [&Type "Integer"] 1
   &NUMOFCORRELECTRONS [&Type "Integer"] 0
   &NUMOFBASISFUNCTS [&Type "Integer"] 264
   &NUMOFAUXCBASISFUNCTS [&Type "Integer"] 0
   &NUMOFAUXJBASISFUNCTS [&Type "Integer"] 872
   &NUMOFAUXJKBASISFUNCTS [&Type "Integer"] 0
   &NUMOFCABSBASISFUNCTS [&Type "Integer"] 0
   &TOTALENERGY [&Type "Double"]      -8.3611060071896600e+02  "Hartrees"
$End
$SCF_Dipole_Moment
   &GeometryIndex 1
   &ListStatus       OUT
   &METHOD [&Type "String"] "SCF"
   &LEVEL [&Type "String"] "Relaxed density"
   &MULT [&Type "Integer"] 1
   &STATE [&Type "Integer"] -1
   &IRREP [&Type "Integer"] 0
   &NATOMS [&Type "Integer"] 24
   &DODIPOLEATOM [&Type "Boolean"] false
   &DIPOLEELECCONTRIB [&Type "ArrayOfDoubles", &Dim (3,1)] "Electronic contribution"
                                                         0

0                                      1.6597123835452359e+00
1                                      2.2754045300740933e-01
2                                      5.3932959573633799e-01
   &DIPOLENUCCONTRIB [&Type "ArrayOfDoubles", &Dim (3,1)] "Nuclear contribution"
                                                         0

0                                     -3.7165427486974778e+00
1                                     -1.8510172786728631e+00
2                                     -1.2313746544888176e+00
   &DIPOLETOTAL [&Type "ArrayOfDoubles", &Dim (3,1)] "Total"
                                                         0

0                                     -2.0568303651522419e+00
1                                     -1.6234768256654539e+00
2                                     -6.9204505875247957e-01
   &DIPOLEMAGNITUDE [&Type "Double", &Units "a.u."]       2.7101945535014282e+00
$End
