*************************************************
******************* ORCA 6.0.1 ******************
*************************************************
$Calculation_Status
   &GeometryIndex 1
   &ListStatus       OUT
   &VERSION [&Type "String"] "6.0.1"
   &PROGNAME [&Type "String"] "LeanSCF"
   &STATUS [&Type "String"] "NORMAL TERMINATION"
$End
$Geometry
   &GeometryIndex 1
   &ListStatus       OUT
   &NATOMS [&Type "Integer"] 24
   &NCORELESSECP [&Type "Integer"] 0
   &NGHOSTATOMS [&Type "Integer"] 0
   &CartesianCoordinates [&Type "Coordinates", &Dim(24,4), &Units "Bohr"] 
              C     83.926517059711   35.575984197201   65.388303685943
              H     84.291234203557   34.417582077108   63.725344688092
              H     85.302237685205   36.998947976044   65.955221526120
              C     81.844038860129   35.279297194176   66.790480477313
              C     81.405622397060   36.817534267188   69.186653215125
              O     83.055353311973   38.420022028753   69.747901876899
              O     79.432748313246   36.367779447314   70.443321094182
              O     80.033681223833   33.497285449888   66.214114006467
              C     78.102381114965   34.043416302591   64.292262528269
              H     76.932640638068   32.329434699125   64.301711158938
              C     79.396843516701   34.379787554429   61.799713757627
              H     80.069586020377   32.711159378177   60.796269180514
              C     80.001555879556   36.700371246885   60.936108914425
              C     79.069920895533   38.939696715581   62.285373374044
              H     79.782347648021   40.768951613217   61.648535666913
              C     77.412631076084   38.763952185127   64.207224852242
              H     76.715322132667   40.470374884058   65.146418740801
              C     76.380840606963   36.258175331547   65.095396135185
              H     76.352494714954   36.237388344074   67.181653787034
              O     73.907189097660   35.953929423986   64.105179641011
              H     72.886736985343   34.844660183374   65.271140665640
              C     81.857266943067   37.012176058982   58.744026599076
              O     82.375051903761   35.156464995471   57.379644330385
              O     82.872049876983   39.147566590313   58.502141653934
$End
$SCF_Energy
   &GeometryIndex 1
   &ListStatus       OUT
   &SCF_ENERGY [&Type "Double"]      -8.3609534625671506e+02
$End
$DFT_Energy
   &GeometryIndex 1
   &ListStatus       OUT
   &NALPHAEL [&Type "Integer"] 59
   &NBETAEL [&Type "Integer"] 59
   &NTOTALEL [&Type "Integer"] 117
   &EEXCHANGE [&Type "Double"]      -8.3125441219923346e+01
   &ECORR [&Type "Double"]      -4.8455695227601696e+00
   &ECNL [&Type "Double"]       0.0000000000000000e+00
   &EXC [&Type "Double"]      -8.7971010742683518e+01
   &EEMBED [&Type "Double"]       0.0000000000000000e+00
   &FINALEN [&Type "Double"]      -8.3609534625671506e+02  "No Van der Waals correction"
$End
$Mulliken_Population_Analysis
   &GeometryIndex 1
   &ListStatus       OUT
   &NATOMS [&Type "Integer"] 24
   &ATNO [&Type "ArrayOfIntegers", &Dim (24,1)] 
                                                         0

0                                                        6
1                                                        1
2                                                        1
3                                                        6
4                                                        6
5                                                        8
6                                                        8
7                                                        8
8                                                        6
9                                                        1
10                                                       6
11                                                       1
12                                                       6
13                                                       6
14                                                       1
15                                                       6
16                                                       1
17                                                       6
18                                                       1
19                                                       8
20                                                       1
21                                                       6
22                                                       8
23                                                       8
   &ATOMICCHARGES [&Type "ArrayOfDoubles", &Dim (24,1)] 
                                                         0

0                                      1.0517701364109122e-02
1                                     -2.1665853334273733e-02
2                                     -2.8284520593781393e-02
3                                      6.0169573525508113e-03
4                                      8.3749453199965629e-02
5                                     -4.0512692084699964e-01
6                                     -4.1861731876048047e-01
7                                     -3.7168405593174647e-01
8                                      2.7132485957070696e-01
9                                     -9.5505921245928160e-02
10                                    -8.4449653545291881e-02
11                                    -6.3747902005788282e-02
12                                    -2.8563191688157907e-02
13                                     4.8091644841985470e-02
14                                    -5.8880679787524759e-02
15                                    -3.0196976863641645e-02
16                                    -6.6583816794328010e-02
17                                     2.1178549318409079e-01
18                                    -1.0566341785643862e-02
19                                    -3.4174988390918593e-01
20                                     1.4271015439826995e-01
21                                     6.5209630645750138e-02
22                                    -4.0665904144151277e-01
23                                    -4.0712381602328307e-01
$End
$Loewdin_Population_Analysis
   &GeometryIndex 1
   &ListStatus       OUT
   &NATOMS [&Type "Integer"] 24
   &ATNO [&Type "ArrayOfIntegers", &Dim (24,1)] 
                                                         0

0                                                        6
1                                                        1
2                                                        1
3                                                        6
4                                                        6
5                                                        8
6                                                        8
7                                                        8
8                                                        6
9                                                        1
10                                                       6
11                                                       1
12                                                       6
13                                                       6
14                                                       1
15                                                       6
16                                                       1
17                                                       6
18                                                       1
19                                                       8
20                                                       1
21                                                       6
22                                                       8
23                                                       8
   &ATOMICCHARGES [&Type "ArrayOfDoubles", &Dim (24,1)] 
                                                         0

0                                     -9.5049214175091379e-02
1                                      6.5920544527927616e-03
2                                      1.1120124734317560e-02
3                                     -9.8094237504211534e-03
4                                     -5.8285237502142984e-02
5                                     -3.7739398425327586e-01
6                                     -3.8574252125994590e-01
7                                     -1.5581510509710483e-01
8                                      7.6914812339428984e-02
9                                     -6.9405937026021380e-03
10                                    -4.5959236578101859e-02
11                                     1.6832782720119788e-03
12                                    -5.8921814406237338e-02
13                                    -4.5948509917739244e-03
14                                     1.2157351833290919e-02
15                                    -5.5811231655654048e-02
16                                     6.0479909981303592e-04
17                                     4.2629049903669447e-02
18                                     9.4488104720990007e-03
19                                    -1.7331835685682151e-01
20                                     7.3803357310789908e-02
21                                    -4.8859418537960053e-02
22                                    -3.8227723056453300e-01
23                                    -3.7617541908669772e-01
$End
$Mayer_Population_Analysis
   &GeometryIndex 1
   &ListStatus       OUT
   &NATOMS [&Type "Integer"] 24 "Total number of atoms"
   &BONDTHRESH [&Type "Double"]       1.0000000000000001e-01  "The threshold for printing"
   &NBONDORDERSPRINT [&Type "Integer"] 27 "The number of bond orders larger than threshold"
   &BONDORDERS [&Type "ArrayOfDoubles", &Dim (27,1)] "The bond orders"
                                                         0

0                                      9.1413068848818668e-01
1                                      9.0369570938741106e-01
2                                      1.9621044888010322e+00
3                                      8.3451042263290720e-01
4                                      1.0299754795928506e+00
5                                      1.8887077132659376e+00
6                                      1.7865275751660139e+00
7                                      1.2402660697564334e-01
8                                      1.1914448944884308e-01
9                                      9.4927267028092222e-01
10                                     8.8862849884007411e-01
11                                     9.6856434126183977e-01
12                                     9.5964169223571050e-01
13                                     9.3773181216122303e-01
14                                     1.7794865907636741e+00
15                                     1.0921805430530054e+00
16                                     8.2628987609993876e-01
17                                     9.6361445775353249e-01
18                                     1.7714068794758904e+00
19                                     9.5803003385349184e-01
20                                     9.7233051230435819e-01
21                                     8.8550165416341264e-01
22                                     1.0188814946630029e+00
23                                     9.7281247387531888e-01
24                                     1.8920360552661872e+00
25                                     1.8593523542677153e+00
26                                     1.1788433628312854e-01
   &COMPONENTS [&Type "ArrayOfIntegers", &Dim (27,4)] "The indices and atomic numbers of the bonding atoms"
                                                         0                           1                           2                           3

0                                                        0                           6                           1                           1
1                                                        0                           6                           2                           1
2                                                        0                           6                           3                           6
3                                                        3                           6                           4                           6
4                                                        3                           6                           7                           8
5                                                        4                           6                           5                           8
6                                                        4                           6                           6                           8
7                                                        5                           8                           6                           8
8                                                        6                           8                          18                           1
9                                                        7                           8                           8                           6
10                                                       8                           6                           9                           1
11                                                       8                           6                          10                           6
12                                                       8                           6                          17                           6
13                                                      10                           6                          11                           1
14                                                      10                           6                          12                           6
15                                                      12                           6                          13                           6
16                                                      12                           6                          21                           6
17                                                      13                           6                          14                           1
18                                                      13                           6                          15                           6
19                                                      15                           6                          16                           1
20                                                      15                           6                          17                           6
21                                                      17                           6                          18                           1
22                                                      17                           6                          19                           8
23                                                      19                           8                          20                           1
24                                                      21                           6                          22                           8
25                                                      21                           6                          23                           8
26                                                      22                           8                          23                           8
   &ATNO [&Type "ArrayOfIntegers", &Dim (24,1)] "Atomic number of the elements"
                                                         0

0                                                        6
1                                                        1
2                                                        1
3                                                        6
4                                                        6
5                                                        8
6                                                        8
7                                                        8
8                                                        6
9                                                        1
10                                                       6
11                                                       1
12                                                       6
13                                                       6
14                                                       1
15                                                       6
16                                                       1
17                                                       6
18                                                       1
19                                                       8
20                                                       1
21                                                       6
22                                                       8
23                                                       8
   &NA [&Type "ArrayOfDoubles", &Dim (24,1)] "Mulliken gross atomic population"
                                                         0

0                                      5.9894822986358882e+00
1                                      1.0216658533342737e+00
2                                      1.0282845205937814e+00
3                                      5.9939830426474501e+00
4                                      5.9162505468000326e+00
5                                      8.4051269208469961e+00
6                                      8.4186173187604751e+00
7                                      8.3716840559317500e+00
8                                      5.7286751404292957e+00
9                                      1.0955059212459279e+00
10                                     6.0844496535452954e+00
11                                     1.0637479020057887e+00
12                                     6.0285631916881579e+00
13                                     5.9519083551580154e+00
14                                     1.0588806797875243e+00
15                                     6.0301969768636416e+00
16                                     1.0665838167943282e+00
17                                     5.7882145068159083e+00
18                                     1.0105663417856441e+00
19                                     8.3417498839091841e+00
20                                     8.5728984560173049e-01
21                                     5.9347903693542454e+00
22                                     8.4066590414415110e+00
23                                     8.4071238160232813e+00
   &ZA [&Type "ArrayOfDoubles", &Dim (24,1)] "Total nuclear charge"
                                                         0

0                                      6.0000000000000000e+00
1                                      1.0000000000000000e+00
2                                      1.0000000000000000e+00
3                                      6.0000000000000000e+00
4                                      6.0000000000000000e+00
5                                      8.0000000000000000e+00
6                                      8.0000000000000000e+00
7                                      8.0000000000000000e+00
8                                      6.0000000000000000e+00
9                                      1.0000000000000000e+00
10                                     6.0000000000000000e+00
11                                     1.0000000000000000e+00
12                                     6.0000000000000000e+00
13                                     6.0000000000000000e+00
14                                     1.0000000000000000e+00
15                                     6.0000000000000000e+00
16                                     1.0000000000000000e+00
17                                     6.0000000000000000e+00
18                                     1.0000000000000000e+00
19                                     8.0000000000000000e+00
20                                     1.0000000000000000e+00
21                                     6.0000000000000000e+00
22                                     8.0000000000000000e+00
23                                     8.0000000000000000e+00
   &QA [&Type "ArrayOfDoubles", &Dim (24,1)] "Mulliken gross atomic charge"
                                                         0

0                                      1.0517701364111787e-02
1                                     -2.1665853334273733e-02
2                                     -2.8284520593781393e-02
3                                      6.0169573525499231e-03
4                                      8.3749453199967405e-02
5                                     -4.0512692084699609e-01
6                                     -4.1861731876047514e-01
7                                     -3.7168405593175002e-01
8                                      2.7132485957070429e-01
9                                     -9.5505921245927938e-02
10                                    -8.4449653545295433e-02
11                                    -6.3747902005788726e-02
12                                    -2.8563191688157907e-02
13                                     4.8091644841984582e-02
14                                    -5.8880679787524315e-02
15                                    -3.0196976863641645e-02
16                                    -6.6583816794328232e-02
17                                     2.1178549318409168e-01
18                                    -1.0566341785644084e-02
19                                    -3.4174988390918415e-01
20                                     1.4271015439826951e-01
21                                     6.5209630645754579e-02
22                                    -4.0665904144151099e-01
23                                    -4.0712381602328129e-01
   &VA [&Type "ArrayOfDoubles", &Dim (24,1)] "Mayer's total valence"
                                                         0

0                                      3.8848709656201668e+00
1                                      9.8903614725177025e-01
2                                      1.0242128095656045e+00
3                                      3.9301555427322739e+00
4                                      4.5089192035521073e+00
5                                      2.0991756486620301e+00
6                                      2.0607243561627531e+00
7                                      2.0850178364708905e+00
8                                      3.8379449979674569e+00
9                                      9.9137213237730881e-01
10                                     3.8803805136329532e+00
11                                     1.0305603914089803e+00
12                                     3.7156317072891833e+00
13                                     3.9105747273814813e+00
14                                     1.0318369235718030e+00
15                                     3.8264151145004082e+00
16                                     9.7865936246508567e-01
17                                     3.8661076419320093e+00
18                                     1.0843760481324198e+00
19                                     2.0204092498271553e+00
20                                     1.0194424981702919e+00
21                                     4.5676331172509155e+00
22                                     2.0828328354645071e+00
23                                     2.0838615720336993e+00
   &BVA [&Type "ArrayOfDoubles", &Dim (24,1)] "Mayer's bonded valence"
                                                         0

0                                      3.8848709656201605e+00
1                                      9.8903614725177003e-01
2                                      1.0242128095656069e+00
3                                      3.9301555427322934e+00
4                                      4.5089192035521570e+00
5                                      2.0991756486620474e+00
6                                      2.0607243561627762e+00
7                                      2.0850178364708611e+00
8                                      3.8379449979674400e+00
9                                      9.9137213237730659e-01
10                                     3.8803805136329586e+00
11                                     1.0305603914089856e+00
12                                     3.7156317072891976e+00
13                                     3.9105747273815372e+00
14                                     1.0318369235718245e+00
15                                     3.8264151145003984e+00
16                                     9.7865936246508911e-01
17                                     3.8661076419319809e+00
18                                     1.0843760481324145e+00
19                                     2.0204092498272015e+00
20                                     1.0194424981702948e+00
21                                     4.5676331172509244e+00
22                                     2.0828328354645507e+00
23                                     2.0838615720337437e+00
   &FA [&Type "ArrayOfDoubles", &Dim (24,1)] "Mayer's free valence"
                                                         0

0                                      0.0000000000000000e+00
1                                      0.0000000000000000e+00
2                                      0.0000000000000000e+00
3                                      0.0000000000000000e+00
4                                      0.0000000000000000e+00
5                                      0.0000000000000000e+00
6                                      0.0000000000000000e+00
7                                      0.0000000000000000e+00
8                                      0.0000000000000000e+00
9                                      0.0000000000000000e+00
10                                     0.0000000000000000e+00
11                                     0.0000000000000000e+00
12                                     0.0000000000000000e+00
13                                     0.0000000000000000e+00
14                                     0.0000000000000000e+00
15                                     0.0000000000000000e+00
16                                     0.0000000000000000e+00
17                                     0.0000000000000000e+00
18                                     0.0000000000000000e+00
19                                     0.0000000000000000e+00
20                                     0.0000000000000000e+00
21                                     0.0000000000000000e+00
22                                     0.0000000000000000e+00
23                                     0.0000000000000000e+00
$End
$VdW_Correction
   &GeometryIndex 1
   &ListStatus       OUT
   &VDW [&Type "Double"]      -5.2225993540702870e-02
$End
$Calculation_Info
   &GeometryIndex 1
   &ListStatus       OUT
   &MULT [&Type "Integer"] 1
   &CHARGE [&Type "Integer"] -2
   &NUMOFATOMS [&Type "Integer"] 24
   &NUMOFELECTRONS [&Type "Integer"] 118
   &NUMOFFCELECTRONS [&Type "Integer"] 1
   &NUMOFCORRELECTRONS [&Type "Integer"] 0
   &NUMOFBASISFUNCTS [&Type "Integer"] 264
   &NUMOFAUXCBASISFUNCTS [&Type "Integer"] 0
   &NUMOFAUXJBASISFUNCTS [&Type "Integer"] 872
   &NUMOFAUXJKBASISFUNCTS [&Type "Integer"] 0
   &NUMOFCABSBASISFUNCTS [&Type "Integer"] 0
   &TOTALENERGY [&Type "Double"]      -8.3614757225025573e+02  "Hartrees"
$End
$SCF_Dipole_Moment
   &GeometryIndex 1
   &ListStatus       OUT
   &METHOD [&Type "String"] "SCF"
   &LEVEL [&Type "String"] "Relaxed density"
   &MULT [&Type "Integer"] 1
   &STATE [&Type "Integer"] -1
   &IRREP [&Type "Integer"] 0
   &NATOMS [&Type "Integer"] 24
   &DODIPOLEATOM [&Type "Boolean"] false
   &DIPOLEELECCONTRIB [&Type "ArrayOfDoubles", &Dim (3,1)] "Electronic contribution"
                                                         0

0                                      1.0400362406312431e+00
1                                     -2.0191670590720812e-01
2                                     -2.3990668792405212e-01
   &DIPOLENUCCONTRIB [&Type "ArrayOfDoubles", &Dim (3,1)] "Nuclear contribution"
                                                         0

0                                     -4.0059146104649983e+00
1                                     -1.1488937041857810e+00
2                                      5.7635692813731509e-01
   &DIPOLETOTAL [&Type "ArrayOfDoubles", &Dim (3,1)] "Total"
                                                         0

0                                     -2.9658783698337552e+00
1                                     -1.3508104100929890e+00
2                                      3.3645024021326297e-01
   &DIPOLEMAGNITUDE [&Type "Double", &Units "a.u."]       3.2763275222118566e+00
$End
