*************************************************
******************* ORCA 6.0.1 ******************
*************************************************
$Calculation_Status
   &GeometryIndex 1
   &ListStatus       OUT
   &VERSION [&Type "String"] "6.0.1"
   &PROGNAME [&Type "String"] "LeanSCF"
   &STATUS [&Type "String"] "NORMAL TERMINATION"
$End
$Geometry
   &GeometryIndex 1
   &ListStatus       OUT
   &NATOMS [&Type "Integer"] 24
   &NCORELESSECP [&Type "Integer"] 0
   &NGHOSTATOMS [&Type "Integer"] 0
   &CartesianCoordinates [&Type "Coordinates", &Dim(24,4), &Units "Bohr"] 
              C     83.884943084764   41.390671511277   74.366392548203
              H     85.224758913715   39.929913209756   73.754121280813
              H     84.890277388010   43.144337363556   74.795360380603
              C     82.599929313698   40.519507763539   76.749337203078
              C     81.753332005701   42.511279108692   78.735439369829
              O     83.040235502902   44.484153192506   78.914963352551
              O     79.854157241110   41.923574281043   80.031791497699
              O     82.155843672226   38.293410377780   77.112164620791
              C     78.436862640669   38.612774094413   72.669418479942
              H     77.667744104163   36.723047960492   72.382180107586
              C     80.651621669625   39.283626871955   71.656525272160
              H     81.759001184103   37.941921316871   70.545366305414
              C     81.876164204406   41.798852356204   72.183758863524
              C     79.952423000074   43.694247668527   73.096496586208
              H     80.492884674376   45.672790930743   72.975554113637
              C     77.733884518851   43.025284617119   74.090492532651
              H     76.452650200052   44.472814835703   74.823706272612
              C     76.836264605238   40.332424876281   74.275685693775
              H     77.002560505023   39.735271417962   76.271236491196
              O     74.279465146043   40.173687881032   73.504677431135
              H     73.213659606511   39.294965228759   74.827485724880
              C     83.336922505927   42.811745563986   69.815932017721
              O     85.039565752590   41.449253021429   68.882407307564
              O     82.796460831626   44.998158700933   69.061931290286
$End
$SCF_Energy
   &GeometryIndex 1
   &ListStatus       OUT
   &SCF_ENERGY [&Type "Double"]      -8.3612049519036759e+02
$End
$DFT_Energy
   &GeometryIndex 1
   &ListStatus       OUT
   &NALPHAEL [&Type "Integer"] 59
   &NBETAEL [&Type "Integer"] 59
   &NTOTALEL [&Type "Integer"] 118
   &EEXCHANGE [&Type "Double"]      -8.3135876500612099e+01
   &ECORR [&Type "Double"]      -4.8462029441448848e+00
   &ECNL [&Type "Double"]       0.0000000000000000e+00
   &EXC [&Type "Double"]      -8.7982079444756977e+01
   &EEMBED [&Type "Double"]       0.0000000000000000e+00
   &FINALEN [&Type "Double"]      -8.3612049519036759e+02  "No Van der Waals correction"
$End
$Mulliken_Population_Analysis
   &GeometryIndex 1
   &ListStatus       OUT
   &NATOMS [&Type "Integer"] 24
   &ATNO [&Type "ArrayOfIntegers", &Dim (24,1)] 
                                                         0

0                                                        6
1                                                        1
2                                                        1
3                                                        6
4                                                        6
5                                                        8
6                                                        8
7                                                        8
8                                                        6
9                                                        1
10                                                       6
11                                                       1
12                                                       6
13                                                       6
14                                                       1
15                                                       6
16                                                       1
17                                                       6
18                                                       1
19                                                       8
20                                                       1
21                                                       6
22                                                       8
23                                                       8
   &ATOMICCHARGES [&Type "ArrayOfDoubles", &Dim (24,1)] 
                                                         0

0                                      2.4171111018542657e-01
1                                     -5.2976996332893211e-02
2                                     -2.7415004352632444e-02
3                                     -5.8366569235828614e-02
4                                      8.8657862256949826e-02
5                                     -4.0192071400123552e-01
6                                     -4.1213030603524281e-01
7                                     -2.6394467109580333e-01
8                                     -7.0839552256829919e-02
9                                     -9.9338228603369050e-02
10                                     6.3335578183704833e-02
11                                    -5.9705601271445197e-02
12                                    -2.1000475701566756e-01
13                                     7.4387091519795945e-02
14                                    -4.3465227470302903e-02
15                                    -6.5078782556458492e-02
16                                    -7.9764284263252661e-02
17                                     3.1473584896608564e-01
18                                     2.8731406066053733e-03
19                                    -3.5900804711958045e-01
20                                     1.4381615202411546e-01
21                                     9.5925094152324419e-02
22                                    -4.2288422412189242e-01
23                                    -3.9859891216249466e-01
$End
$Loewdin_Population_Analysis
   &GeometryIndex 1
   &ListStatus       OUT
   &NATOMS [&Type "Integer"] 24
   &ATNO [&Type "ArrayOfIntegers", &Dim (24,1)] 
                                                         0

0                                                        6
1                                                        1
2                                                        1
3                                                        6
4                                                        6
5                                                        8
6                                                        8
7                                                        8
8                                                        6
9                                                        1
10                                                       6
11                                                       1
12                                                       6
13                                                       6
14                                                       1
15                                                       6
16                                                       1
17                                                       6
18                                                       1
19                                                       8
20                                                       1
21                                                       6
22                                                       8
23                                                       8
   &ATOMICCHARGES [&Type "ArrayOfDoubles", &Dim (24,1)] 
                                                         0

0                                     -3.0457663402304824e-02
1                                      7.3498324648313407e-03
2                                      1.7213807132650971e-02
3                                      3.5457638502185418e-02
4                                     -7.7980819880025365e-02
5                                     -3.6364225956012319e-01
6                                     -3.7187769039309870e-01
7                                     -1.9518725840169182e-01
8                                     -7.1270090773519534e-02
9                                     -1.1371653813454730e-02
10                                     8.1097588044087843e-04
11                                     6.9324277305772286e-03
12                                    -7.7112711655574984e-02
13                                     1.2067371609377986e-02
14                                     1.5545112352039925e-02
15                                    -6.8686767133939064e-02
16                                    -1.0385935466921126e-03
17                                     4.9016879051644757e-02
18                                     1.3150017222848587e-02
19                                    -1.8130230347896159e-01
20                                     7.6791595332836637e-02
21                                    -2.5207328966522446e-02
22                                    -3.8589655155368696e-01
23                                    -3.7330396471972804e-01
$End
$Mayer_Population_Analysis
   &GeometryIndex 1
   &ListStatus       OUT
   &NATOMS [&Type "Integer"] 24 "Total number of atoms"
   &BONDTHRESH [&Type "Double"]       1.0000000000000001e-01  "The threshold for printing"
   &NBONDORDERSPRINT [&Type "Integer"] 26 "The number of bond orders larger than threshold"
   &BONDORDERS [&Type "ArrayOfDoubles", &Dim (26,1)] "The bond orders"
                                                         0

0                                      8.8686215592746120e-01
1                                      9.0284003376331767e-01
2                                      9.7038526156155103e-01
3                                      9.9734949893958258e-01
4                                      8.0752876461594580e-01
5                                      2.0650225929877029e+00
6                                      1.8300139667924689e+00
7                                      1.8367823748141539e+00
8                                      1.3154159871970486e-01
9                                      9.5099153602617859e-01
10                                     1.8771823955206957e+00
11                                     9.6768797294131192e-01
12                                     9.6071872958490934e-01
13                                     9.7583084212636262e-01
14                                     9.7665801401972296e-01
15                                     7.7793719401675565e-01
16                                     9.5884876359920046e-01
17                                     1.8626264394055321e+00
18                                     9.5455144577263362e-01
19                                     9.8135206867915192e-01
20                                     8.5725569714563321e-01
21                                     9.8126301138685124e-01
22                                     9.7325733474770226e-01
23                                     1.8436400876935717e+00
24                                     1.8980911074174489e+00
25                                     1.1382200537476939e-01
   &COMPONENTS [&Type "ArrayOfIntegers", &Dim (26,4)] "The indices and atomic numbers of the bonding atoms"
                                                         0                           1                           2                           3

0                                                        0                           6                           1                           1
1                                                        0                           6                           2                           1
2                                                        0                           6                           3                           6
3                                                        0                           6                          12                           6
4                                                        3                           6                           4                           6
5                                                        3                           6                           7                           8
6                                                        4                           6                           5                           8
7                                                        4                           6                           6                           8
8                                                        5                           8                           6                           8
9                                                        8                           6                           9                           1
10                                                       8                           6                          10                           6
11                                                       8                           6                          17                           6
12                                                      10                           6                          11                           1
13                                                      10                           6                          12                           6
14                                                      12                           6                          13                           6
15                                                      12                           6                          21                           6
16                                                      13                           6                          14                           1
17                                                      13                           6                          15                           6
18                                                      15                           6                          16                           1
19                                                      15                           6                          17                           6
20                                                      17                           6                          18                           1
21                                                      17                           6                          19                           8
22                                                      19                           8                          20                           1
23                                                      21                           6                          22                           8
24                                                      21                           6                          23                           8
25                                                      22                           8                          23                           8
   &ATNO [&Type "ArrayOfIntegers", &Dim (24,1)] "Atomic number of the elements"
                                                         0

0                                                        6
1                                                        1
2                                                        1
3                                                        6
4                                                        6
5                                                        8
6                                                        8
7                                                        8
8                                                        6
9                                                        1
10                                                       6
11                                                       1
12                                                       6
13                                                       6
14                                                       1
15                                                       6
16                                                       1
17                                                       6
18                                                       1
19                                                       8
20                                                       1
21                                                       6
22                                                       8
23                                                       8
   &NA [&Type "ArrayOfDoubles", &Dim (24,1)] "Mulliken gross atomic population"
                                                         0

0                                      5.7582888898145708e+00
1                                      1.0529769963328943e+00
2                                      1.0274150043526329e+00
3                                      6.0583665692358277e+00
4                                      5.9113421377430466e+00
5                                      8.4019207140012409e+00
6                                      8.4121303060352410e+00
7                                      8.2639446710958051e+00
8                                      6.0708395522568299e+00
9                                      1.0993382286033697e+00
10                                     5.9366644218162925e+00
11                                     1.0597056012714452e+00
12                                     6.2100047570156702e+00
13                                     5.9256129084802023e+00
14                                     1.0434652274703027e+00
15                                     6.0650787825564585e+00
16                                     1.0797642842632529e+00
17                                     5.6852641510339152e+00
18                                     9.9712685939339474e-01
19                                     8.3590080471195822e+00
20                                     8.5618384797588432e-01
21                                     5.9040749058476765e+00
22                                     8.4228842241218942e+00
23                                     8.3985989121625000e+00
   &ZA [&Type "ArrayOfDoubles", &Dim (24,1)] "Total nuclear charge"
                                                         0

0                                      6.0000000000000000e+00
1                                      1.0000000000000000e+00
2                                      1.0000000000000000e+00
3                                      6.0000000000000000e+00
4                                      6.0000000000000000e+00
5                                      8.0000000000000000e+00
6                                      8.0000000000000000e+00
7                                      8.0000000000000000e+00
8                                      6.0000000000000000e+00
9                                      1.0000000000000000e+00
10                                     6.0000000000000000e+00
11                                     1.0000000000000000e+00
12                                     6.0000000000000000e+00
13                                     6.0000000000000000e+00
14                                     1.0000000000000000e+00
15                                     6.0000000000000000e+00
16                                     1.0000000000000000e+00
17                                     6.0000000000000000e+00
18                                     1.0000000000000000e+00
19                                     8.0000000000000000e+00
20                                     1.0000000000000000e+00
21                                     6.0000000000000000e+00
22                                     8.0000000000000000e+00
23                                     8.0000000000000000e+00
   &QA [&Type "ArrayOfDoubles", &Dim (24,1)] "Mulliken gross atomic charge"
                                                         0

0                                      2.4171111018542923e-01
1                                     -5.2976996332894322e-02
2                                     -2.7415004352632888e-02
3                                     -5.8366569235827725e-02
4                                      8.8657862256953379e-02
5                                     -4.0192071400124085e-01
6                                     -4.1213030603524103e-01
7                                     -2.6394467109580511e-01
8                                     -7.0839552256829919e-02
9                                     -9.9338228603369716e-02
10                                     6.3335578183707497e-02
11                                    -5.9705601271445197e-02
12                                    -2.1000475701567023e-01
13                                     7.4387091519797721e-02
14                                    -4.3465227470302681e-02
15                                    -6.5078782556458492e-02
16                                    -7.9764284263252883e-02
17                                     3.1473584896608475e-01
18                                     2.8731406066052623e-03
19                                    -3.5900804711958223e-01
20                                     1.4381615202411568e-01
21                                     9.5925094152323531e-02
22                                    -4.2288422412189419e-01
23                                    -3.9859891216249999e-01
   &VA [&Type "ArrayOfDoubles", &Dim (24,1)] "Mayer's total valence"
                                                         0

0                                      3.7557519944688726e+00
1                                      1.0340032900700351e+00
2                                      1.0397447159663322e+00
3                                      3.9747621123006871e+00
4                                      4.4820183877803847e+00
5                                      2.0814396730690534e+00
6                                      2.0768994052697729e+00
7                                      2.1900338949804512e+00
8                                      3.9199358030488196e+00
9                                      9.8163659488838206e-01
10                                     3.9043837149960683e+00
11                                     1.0189344358876993e+00
12                                     3.7118886883574449e+00
13                                     3.9120915163648240e+00
14                                     1.0343390055055490e+00
15                                     3.9299910213599980e+00
16                                     9.8752620429791038e-01
17                                     3.7812069013214211e+00
18                                     1.0422193944102893e+00
19                                     1.9952852334002547e+00
20                                     1.0190934904380737e+00
21                                     4.5464418603133545e+00
22                                     2.0553650886390722e+00
23                                     2.1012262601351677e+00
   &BVA [&Type "ArrayOfDoubles", &Dim (24,1)] "Mayer's bonded valence"
                                                         0

0                                      3.7557519944689148e+00
1                                      1.0340032900700480e+00
2                                      1.0397447159663433e+00
3                                      3.9747621123006933e+00
4                                      4.4820183877803457e+00
5                                      2.0814396730690667e+00
6                                      2.0768994052697494e+00
7                                      2.1900338949804308e+00
8                                      3.9199358030487863e+00
9                                      9.8163659488838984e-01
10                                     3.9043837149960896e+00
11                                     1.0189344358877168e+00
12                                     3.7118886883574342e+00
13                                     3.9120915163647911e+00
14                                     1.0343390055055590e+00
15                                     3.9299910213599478e+00
16                                     9.8752620429790228e-01
17                                     3.7812069013214162e+00
18                                     1.0422193944102780e+00
19                                     1.9952852334002547e+00
20                                     1.0190934904380724e+00
21                                     4.5464418603133385e+00
22                                     2.0553650886390535e+00
23                                     2.1012262601351441e+00
   &FA [&Type "ArrayOfDoubles", &Dim (24,1)] "Mayer's free valence"
                                                         0

0                                      0.0000000000000000e+00
1                                      0.0000000000000000e+00
2                                      0.0000000000000000e+00
3                                      0.0000000000000000e+00
4                                      0.0000000000000000e+00
5                                      0.0000000000000000e+00
6                                      0.0000000000000000e+00
7                                      0.0000000000000000e+00
8                                      0.0000000000000000e+00
9                                      0.0000000000000000e+00
10                                     0.0000000000000000e+00
11                                     0.0000000000000000e+00
12                                     0.0000000000000000e+00
13                                     0.0000000000000000e+00
14                                     0.0000000000000000e+00
15                                     0.0000000000000000e+00
16                                     0.0000000000000000e+00
17                                     0.0000000000000000e+00
18                                     0.0000000000000000e+00
19                                     0.0000000000000000e+00
20                                     0.0000000000000000e+00
21                                     0.0000000000000000e+00
22                                     0.0000000000000000e+00
23                                     0.0000000000000000e+00
$End
$VdW_Correction
   &GeometryIndex 1
   &ListStatus       OUT
   &VDW [&Type "Double"]      -5.4697715691407453e-02
$End
$Calculation_Info
   &GeometryIndex 1
   &ListStatus       OUT
   &MULT [&Type "Integer"] 1
   &CHARGE [&Type "Integer"] -2
   &NUMOFATOMS [&Type "Integer"] 24
   &NUMOFELECTRONS [&Type "Integer"] 118
   &NUMOFFCELECTRONS [&Type "Integer"] 1
   &NUMOFCORRELECTRONS [&Type "Integer"] 0
   &NUMOFBASISFUNCTS [&Type "Integer"] 264
   &NUMOFAUXCBASISFUNCTS [&Type "Integer"] 0
   &NUMOFAUXJBASISFUNCTS [&Type "Integer"] 872
   &NUMOFAUXJKBASISFUNCTS [&Type "Integer"] 0
   &NUMOFCABSBASISFUNCTS [&Type "Integer"] 0
   &TOTALENERGY [&Type "Double"]      -8.3617519290605901e+02  "Hartrees"
$End
$SCF_Dipole_Moment
   &GeometryIndex 1
   &ListStatus       OUT
   &METHOD [&Type "String"] "SCF"
   &LEVEL [&Type "String"] "Relaxed density"
   &MULT [&Type "Integer"] 1
   &STATE [&Type "Integer"] -1
   &IRREP [&Type "Integer"] 0
   &NATOMS [&Type "Integer"] 24
   &DODIPOLEATOM [&Type "Boolean"] false
   &DIPOLEELECCONTRIB [&Type "ArrayOfDoubles", &Dim (3,1)] "Electronic contribution"
                                                         0

0                                      2.8788675095838134e+00
1                                      1.0602601969320955e+00
2                                      1.3653110953887078e+00
   &DIPOLENUCCONTRIB [&Type "ArrayOfDoubles", &Dim (3,1)] "Nuclear contribution"
                                                         0

0                                     -5.0968147432710111e+00
1                                     -2.8609261671954869e+00
2                                     -1.2477806496689254e+00
   &DIPOLETOTAL [&Type "ArrayOfDoubles", &Dim (3,1)] "Total"
                                                         0

0                                     -2.2179472336871977e+00
1                                     -1.8006659702633914e+00
2                                      1.1753044571978233e-01
   &DIPOLEMAGNITUDE [&Type "Double", &Units "a.u."]       2.8592833496448691e+00
$End
