*************************************************
******************* ORCA 6.0.1 ******************
*************************************************
$Calculation_Status
   &GeometryIndex 1
   &ListStatus       OUT
   &VERSION [&Type "String"] "6.0.1"
   &PROGNAME [&Type "String"] "LeanSCF"
   &STATUS [&Type "String"] "NORMAL TERMINATION"
$End
$Geometry
   &GeometryIndex 1
   &ListStatus       OUT
   &NATOMS [&Type "Integer"] 24
   &NCORELESSECP [&Type "Integer"] 0
   &NGHOSTATOMS [&Type "Integer"] 0
   &CartesianCoordinates [&Type "Coordinates", &Dim(24,4), &Units "Bohr"] 
              C     83.591401701992   35.649501441098   64.479749463087
              H     84.121210264835   34.195857782829   63.131665032842
              H     84.803910225871   37.290321233017   64.702997496344
              C     81.926419338642   35.038709777242   66.431235086894
              C     81.619429966626   36.755352719587   68.769592503035
              O     83.363865873457   38.287108523864   69.237293502860
              O     79.672952154806   36.424493870990   70.106048905522
              O     80.482069127794   33.126347796729   66.256651665015
              C     77.497676834227   33.853646616746   63.652621013943
              H     76.648808759512   31.995388556020   63.931715826079
              C     79.147671630297   34.255561017925   61.669271292703
              H     79.807157946044   32.692298860414   60.506700453611
              C     80.362234163605   36.591800534314   61.431032264992
              C     79.259243282801   38.781693537069   62.735313350168
              H     80.067425197533   40.625072906742   62.288243574841
              C     77.313953150543   38.526276090421   64.345957483491
              H     76.464472210745   40.187454207696   65.236889158395
              C     76.159451043551   36.006467319957   64.973702360316
              H     76.303498109453   35.717902664957   67.035056751287
              O     73.599719322618   36.023725902321   64.182424795386
              H     72.590957678024   34.773270681798   65.241769682209
              C     82.046611086568   37.059764446144   59.110732314639
              O     82.733315661590   35.234769214686   57.773267529089
              O     82.617376389384   39.306981389648   58.639032168816
$End
$SCF_Energy
   &GeometryIndex 1
   &ListStatus       OUT
   &SCF_ENERGY [&Type "Double"]      -8.3606076845853772e+02
$End
$DFT_Energy
   &GeometryIndex 1
   &ListStatus       OUT
   &NALPHAEL [&Type "Integer"] 59
   &NBETAEL [&Type "Integer"] 59
   &NTOTALEL [&Type "Integer"] 118
   &EEXCHANGE [&Type "Double"]      -8.3088517135805475e+01
   &ECORR [&Type "Double"]      -4.8428588529820065e+00
   &ECNL [&Type "Double"]       0.0000000000000000e+00
   &EXC [&Type "Double"]      -8.7931375988787480e+01
   &EEMBED [&Type "Double"]       0.0000000000000000e+00
   &FINALEN [&Type "Double"]      -8.3606076845853772e+02  "No Van der Waals correction"
$End
$Mulliken_Population_Analysis
   &GeometryIndex 1
   &ListStatus       OUT
   &NATOMS [&Type "Integer"] 24
   &ATNO [&Type "ArrayOfIntegers", &Dim (24,1)] 
                                                         0

0                                                        6
1                                                        1
2                                                        1
3                                                        6
4                                                        6
5                                                        8
6                                                        8
7                                                        8
8                                                        6
9                                                        1
10                                                       6
11                                                       1
12                                                       6
13                                                       6
14                                                       1
15                                                       6
16                                                       1
17                                                       6
18                                                       1
19                                                       8
20                                                       1
21                                                       6
22                                                       8
23                                                       8
   &ATOMICCHARGES [&Type "ArrayOfDoubles", &Dim (24,1)] 
                                                         0

0                                      8.7463428440718971e-02
1                                     -2.9514604135030931e-02
2                                     -1.6545876245856572e-02
3                                     -3.5051487297495854e-02
4                                      7.4084618197359120e-02
5                                     -4.0749355489275985e-01
6                                     -4.1788112843965486e-01
7                                     -3.2015505129860955e-01
8                                      6.0058767503967658e-02
9                                     -8.1383747628396064e-02
10                                     2.7561417070902650e-02
11                                    -6.5182582809212963e-02
12                                    -1.3973830098063633e-01
13                                     6.5506060409522782e-02
14                                    -5.0016838775706063e-02
15                                    -4.0147123595611234e-02
16                                    -7.0591386438185744e-02
17                                     2.9413221225614361e-01
18                                     2.3469611575310800e-04
19                                    -3.5388080311133940e-01
20                                     1.3889926571060185e-01
21                                     8.4656018827039325e-02
22                                    -4.0701597198864370e-01
23                                    -3.9799802689509178e-01
$End
$Loewdin_Population_Analysis
   &GeometryIndex 1
   &ListStatus       OUT
   &NATOMS [&Type "Integer"] 24
   &ATNO [&Type "ArrayOfIntegers", &Dim (24,1)] 
                                                         0

0                                                        6
1                                                        1
2                                                        1
3                                                        6
4                                                        6
5                                                        8
6                                                        8
7                                                        8
8                                                        6
9                                                        1
10                                                       6
11                                                       1
12                                                       6
13                                                       6
14                                                       1
15                                                       6
16                                                       1
17                                                       6
18                                                       1
19                                                       8
20                                                       1
21                                                       6
22                                                       8
23                                                       8
   &ATOMICCHARGES [&Type "ArrayOfDoubles", &Dim (24,1)] 
                                                         0

0                                     -5.0333916721140959e-02
1                                      7.1139991213127196e-03
2                                      1.0079156753686758e-02
3                                     -2.8883261990731768e-02
4                                     -6.6635162097258060e-02
5                                     -3.7393304789878279e-01
6                                     -3.8335937368124107e-01
7                                     -2.0203694759308277e-01
8                                      3.8995154294755530e-02
9                                     -4.7361423766092425e-03
10                                    -5.3730224227781065e-02
11                                     5.0940768424840854e-03
12                                    -1.3541678151628211e-02
13                                    -5.2221730016235313e-03
14                                     1.4346002088960752e-02
15                                    -5.1513492769466040e-02
16                                     1.1927253946951710e-03
17                                     4.4809914282899932e-02
18                                     1.3928282128916392e-02
19                                    -1.7871335504569252e-01
20                                     7.4564257633082831e-02
21                                    -4.6004206653988078e-02
22                                    -3.8026050793155264e-01
23                                    -3.7122007840048177e-01
$End
$Mayer_Population_Analysis
   &GeometryIndex 1
   &ListStatus       OUT
   &NATOMS [&Type "Integer"] 24 "Total number of atoms"
   &BONDTHRESH [&Type "Double"]       1.0000000000000001e-01  "The threshold for printing"
   &NBONDORDERSPRINT [&Type "Integer"] 29 "The number of bond orders larger than threshold"
   &BONDORDERS [&Type "ArrayOfDoubles", &Dim (29,1)] "The bond orders"
                                                         0

0                                      9.0402033201413023e-01
1                                      9.2435524161296201e-01
2                                      1.4222703104648451e+00
3                                      1.1343141831503230e-01
4                                      3.7767852106809513e-01
5                                      8.1586898747765957e-01
6                                      1.6279242845668029e+00
7                                      1.8598904292252640e+00
8                                      1.8026134201745181e+00
9                                      1.2797761891897913e-01
10                                     1.0937011385341315e-01
11                                     2.9158541813354816e-01
12                                     9.3788285120131787e-01
13                                     1.4633025560356530e+00
14                                     9.8865288043215027e-01
15                                     9.5235386199619276e-01
16                                     1.3332592168437711e+00
17                                     1.0582337630593150e+00
18                                     8.1999452960474595e-01
19                                     9.6797216866860936e-01
20                                     1.7786260787216666e+00
21                                     9.5877173024498497e-01
22                                     9.8260140946095331e-01
23                                     8.5974611422856539e-01
24                                     9.7243950325901884e-01
25                                     9.6958796344370080e-01
26                                     1.8621037189765077e+00
27                                     1.8823118680770232e+00
28                                     1.1710002131078585e-01
   &COMPONENTS [&Type "ArrayOfIntegers", &Dim (29,4)] "The indices and atomic numbers of the bonding atoms"
                                                         0                           1                           2                           3

0                                                        0                           6                           1                           1
1                                                        0                           6                           2                           1
2                                                        0                           6                           3                           6
3                                                        0                           6                           8                           6
4                                                        0                           6                          12                           6
5                                                        3                           6                           4                           6
6                                                        3                           6                           7                           8
7                                                        4                           6                           5                           8
8                                                        4                           6                           6                           8
9                                                        5                           8                           6                           8
10                                                       6                           8                          18                           1
11                                                       7                           8                           8                           6
12                                                       8                           6                           9                           1
13                                                       8                           6                          10                           6
14                                                       8                           6                          17                           6
15                                                      10                           6                          11                           1
16                                                      10                           6                          12                           6
17                                                      12                           6                          13                           6
18                                                      12                           6                          21                           6
19                                                      13                           6                          14                           1
20                                                      13                           6                          15                           6
21                                                      15                           6                          16                           1
22                                                      15                           6                          17                           6
23                                                      17                           6                          18                           1
24                                                      17                           6                          19                           8
25                                                      19                           8                          20                           1
26                                                      21                           6                          22                           8
27                                                      21                           6                          23                           8
28                                                      22                           8                          23                           8
   &ATNO [&Type "ArrayOfIntegers", &Dim (24,1)] "Atomic number of the elements"
                                                         0

0                                                        6
1                                                        1
2                                                        1
3                                                        6
4                                                        6
5                                                        8
6                                                        8
7                                                        8
8                                                        6
9                                                        1
10                                                       6
11                                                       1
12                                                       6
13                                                       6
14                                                       1
15                                                       6
16                                                       1
17                                                       6
18                                                       1
19                                                       8
20                                                       1
21                                                       6
22                                                       8
23                                                       8
   &NA [&Type "ArrayOfDoubles", &Dim (24,1)] "Mulliken gross atomic population"
                                                         0

0                                      5.9125365715592819e+00
1                                      1.0295146041350316e+00
2                                      1.0165458762458557e+00
3                                      6.0350514872974914e+00
4                                      5.9259153818026471e+00
5                                      8.4074935548927403e+00
6                                      8.4178811284396726e+00
7                                      8.3201550512986167e+00
8                                      5.9399412324960270e+00
9                                      1.0813837476283941e+00
10                                     5.9724385829290974e+00
11                                     1.0651825828092130e+00
12                                     6.1397383009806443e+00
13                                     5.9344939395904781e+00
14                                     1.0500168387757074e+00
15                                     6.0401471235956077e+00
16                                     1.0705913864381871e+00
17                                     5.7058677877438546e+00
18                                     9.9976530388424711e-01
19                                     8.3538808031113589e+00
20                                     8.6110073428939826e-01
21                                     5.9153439811729704e+00
22                                     8.4070159719886384e+00
23                                     8.3979980268950793e+00
   &ZA [&Type "ArrayOfDoubles", &Dim (24,1)] "Total nuclear charge"
                                                         0

0                                      6.0000000000000000e+00
1                                      1.0000000000000000e+00
2                                      1.0000000000000000e+00
3                                      6.0000000000000000e+00
4                                      6.0000000000000000e+00
5                                      8.0000000000000000e+00
6                                      8.0000000000000000e+00
7                                      8.0000000000000000e+00
8                                      6.0000000000000000e+00
9                                      1.0000000000000000e+00
10                                     6.0000000000000000e+00
11                                     1.0000000000000000e+00
12                                     6.0000000000000000e+00
13                                     6.0000000000000000e+00
14                                     1.0000000000000000e+00
15                                     6.0000000000000000e+00
16                                     1.0000000000000000e+00
17                                     6.0000000000000000e+00
18                                     1.0000000000000000e+00
19                                     8.0000000000000000e+00
20                                     1.0000000000000000e+00
21                                     6.0000000000000000e+00
22                                     8.0000000000000000e+00
23                                     8.0000000000000000e+00
   &QA [&Type "ArrayOfDoubles", &Dim (24,1)] "Mulliken gross atomic charge"
                                                         0

0                                      8.7463428440718083e-02
1                                     -2.9514604135031597e-02
2                                     -1.6545876245855684e-02
3                                     -3.5051487297491413e-02
4                                      7.4084618197352903e-02
5                                     -4.0749355489274031e-01
6                                     -4.1788112843967262e-01
7                                     -3.2015505129861666e-01
8                                      6.0058767503972987e-02
9                                     -8.1383747628394065e-02
10                                     2.7561417070902650e-02
11                                    -6.5182582809212963e-02
12                                    -1.3973830098064433e-01
13                                     6.5506060409521893e-02
14                                    -5.0016838775707395e-02
15                                    -4.0147123595607681e-02
16                                    -7.0591386438187076e-02
17                                     2.9413221225614539e-01
18                                     2.3469611575288596e-04
19                                    -3.5388080311135894e-01
20                                     1.3889926571060174e-01
21                                     8.4656018827029555e-02
22                                    -4.0701597198863837e-01
23                                    -3.9799802689507935e-01
   &VA [&Type "ArrayOfDoubles", &Dim (24,1)] "Mayer's total valence"
                                                         0

0                                      3.8220675237957540e+00
1                                      1.0128397385384169e+00
2                                      1.0227312036080645e+00
3                                      4.0157099327783428e+00
4                                      4.4759646417811885e+00
5                                      2.0858787556489937e+00
6                                      2.0687534382556088e+00
7                                      2.1270244406738508e+00
8                                      3.9194823232428457e+00
9                                      9.8714645800441436e-01
10                                     3.8948131646317012e+00
11                                     1.0347733052178427e+00
12                                     3.6806185211387299e+00
13                                     3.8920147699677679e+00
14                                     1.0368886781748887e+00
15                                     3.8806870243030414e+00
16                                     9.8342737469431085e-01
17                                     3.8165743053026486e+00
18                                     1.0776049076276617e+00
19                                     1.9993466294031328e+00
20                                     1.0239050627214263e+00
21                                     4.5597513872810493e+00
22                                     2.0817771143244768e+00
23                                     2.0976362852635071e+00
   &BVA [&Type "ArrayOfDoubles", &Dim (24,1)] "Mayer's bonded valence"
                                                         0

0                                      3.8220675237957193e+00
1                                      1.0128397385384140e+00
2                                      1.0227312036080514e+00
3                                      4.0157099327783436e+00
4                                      4.4759646417811849e+00
5                                      2.0858787556490439e+00
6                                      2.0687534382556270e+00
7                                      2.1270244406738539e+00
8                                      3.9194823232428702e+00
9                                      9.8714645800441425e-01
10                                     3.8948131646317234e+00
11                                     1.0347733052178538e+00
12                                     3.6806185211387898e+00
13                                     3.8920147699678580e+00
14                                     1.0368886781749054e+00
15                                     3.8806870243030205e+00
16                                     9.8342737469430841e-01
17                                     3.8165743053027037e+00
18                                     1.0776049076276704e+00
19                                     1.9993466294031792e+00
20                                     1.0239050627214348e+00
21                                     4.5597513872810245e+00
22                                     2.0817771143245150e+00
23                                     2.0976362852635821e+00
   &FA [&Type "ArrayOfDoubles", &Dim (24,1)] "Mayer's free valence"
                                                         0

0                                      0.0000000000000000e+00
1                                      0.0000000000000000e+00
2                                      0.0000000000000000e+00
3                                      0.0000000000000000e+00
4                                      0.0000000000000000e+00
5                                      0.0000000000000000e+00
6                                      0.0000000000000000e+00
7                                      0.0000000000000000e+00
8                                      0.0000000000000000e+00
9                                      0.0000000000000000e+00
10                                     0.0000000000000000e+00
11                                     0.0000000000000000e+00
12                                     0.0000000000000000e+00
13                                     0.0000000000000000e+00
14                                     0.0000000000000000e+00
15                                     0.0000000000000000e+00
16                                     0.0000000000000000e+00
17                                     0.0000000000000000e+00
18                                     0.0000000000000000e+00
19                                     0.0000000000000000e+00
20                                     0.0000000000000000e+00
21                                     0.0000000000000000e+00
22                                     0.0000000000000000e+00
23                                     0.0000000000000000e+00
$End
$VdW_Correction
   &GeometryIndex 1
   &ListStatus       OUT
   &VDW [&Type "Double"]      -5.5967808334094094e-02
$End
$Calculation_Info
   &GeometryIndex 1
   &ListStatus       OUT
   &MULT [&Type "Integer"] 1
   &CHARGE [&Type "Integer"] -2
   &NUMOFATOMS [&Type "Integer"] 24
   &NUMOFELECTRONS [&Type "Integer"] 118
   &NUMOFFCELECTRONS [&Type "Integer"] 1
   &NUMOFCORRELECTRONS [&Type "Integer"] 0
   &NUMOFBASISFUNCTS [&Type "Integer"] 264
   &NUMOFAUXCBASISFUNCTS [&Type "Integer"] 0
   &NUMOFAUXJBASISFUNCTS [&Type "Integer"] 872
   &NUMOFAUXJKBASISFUNCTS [&Type "Integer"] 0
   &NUMOFCABSBASISFUNCTS [&Type "Integer"] 0
   &TOTALENERGY [&Type "Double"]      -8.3611673626687184e+02  "Hartrees"
$End
$SCF_Dipole_Moment
   &GeometryIndex 1
   &ListStatus       OUT
   &METHOD [&Type "String"] "SCF"
   &LEVEL [&Type "String"] "Relaxed density"
   &MULT [&Type "Integer"] 1
   &STATE [&Type "Integer"] -1
   &IRREP [&Type "Integer"] 0
   &NATOMS [&Type "Integer"] 24
   &DODIPOLEATOM [&Type "Boolean"] false
   &DIPOLEELECCONTRIB [&Type "ArrayOfDoubles", &Dim (3,1)] "Electronic contribution"
                                                         0

0                                      2.0297676045490607e+00
1                                      1.4501265559545681e-01
2                                      1.9712946597049760e-01
   &DIPOLENUCCONTRIB [&Type "ArrayOfDoubles", &Dim (3,1)] "Nuclear contribution"
                                                         0

0                                     -4.8548771664948305e+00
1                                     -1.4627966140308502e+00
2                                     -5.9460567813090393e-02
   &DIPOLETOTAL [&Type "ArrayOfDoubles", &Dim (3,1)] "Total"
                                                         0

0                                     -2.8251095619457698e+00
1                                     -1.3177839584353934e+00
2                                      1.3766889815740721e-01
   &DIPOLEMAGNITUDE [&Type "Double", &Units "a.u."]       3.1203767919318572e+00
$End
