*************************************************
******************* ORCA 6.0.1 ******************
*************************************************
$Calculation_Status
   &GeometryIndex 1
   &ListStatus       OUT
   &VERSION [&Type "String"] "6.0.1"
   &PROGNAME [&Type "String"] "LeanSCF"
   &STATUS [&Type "String"] "NORMAL TERMINATION"
$End
$Geometry
   &GeometryIndex 1
   &ListStatus       OUT
   &NATOMS [&Type "Integer"] 24
   &NCORELESSECP [&Type "Integer"] 0
   &NGHOSTATOMS [&Type "Integer"] 0
   &CartesianCoordinates [&Type "Coordinates", &Dim(24,4), &Units "Bohr"] 
              C     85.368378099893   44.763832660327   70.902524544725
              H     86.923622708110   43.522282590340   70.301591634138
              H     86.077025400113   46.564741665954   71.594164309741
              C     84.128717756040   43.650783967447   73.196652071306
              C     83.404952646748   45.402560093592   75.437867266136
              O     84.272336942218   47.626767753217   75.435977540002
              O     82.044349830325   44.402894968748   77.068700919710
              O     83.661955400962   41.420907129420   73.396963041501
              C     79.833370253637   42.290181151024   69.190432667393
              H     78.865830473070   40.485492693129   68.918312104108
              C     82.070805996200   42.772061315174   68.132186032397
              H     83.061022490375   41.388781785143   66.975673638437
              C     83.482431418239   45.192800492727   68.606507292011
              C     81.698529947817   47.277168418442   69.402081994392
              H     82.380721082163   49.202799348908   69.128071704973
              C     79.470542835924   46.797177980426   70.477336164593
              H     78.230882492072   48.318407518232   71.134960859198
              C     78.489774972419   44.157230571338   70.872288926583
              H     78.846933211730   43.614879170902   72.871619176271
              O     75.878173455340   44.195025094016   70.396077940834
              H     75.050473408683   42.533955822300   71.046143730903
              C     85.041455478724   45.971367659902   66.178209209922
              O     86.039230877435   44.308408662052   64.847842011642
              O     85.205861652375   48.312738339831   65.737903020719
$End
$SCF_Energy
   &GeometryIndex 1
   &ListStatus       OUT
   &SCF_ENERGY [&Type "Double"]      -8.3611511189046848e+02
$End
$DFT_Energy
   &GeometryIndex 1
   &ListStatus       OUT
   &NALPHAEL [&Type "Integer"] 59
   &NBETAEL [&Type "Integer"] 59
   &NTOTALEL [&Type "Integer"] 118
   &EEXCHANGE [&Type "Double"]      -8.3135204454182798e+01
   &ECORR [&Type "Double"]      -4.8465284835095410e+00
   &ECNL [&Type "Double"]       0.0000000000000000e+00
   &EXC [&Type "Double"]      -8.7981732937692342e+01
   &EEMBED [&Type "Double"]       0.0000000000000000e+00
   &FINALEN [&Type "Double"]      -8.3611511189046848e+02  "No Van der Waals correction"
$End
$Mulliken_Population_Analysis
   &GeometryIndex 1
   &ListStatus       OUT
   &NATOMS [&Type "Integer"] 24
   &ATNO [&Type "ArrayOfIntegers", &Dim (24,1)] 
                                                         0

0                                                        6
1                                                        1
2                                                        1
3                                                        6
4                                                        6
5                                                        8
6                                                        8
7                                                        8
8                                                        6
9                                                        1
10                                                       6
11                                                       1
12                                                       6
13                                                       6
14                                                       1
15                                                       6
16                                                       1
17                                                       6
18                                                       1
19                                                       8
20                                                       1
21                                                       6
22                                                       8
23                                                       8
   &ATOMICCHARGES [&Type "ArrayOfDoubles", &Dim (24,1)] 
                                                         0

0                                      2.5408958398783454e-01
1                                     -5.1609052525017240e-02
2                                     -2.5195088325849824e-02
3                                     -9.2209118705572912e-02
4                                      7.6645339276702806e-02
5                                     -4.0740815197101554e-01
6                                     -3.9475856494487616e-01
7                                     -2.4074418798157993e-01
8                                     -7.9900477587339758e-02
9                                     -1.0253718910914689e-01
10                                     6.2616588783833471e-02
11                                    -5.7208381787908547e-02
12                                    -2.1903409994077983e-01
13                                     7.3852368272247837e-02
14                                    -3.7320487897376964e-02
15                                    -8.2417158074161279e-02
16                                    -7.2423641782403347e-02
17                                     3.1641269760261359e-01
18                                     1.3594594203965027e-02
19                                    -3.6587942443211219e-01
20                                     1.4908718054869519e-01
21                                     9.6743578757420678e-02
22                                    -3.9919052634843943e-01
23                                    -4.1520638001984267e-01
$End
$Loewdin_Population_Analysis
   &GeometryIndex 1
   &ListStatus       OUT
   &NATOMS [&Type "Integer"] 24
   &ATNO [&Type "ArrayOfIntegers", &Dim (24,1)] 
                                                         0

0                                                        6
1                                                        1
2                                                        1
3                                                        6
4                                                        6
5                                                        8
6                                                        8
7                                                        8
8                                                        6
9                                                        1
10                                                       6
11                                                       1
12                                                       6
13                                                       6
14                                                       1
15                                                       6
16                                                       1
17                                                       6
18                                                       1
19                                                       8
20                                                       1
21                                                       6
22                                                       8
23                                                       8
   &ATOMICCHARGES [&Type "ArrayOfDoubles", &Dim (24,1)] 
                                                         0

0                                     -3.4922420509107432e-02
1                                      9.0868868538392933e-03
2                                      1.8180895245257789e-02
3                                      2.7634691148229251e-02
4                                     -8.5491157164996778e-02
5                                     -3.7381544013807932e-01
6                                     -3.5684943018752691e-01
7                                     -1.7807441482890063e-01
8                                     -8.1242264883377935e-02
9                                     -1.3594487422913026e-02
10                                     2.0182855400765476e-03
11                                     6.3577638671060699e-03
12                                    -7.7506864179274437e-02
13                                     1.5949294246124346e-02
14                                     1.5530417668772833e-02
15                                    -7.2346397983442223e-02
16                                     5.2492641767187820e-04
17                                     4.1532489993083566e-02
18                                     1.5509175817215448e-02
19                                    -1.8550675396138594e-01
20                                     8.7143369092105849e-02
21                                    -2.4775132168314506e-02
22                                    -3.7016442326680732e-01
23                                    -3.8517900919547188e-01
$End
$Mayer_Population_Analysis
   &GeometryIndex 1
   &ListStatus       OUT
   &NATOMS [&Type "Integer"] 24 "Total number of atoms"
   &BONDTHRESH [&Type "Double"]       1.0000000000000001e-01  "The threshold for printing"
   &NBONDORDERSPRINT [&Type "Integer"] 26 "The number of bond orders larger than threshold"
   &BONDORDERS [&Type "ArrayOfDoubles", &Dim (26,1)] "The bond orders"
                                                         0

0                                      8.8794569213142038e-01
1                                      8.8520242216140410e-01
2                                      9.7031643325182204e-01
3                                      1.0012368754331722e+00
4                                      8.0231927758348287e-01
5                                      2.0892919967940120e+00
6                                      1.8078776227964748e+00
7                                      1.8599763136696914e+00
8                                      1.4278313584684502e-01
9                                      9.4833879717889535e-01
10                                     1.8743247564671544e+00
11                                     9.8009172875024719e-01
12                                     9.5855676224744490e-01
13                                     9.8117942132574487e-01
14                                     9.7693744852256093e-01
15                                     7.7397033671033921e-01
16                                     9.5818128391242063e-01
17                                     1.8609712557823468e+00
18                                     9.6437130078204225e-01
19                                     9.8353018805775938e-01
20                                     8.6064498772279163e-01
21                                     9.6684808311952497e-01
22                                     9.6258199399829203e-01
23                                     1.8668526659940206e+00
24                                     1.8684406450265620e+00
25                                     1.1360066215649503e-01
   &COMPONENTS [&Type "ArrayOfIntegers", &Dim (26,4)] "The indices and atomic numbers of the bonding atoms"
                                                         0                           1                           2                           3

0                                                        0                           6                           1                           1
1                                                        0                           6                           2                           1
2                                                        0                           6                           3                           6
3                                                        0                           6                          12                           6
4                                                        3                           6                           4                           6
5                                                        3                           6                           7                           8
6                                                        4                           6                           5                           8
7                                                        4                           6                           6                           8
8                                                        5                           8                           6                           8
9                                                        8                           6                           9                           1
10                                                       8                           6                          10                           6
11                                                       8                           6                          17                           6
12                                                      10                           6                          11                           1
13                                                      10                           6                          12                           6
14                                                      12                           6                          13                           6
15                                                      12                           6                          21                           6
16                                                      13                           6                          14                           1
17                                                      13                           6                          15                           6
18                                                      15                           6                          16                           1
19                                                      15                           6                          17                           6
20                                                      17                           6                          18                           1
21                                                      17                           6                          19                           8
22                                                      19                           8                          20                           1
23                                                      21                           6                          22                           8
24                                                      21                           6                          23                           8
25                                                      22                           8                          23                           8
   &ATNO [&Type "ArrayOfIntegers", &Dim (24,1)] "Atomic number of the elements"
                                                         0

0                                                        6
1                                                        1
2                                                        1
3                                                        6
4                                                        6
5                                                        8
6                                                        8
7                                                        8
8                                                        6
9                                                        1
10                                                       6
11                                                       1
12                                                       6
13                                                       6
14                                                       1
15                                                       6
16                                                       1
17                                                       6
18                                                       1
19                                                       8
20                                                       1
21                                                       6
22                                                       8
23                                                       8
   &NA [&Type "ArrayOfDoubles", &Dim (24,1)] "Mulliken gross atomic population"
                                                         0

0                                      5.7459104160121690e+00
1                                      1.0516090525250170e+00
2                                      1.0251950883258494e+00
3                                      6.0922091187055738e+00
4                                      5.9233546607232981e+00
5                                      8.4074081519710138e+00
6                                      8.3947585649448762e+00
7                                      8.2407441879815835e+00
8                                      6.0799004775873398e+00
9                                      1.1025371891091473e+00
10                                     5.9373834112161674e+00
11                                     1.0572083817879088e+00
12                                     6.2190340999407763e+00
13                                     5.9261476317277504e+00
14                                     1.0373204878973776e+00
15                                     6.0824171580741604e+00
16                                     1.0724236417824027e+00
17                                     5.6835873023973873e+00
18                                     9.8640540579603542e-01
19                                     8.3658794244321086e+00
20                                     8.5091281945130459e-01
21                                     5.9032564212425793e+00
22                                     8.3991905263484377e+00
23                                     8.4152063800198427e+00
   &ZA [&Type "ArrayOfDoubles", &Dim (24,1)] "Total nuclear charge"
                                                         0

0                                      6.0000000000000000e+00
1                                      1.0000000000000000e+00
2                                      1.0000000000000000e+00
3                                      6.0000000000000000e+00
4                                      6.0000000000000000e+00
5                                      8.0000000000000000e+00
6                                      8.0000000000000000e+00
7                                      8.0000000000000000e+00
8                                      6.0000000000000000e+00
9                                      1.0000000000000000e+00
10                                     6.0000000000000000e+00
11                                     1.0000000000000000e+00
12                                     6.0000000000000000e+00
13                                     6.0000000000000000e+00
14                                     1.0000000000000000e+00
15                                     6.0000000000000000e+00
16                                     1.0000000000000000e+00
17                                     6.0000000000000000e+00
18                                     1.0000000000000000e+00
19                                     8.0000000000000000e+00
20                                     1.0000000000000000e+00
21                                     6.0000000000000000e+00
22                                     8.0000000000000000e+00
23                                     8.0000000000000000e+00
   &QA [&Type "ArrayOfDoubles", &Dim (24,1)] "Mulliken gross atomic charge"
                                                         0

0                                      2.5408958398783099e-01
1                                     -5.1609052525017018e-02
2                                     -2.5195088325849380e-02
3                                     -9.2209118705573800e-02
4                                      7.6645339276701918e-02
5                                     -4.0740815197101377e-01
6                                     -3.9475856494487616e-01
7                                     -2.4074418798158348e-01
8                                     -7.9900477587339758e-02
9                                     -1.0253718910914733e-01
10                                     6.2616588783832583e-02
11                                    -5.7208381787908769e-02
12                                    -2.1903409994077627e-01
13                                     7.3852368272249613e-02
14                                    -3.7320487897377630e-02
15                                    -8.2417158074160390e-02
16                                    -7.2423641782402681e-02
17                                     3.1641269760261270e-01
18                                     1.3594594203964583e-02
19                                    -3.6587942443210864e-01
20                                     1.4908718054869541e-01
21                                     9.6743578757420678e-02
22                                    -3.9919052634843766e-01
23                                    -4.1520638001984267e-01
   &VA [&Type "ArrayOfDoubles", &Dim (24,1)] "Mayer's total valence"
                                                         0

0                                      3.7238891520375885e+00
1                                      1.0142236149943398e+00
2                                      1.0631289364884007e+00
3                                      4.0028262272413979e+00
4                                      4.4628689955939347e+00
5                                      2.0854246756813217e+00
6                                      2.0869148733307301e+00
7                                      2.2061035584713209e+00
8                                      3.9366143647748686e+00
9                                      9.7917484962940482e-01
10                                     3.8938453123207819e+00
11                                     1.0381745413802350e+00
12                                     3.7309854072468953e+00
13                                     3.8887752406448297e+00
14                                     1.0453720998162539e+00
15                                     3.9063222474839465e+00
16                                     9.8754581361449267e-01
17                                     3.7841095956458113e+00
18                                     1.0348456931647865e+00
19                                     2.0006967744000446e+00
20                                     1.0118536010089640e+00
21                                     4.5297414542318641e+00
22                                     2.0827362903607418e+00
23                                     2.0800401255168759e+00
   &BVA [&Type "ArrayOfDoubles", &Dim (24,1)] "Mayer's bonded valence"
                                                         0

0                                      3.7238891520375921e+00
1                                      1.0142236149943313e+00
2                                      1.0631289364883947e+00
3                                      4.0028262272413828e+00
4                                      4.4628689955939436e+00
5                                      2.0854246756813222e+00
6                                      2.0869148733307501e+00
7                                      2.2061035584713586e+00
8                                      3.9366143647749290e+00
9                                      9.7917484962941059e-01
10                                     3.8938453123207935e+00
11                                     1.0381745413802290e+00
12                                     3.7309854072469477e+00
13                                     3.8887752406448275e+00
14                                     1.0453720998162503e+00
15                                     3.9063222474839265e+00
16                                     9.8754581361449645e-01
17                                     3.7841095956458206e+00
18                                     1.0348456931647949e+00
19                                     2.0006967744000104e+00
20                                     1.0118536010089656e+00
21                                     4.5297414542318890e+00
22                                     2.0827362903607725e+00
23                                     2.0800401255168932e+00
   &FA [&Type "ArrayOfDoubles", &Dim (24,1)] "Mayer's free valence"
                                                         0

0                                      0.0000000000000000e+00
1                                      0.0000000000000000e+00
2                                      0.0000000000000000e+00
3                                      0.0000000000000000e+00
4                                      0.0000000000000000e+00
5                                      0.0000000000000000e+00
6                                      0.0000000000000000e+00
7                                      0.0000000000000000e+00
8                                      0.0000000000000000e+00
9                                      0.0000000000000000e+00
10                                     0.0000000000000000e+00
11                                     0.0000000000000000e+00
12                                     0.0000000000000000e+00
13                                     0.0000000000000000e+00
14                                     0.0000000000000000e+00
15                                     0.0000000000000000e+00
16                                     0.0000000000000000e+00
17                                     0.0000000000000000e+00
18                                     0.0000000000000000e+00
19                                     0.0000000000000000e+00
20                                     0.0000000000000000e+00
21                                     0.0000000000000000e+00
22                                     0.0000000000000000e+00
23                                     0.0000000000000000e+00
$End
$VdW_Correction
   &GeometryIndex 1
   &ListStatus       OUT
   &VDW [&Type "Double"]      -5.4301403323153932e-02
$End
$Calculation_Info
   &GeometryIndex 1
   &ListStatus       OUT
   &MULT [&Type "Integer"] 1
   &CHARGE [&Type "Integer"] -2
   &NUMOFATOMS [&Type "Integer"] 24
   &NUMOFELECTRONS [&Type "Integer"] 118
   &NUMOFFCELECTRONS [&Type "Integer"] 1
   &NUMOFCORRELECTRONS [&Type "Integer"] 0
   &NUMOFBASISFUNCTS [&Type "Integer"] 264
   &NUMOFAUXCBASISFUNCTS [&Type "Integer"] 0
   &NUMOFAUXJBASISFUNCTS [&Type "Integer"] 872
   &NUMOFAUXJKBASISFUNCTS [&Type "Integer"] 0
   &NUMOFCABSBASISFUNCTS [&Type "Integer"] 0
   &TOTALENERGY [&Type "Double"]      -8.3616941329379165e+02  "Hartrees"
$End
$SCF_Dipole_Moment
   &GeometryIndex 1
   &ListStatus       OUT
   &METHOD [&Type "String"] "SCF"
   &LEVEL [&Type "String"] "Relaxed density"
   &MULT [&Type "Integer"] 1
   &STATE [&Type "Integer"] -1
   &IRREP [&Type "Integer"] 0
   &NATOMS [&Type "Integer"] 24
   &DODIPOLEATOM [&Type "Boolean"] false
   &DIPOLEELECCONTRIB [&Type "ArrayOfDoubles", &Dim (3,1)] "Electronic contribution"
                                                         0

0                                      3.0118396937566891e+00
1                                      2.7029221193768216e-01
2                                      1.3562115222484585e+00
   &DIPOLENUCCONTRIB [&Type "ArrayOfDoubles", &Dim (3,1)] "Nuclear contribution"
                                                         0

0                                     -5.2068669954442868e+00
1                                     -1.7929530839349823e+00
2                                     -1.4936375872479744e+00
   &DIPOLETOTAL [&Type "ArrayOfDoubles", &Dim (3,1)] "Total"
                                                         0

0                                     -2.1950273016875976e+00
1                                     -1.5226608719973003e+00
2                                     -1.3742606499951582e-01
   &DIPOLEMAGNITUDE [&Type "Double", &Units "a.u."]       2.6749816652842249e+00
$End
