*************************************************
******************* ORCA 6.0.1 ******************
*************************************************
$Calculation_Status
   &GeometryIndex 1
   &ListStatus       OUT
   &VERSION [&Type "String"] "6.0.1"
   &PROGNAME [&Type "String"] "LeanSCF"
   &STATUS [&Type "String"] "NORMAL TERMINATION"
$End
$Geometry
   &GeometryIndex 1
   &ListStatus       OUT
   &NATOMS [&Type "Integer"] 24
   &NCORELESSECP [&Type "Integer"] 0
   &NGHOSTATOMS [&Type "Integer"] 0
   &CartesianCoordinates [&Type "Coordinates", &Dim(24,4), &Units "Bohr"] 
              C     86.967086409190   41.048631081037   70.825045773235
              H     87.664395352607   39.960148827899   69.220668285535
              H     87.955413177231   42.783399671977   71.340941007795
              C     84.920513006153   40.366439946692   72.151633519247
              C     83.983208843728   41.904677019704   74.400407618614
              O     84.718312309824   44.166679202007   74.604498041077
              O     82.554575886484   40.789738600690   75.923526882554
              O     83.620381426015   38.151680917736   71.709437603910
              C     81.743883375032   38.032628171299   69.623179952061
              H     80.986103195329   36.105107514699   69.763019685971
              C     83.212200581088   38.403014493548   67.257242832391
              H     84.414066402262   36.862887694402   66.599618137787
              C     83.463534156900   40.723598186003   66.248129076877
              C     81.857266943067   42.785289398111   67.181653787034
              H     82.216314908512   44.656118270693   66.386079084654
              C     80.056357937440   42.435690063336   68.946657996117
              H     78.880948282141   44.017390837428   69.581605977114
              C     79.531014072210   39.878890604140   70.099390937809
              H     79.421409956442   40.094319383407   72.178089685122
              O     77.216099558156   38.966152881456   69.114843622036
              H     76.535798149945   37.448702795917   70.072934771934
              C     85.585696605293   41.226265337626   64.358402942956
              O     87.326134374635   39.599211136320   64.279034445331
              O     85.504438381535   43.242603122520   63.118742599104
$End
$SCF_Energy
   &GeometryIndex 1
   &ListStatus       OUT
   &SCF_ENERGY [&Type "Double"]      -8.3608798112246291e+02
$End
$DFT_Energy
   &GeometryIndex 1
   &ListStatus       OUT
   &NALPHAEL [&Type "Integer"] 59
   &NBETAEL [&Type "Integer"] 59
   &NTOTALEL [&Type "Integer"] 118
   &EEXCHANGE [&Type "Double"]      -8.3113651761028592e+01
   &ECORR [&Type "Double"]      -4.8454406965324530e+00
   &ECNL [&Type "Double"]       0.0000000000000000e+00
   &EXC [&Type "Double"]      -8.7959092457561042e+01
   &EEMBED [&Type "Double"]       0.0000000000000000e+00
   &FINALEN [&Type "Double"]      -8.3608798112246291e+02  "No Van der Waals correction"
$End
$Mulliken_Population_Analysis
   &GeometryIndex 1
   &ListStatus       OUT
   &NATOMS [&Type "Integer"] 24
   &ATNO [&Type "ArrayOfIntegers", &Dim (24,1)] 
                                                         0

0                                                        6
1                                                        1
2                                                        1
3                                                        6
4                                                        6
5                                                        8
6                                                        8
7                                                        8
8                                                        6
9                                                        1
10                                                       6
11                                                       1
12                                                       6
13                                                       6
14                                                       1
15                                                       6
16                                                       1
17                                                       6
18                                                       1
19                                                       8
20                                                       1
21                                                       6
22                                                       8
23                                                       8
   &ATOMICCHARGES [&Type "ArrayOfDoubles", &Dim (24,1)] 
                                                         0

0                                     -9.5364100832551202e-03
1                                     -6.3199976590908591e-03
2                                     -3.5837856918694122e-02
3                                      1.7142757372045736e-02
4                                      7.4535360305413967e-02
5                                     -4.2115167144540244e-01
6                                     -4.2344819319300164e-01
7                                     -3.6975432476508097e-01
8                                      2.3929205167984335e-01
9                                     -9.6652109580842360e-02
10                                    -5.2748380733743438e-02
11                                    -5.6662377688646792e-02
12                                    -4.8833942011798470e-02
13                                     6.2600979976034310e-02
14                                    -5.8429222136568759e-02
15                                    -3.9663278030095839e-02
16                                    -6.4131928689477480e-02
17                                     2.3349737202709520e-01
18                                    -7.4423390130204936e-03
19                                    -3.5018196351315289e-01
20                                     1.4592356236202308e-01
21                                     8.8614950910756107e-02
22                                    -4.1619809269777441e-01
23                                    -4.0461494647349916e-01
$End
$Loewdin_Population_Analysis
   &GeometryIndex 1
   &ListStatus       OUT
   &NATOMS [&Type "Integer"] 24
   &ATNO [&Type "ArrayOfIntegers", &Dim (24,1)] 
                                                         0

0                                                        6
1                                                        1
2                                                        1
3                                                        6
4                                                        6
5                                                        8
6                                                        8
7                                                        8
8                                                        6
9                                                        1
10                                                       6
11                                                       1
12                                                       6
13                                                       6
14                                                       1
15                                                       6
16                                                       1
17                                                       6
18                                                       1
19                                                       8
20                                                       1
21                                                       6
22                                                       8
23                                                       8
   &ATOMICCHARGES [&Type "ArrayOfDoubles", &Dim (24,1)] 
                                                         0

0                                     -9.9121605276430103e-02
1                                      9.5339277469171924e-03
2                                      7.8386530826805023e-03
3                                     -1.0578352868538587e-02
4                                     -6.3829757791277864e-02
5                                     -3.9227424440279535e-01
6                                     -3.8440498082836427e-01
7                                     -1.5414620154532521e-01
8                                      7.8903883189847868e-02
9                                     -8.5940157432307096e-03
10                                    -4.3430306356488479e-02
11                                     4.1753378774135319e-03
12                                    -6.2080982272734175e-02
13                                     2.5948392952912513e-04
14                                     1.3106759751441821e-02
15                                    -5.6353449683789414e-02
16                                     1.6112761514056606e-03
17                                     4.5443286132918814e-02
18                                     1.2966441607509815e-02
19                                    -1.7863059423816452e-01
20                                     7.6120576190735756e-02
21                                    -3.8986890636080851e-02
22                                    -3.8347667455277090e-01
23                                    -3.7405156946434204e-01
$End
$Mayer_Population_Analysis
   &GeometryIndex 1
   &ListStatus       OUT
   &NATOMS [&Type "Integer"] 24 "Total number of atoms"
   &BONDTHRESH [&Type "Double"]       1.0000000000000001e-01  "The threshold for printing"
   &NBONDORDERSPRINT [&Type "Integer"] 26 "The number of bond orders larger than threshold"
   &BONDORDERS [&Type "ArrayOfDoubles", &Dim (26,1)] "The bond orders"
                                                         0

0                                      9.0477441605005182e-01
1                                      9.1011459999649857e-01
2                                      1.9493345318172834e+00
3                                      8.3968274307156654e-01
4                                      1.0313364504837208e+00
5                                      1.8743355178173589e+00
6                                      1.7982422385936547e+00
7                                      1.2099553075731334e-01
8                                      9.3977830840365306e-01
9                                      8.9046252704709450e-01
10                                     9.9085315560089460e-01
11                                     9.5583686800375567e-01
12                                     9.2930400281505066e-01
13                                     1.7779896098949926e+00
14                                     1.0874613099750388e+00
15                                     8.3352071103587966e-01
16                                     9.6368501737619772e-01
17                                     1.7785253789151587e+00
18                                     9.5697309500423577e-01
19                                     9.7161716035555235e-01
20                                     8.9496235140357028e-01
21                                     1.0224628850157704e+00
22                                     9.6080564160843274e-01
23                                     1.8129851315281311e+00
24                                     1.8798391191732406e+00
25                                     1.2214840970209200e-01
   &COMPONENTS [&Type "ArrayOfIntegers", &Dim (26,4)] "The indices and atomic numbers of the bonding atoms"
                                                         0                           1                           2                           3

0                                                        0                           6                           1                           1
1                                                        0                           6                           2                           1
2                                                        0                           6                           3                           6
3                                                        3                           6                           4                           6
4                                                        3                           6                           7                           8
5                                                        4                           6                           5                           8
6                                                        4                           6                           6                           8
7                                                        5                           8                           6                           8
8                                                        7                           8                           8                           6
9                                                        8                           6                           9                           1
10                                                       8                           6                          10                           6
11                                                       8                           6                          17                           6
12                                                      10                           6                          11                           1
13                                                      10                           6                          12                           6
14                                                      12                           6                          13                           6
15                                                      12                           6                          21                           6
16                                                      13                           6                          14                           1
17                                                      13                           6                          15                           6
18                                                      15                           6                          16                           1
19                                                      15                           6                          17                           6
20                                                      17                           6                          18                           1
21                                                      17                           6                          19                           8
22                                                      19                           8                          20                           1
23                                                      21                           6                          22                           8
24                                                      21                           6                          23                           8
25                                                      22                           8                          23                           8
   &ATNO [&Type "ArrayOfIntegers", &Dim (24,1)] "Atomic number of the elements"
                                                         0

0                                                        6
1                                                        1
2                                                        1
3                                                        6
4                                                        6
5                                                        8
6                                                        8
7                                                        8
8                                                        6
9                                                        1
10                                                       6
11                                                       1
12                                                       6
13                                                       6
14                                                       1
15                                                       6
16                                                       1
17                                                       6
18                                                       1
19                                                       8
20                                                       1
21                                                       6
22                                                       8
23                                                       8
   &NA [&Type "ArrayOfDoubles", &Dim (24,1)] "Mulliken gross atomic population"
                                                         0

0                                      6.0095364100832542e+00
1                                      1.0063199976590902e+00
2                                      1.0358378569186937e+00
3                                      5.9828572426279463e+00
4                                      5.9254646396945869e+00
5                                      8.4211516714454078e+00
6                                      8.4234481931930070e+00
7                                      8.3697543247650863e+00
8                                      5.7607079483201566e+00
9                                      1.0966521095808419e+00
10                                     6.0527483807337452e+00
11                                     1.0566623776886466e+00
12                                     6.0488339420117967e+00
13                                     5.9373990200239630e+00
14                                     1.0584292221365690e+00
15                                     6.0396632780300941e+00
16                                     1.0641319286894775e+00
17                                     5.7665026279729066e+00
18                                     1.0074423390130207e+00
19                                     8.3501819635131511e+00
20                                     8.5407643763797680e-01
21                                     5.9113850490892430e+00
22                                     8.4161980926977762e+00
23                                     8.4046149464734974e+00
   &ZA [&Type "ArrayOfDoubles", &Dim (24,1)] "Total nuclear charge"
                                                         0

0                                      6.0000000000000000e+00
1                                      1.0000000000000000e+00
2                                      1.0000000000000000e+00
3                                      6.0000000000000000e+00
4                                      6.0000000000000000e+00
5                                      8.0000000000000000e+00
6                                      8.0000000000000000e+00
7                                      8.0000000000000000e+00
8                                      6.0000000000000000e+00
9                                      1.0000000000000000e+00
10                                     6.0000000000000000e+00
11                                     1.0000000000000000e+00
12                                     6.0000000000000000e+00
13                                     6.0000000000000000e+00
14                                     1.0000000000000000e+00
15                                     6.0000000000000000e+00
16                                     1.0000000000000000e+00
17                                     6.0000000000000000e+00
18                                     1.0000000000000000e+00
19                                     8.0000000000000000e+00
20                                     1.0000000000000000e+00
21                                     6.0000000000000000e+00
22                                     8.0000000000000000e+00
23                                     8.0000000000000000e+00
   &QA [&Type "ArrayOfDoubles", &Dim (24,1)] "Mulliken gross atomic charge"
                                                         0

0                                     -9.5364100832542320e-03
1                                     -6.3199976590901930e-03
2                                     -3.5837856918693678e-02
3                                      1.7142757372053730e-02
4                                      7.4535360305413079e-02
5                                     -4.2115167144540777e-01
6                                     -4.2344819319300697e-01
7                                     -3.6975432476508630e-01
8                                      2.3929205167984335e-01
9                                     -9.6652109580841916e-02
10                                    -5.2748380733745215e-02
11                                    -5.6662377688646570e-02
12                                    -4.8833942011796694e-02
13                                     6.2600979976036975e-02
14                                    -5.8429222136568981e-02
15                                    -3.9663278030094062e-02
16                                    -6.4131928689477480e-02
17                                     2.3349737202709342e-01
18                                    -7.4423390130207157e-03
19                                    -3.5018196351315112e-01
20                                     1.4592356236202320e-01
21                                     8.8614950910756995e-02
22                                    -4.1619809269777619e-01
23                                    -4.0461494647349738e-01
   &VA [&Type "ArrayOfDoubles", &Dim (24,1)] "Mayer's total valence"
                                                         0

0                                      3.8742222306706497e+00
1                                      1.0361435251461595e+00
2                                      1.0172244448987153e+00
3                                      3.9165557004750582e+00
4                                      4.5125444895517450e+00
5                                      2.0706754780664611e+00
6                                      2.0386014818125275e+00
7                                      2.0895796277489378e+00
8                                      3.8805105436463920e+00
9                                      9.8715080415590917e-01
10                                     3.8780397094761674e+00
11                                     1.0343145349721856e+00
12                                     3.7518440611911261e+00
13                                     3.9088394166856011e+00
14                                     1.0233913893208346e+00
15                                     3.8390013860712879e+00
16                                     9.7909414438288134e-01
17                                     3.8749776658120734e+00
18                                     1.0603688314152289e+00
19                                     2.0166034476971344e+00
20                                     1.0169187778095021e+00
21                                     4.5190180705943757e+00
22                                     2.0674852347717954e+00
23                                     2.0872475465457905e+00
   &BVA [&Type "ArrayOfDoubles", &Dim (24,1)] "Mayer's bonded valence"
                                                         0

0                                      3.8742222306706440e+00
1                                      1.0361435251461606e+00
2                                      1.0172244448987202e+00
3                                      3.9165557004750431e+00
4                                      4.5125444895517886e+00
5                                      2.0706754780664642e+00
6                                      2.0386014818125453e+00
7                                      2.0895796277488827e+00
8                                      3.8805105436463645e+00
9                                      9.8715080415590439e-01
10                                     3.8780397094761287e+00
11                                     1.0343145349722007e+00
12                                     3.7518440611910981e+00
13                                     3.9088394166855451e+00
14                                     1.0233913893208111e+00
15                                     3.8390013860712862e+00
16                                     9.7909414438287357e-01
17                                     3.8749776658120654e+00
18                                     1.0603688314152186e+00
19                                     2.0166034476971539e+00
20                                     1.0169187778095079e+00
21                                     4.5190180705943508e+00
22                                     2.0674852347718300e+00
23                                     2.0872475465457914e+00
   &FA [&Type "ArrayOfDoubles", &Dim (24,1)] "Mayer's free valence"
                                                         0

0                                      0.0000000000000000e+00
1                                      0.0000000000000000e+00
2                                      0.0000000000000000e+00
3                                      0.0000000000000000e+00
4                                      0.0000000000000000e+00
5                                      0.0000000000000000e+00
6                                      0.0000000000000000e+00
7                                      0.0000000000000000e+00
8                                      0.0000000000000000e+00
9                                      0.0000000000000000e+00
10                                     0.0000000000000000e+00
11                                     0.0000000000000000e+00
12                                     0.0000000000000000e+00
13                                     0.0000000000000000e+00
14                                     0.0000000000000000e+00
15                                     0.0000000000000000e+00
16                                     0.0000000000000000e+00
17                                     0.0000000000000000e+00
18                                     0.0000000000000000e+00
19                                     0.0000000000000000e+00
20                                     0.0000000000000000e+00
21                                     0.0000000000000000e+00
22                                     0.0000000000000000e+00
23                                     0.0000000000000000e+00
$End
$VdW_Correction
   &GeometryIndex 1
   &ListStatus       OUT
   &VDW [&Type "Double"]      -5.2956605317704519e-02
$End
$Calculation_Info
   &GeometryIndex 1
   &ListStatus       OUT
   &MULT [&Type "Integer"] 1
   &CHARGE [&Type "Integer"] -2
   &NUMOFATOMS [&Type "Integer"] 24
   &NUMOFELECTRONS [&Type "Integer"] 118
   &NUMOFFCELECTRONS [&Type "Integer"] 1
   &NUMOFCORRELECTRONS [&Type "Integer"] 0
   &NUMOFBASISFUNCTS [&Type "Integer"] 264
   &NUMOFAUXCBASISFUNCTS [&Type "Integer"] 0
   &NUMOFAUXJBASISFUNCTS [&Type "Integer"] 872
   &NUMOFAUXJKBASISFUNCTS [&Type "Integer"] 0
   &NUMOFCABSBASISFUNCTS [&Type "Integer"] 0
   &TOTALENERGY [&Type "Double"]      -8.3614093772778062e+02  "Hartrees"
$End
$SCF_Dipole_Moment
   &GeometryIndex 1
   &ListStatus       OUT
   &METHOD [&Type "String"] "SCF"
   &LEVEL [&Type "String"] "Relaxed density"
   &MULT [&Type "Integer"] 1
   &STATE [&Type "Integer"] -1
   &IRREP [&Type "Integer"] 0
   &NATOMS [&Type "Integer"] 24
   &DODIPOLEATOM [&Type "Boolean"] false
   &DIPOLEELECCONTRIB [&Type "ArrayOfDoubles", &Dim (3,1)] "Electronic contribution"
                                                         0

0                                      1.1974989086631924e+00
1                                     -8.4835256167153358e-02
2                                     -1.4277895339664690e-01
   &DIPOLENUCCONTRIB [&Type "ArrayOfDoubles", &Dim (3,1)] "Nuclear contribution"
                                                         0

0                                     -3.9393247443006345e+00
1                                     -1.9144290714917673e+00
2                                     -5.6724660842036201e-02
   &DIPOLETOTAL [&Type "ArrayOfDoubles", &Dim (3,1)] "Total"
                                                         0

0                                     -2.7418258356374423e+00
1                                     -1.9992643276589206e+00
2                                     -1.9950361423868310e-01
   &DIPOLEMAGNITUDE [&Type "Double", &Units "a.u."]       3.3991864404461154e+00
$End
