*************************************************
******************* ORCA 6.0.1 ******************
*************************************************
$Calculation_Status
   &GeometryIndex 1
   &ListStatus       OUT
   &VERSION [&Type "String"] "6.0.1"
   &PROGNAME [&Type "String"] "LeanSCF"
   &STATUS [&Type "String"] "NORMAL TERMINATION"
$End
$Geometry
   &GeometryIndex 1
   &ListStatus       OUT
   &NATOMS [&Type "Integer"] 24
   &NCORELESSECP [&Type "Integer"] 0
   &NGHOSTATOMS [&Type "Integer"] 0
   &CartesianCoordinates [&Type "Coordinates", &Dim(24,4), &Units "Bohr"] 
              C     82.301352584538   33.327210097835   77.414520802218
              H     83.718647184979   31.811649738430   77.320034495522
              H     83.215980033356   35.167803352274   77.650736568958
              C     80.719651810446   32.953044323319   79.761560660548
              C     80.003445605690   35.254730754435   81.460424454943
              O     81.545462130970   37.044301403258   81.549241583238
              O     77.977659190127   35.061978688775   82.679297811323
              O     80.033681223833   30.853558588532   80.381390832474
              C     76.881618032452   30.657027070604   75.734554269162
              H     75.846048111063   28.873125600183   75.774238517974
              C     79.224878438515   30.800646256782   74.810478189675
              H     80.211315480421   29.135797532798   74.090492532651
              C     80.717762084312   33.238392969541   74.869059699826
              C     78.965985958167   35.479608164371   74.882287782764
              H     79.733214768539   37.255950730257   74.167971304141
              C     76.634063908909   35.343547882729   75.840378932662
              H     75.462433705877   37.038632224857   75.953762500697
              C     75.479441241083   32.907690896105   76.792800904158
              H     75.632509057930   32.892573087033   78.882838008275
              O     72.909413698950   32.799976506471   76.082263877804
              H     71.792585553802   32.299199080982   77.520345465718
              C     82.643393014778   33.230834065005   72.593829434585
              O     84.168402004853   31.428035333244   72.591939708451
              O     82.622606027305   35.012845809293   71.004569755957
$End
$SCF_Energy
   &GeometryIndex 1
   &ListStatus       OUT
   &SCF_ENERGY [&Type "Double"]      -8.3612176627514418e+02
$End
$DFT_Energy
   &GeometryIndex 1
   &ListStatus       OUT
   &NALPHAEL [&Type "Integer"] 59
   &NBETAEL [&Type "Integer"] 59
   &NTOTALEL [&Type "Integer"] 118
   &EEXCHANGE [&Type "Double"]      -8.3129082697096209e+01
   &ECORR [&Type "Double"]      -4.8456228227404434e+00
   &ECNL [&Type "Double"]       0.0000000000000000e+00
   &EXC [&Type "Double"]      -8.7974705519836647e+01
   &EEMBED [&Type "Double"]       0.0000000000000000e+00
   &FINALEN [&Type "Double"]      -8.3612176627514418e+02  "No Van der Waals correction"
$End
$Mulliken_Population_Analysis
   &GeometryIndex 1
   &ListStatus       OUT
   &NATOMS [&Type "Integer"] 24
   &ATNO [&Type "ArrayOfIntegers", &Dim (24,1)] 
                                                         0

0                                                        6
1                                                        1
2                                                        1
3                                                        6
4                                                        6
5                                                        8
6                                                        8
7                                                        8
8                                                        6
9                                                        1
10                                                       6
11                                                       1
12                                                       6
13                                                       6
14                                                       1
15                                                       6
16                                                       1
17                                                       6
18                                                       1
19                                                       8
20                                                       1
21                                                       6
22                                                       8
23                                                       8
   &ATOMICCHARGES [&Type "ArrayOfDoubles", &Dim (24,1)] 
                                                         0

0                                      2.4599271425400282e-01
1                                     -4.0517426314375271e-02
2                                     -3.2261688232293251e-02
3                                     -6.4774147525935355e-02
4                                      8.6591012249040311e-02
5                                     -4.0319339561149903e-01
6                                     -4.1032078217621937e-01
7                                     -2.6038350992808823e-01
8                                     -6.7301958552022256e-02
9                                     -9.6164591633135066e-02
10                                     5.7073523686507421e-02
11                                    -5.3181840115364309e-02
12                                    -2.0136399648396619e-01
13                                     6.6670691684596939e-02
14                                    -4.8838661388379556e-02
15                                    -7.5048528860983232e-02
16                                    -7.7782096107783971e-02
17                                     2.9703170732744866e-01
18                                     1.9371917375967773e-02
19                                    -3.5683069608587559e-01
20                                     1.4564349832833223e-01
21                                     9.2914618132027726e-02
22                                    -4.1616390969342199e-01
23                                    -4.0716245432849085e-01
$End
$Loewdin_Population_Analysis
   &GeometryIndex 1
   &ListStatus       OUT
   &NATOMS [&Type "Integer"] 24
   &ATNO [&Type "ArrayOfIntegers", &Dim (24,1)] 
                                                         0

0                                                        6
1                                                        1
2                                                        1
3                                                        6
4                                                        6
5                                                        8
6                                                        8
7                                                        8
8                                                        6
9                                                        1
10                                                       6
11                                                       1
12                                                       6
13                                                       6
14                                                       1
15                                                       6
16                                                       1
17                                                       6
18                                                       1
19                                                       8
20                                                       1
21                                                       6
22                                                       8
23                                                       8
   &ATOMICCHARGES [&Type "ArrayOfDoubles", &Dim (24,1)] 
                                                         0

0                                     -3.3545059791348031e-02
1                                      1.3332584936580738e-02
2                                      1.4502157342841215e-02
3                                      3.4058363852451201e-02
4                                     -7.7959169553942331e-02
5                                     -3.6364655481359165e-01
6                                     -3.7175271480218086e-01
7                                     -1.8863904623555960e-01
8                                     -7.1945050818213119e-02
9                                     -1.0482310890044699e-02
10                                    -9.6882995962044305e-04
11                                     8.4213412964295742e-03
12                                    -7.8978641161471685e-02
13                                     6.0090952708877765e-03
14                                     1.2143549340188353e-02
15                                    -6.9612955014038747e-02
16                                    -2.1352110883667841e-03
17                                     4.8227151854264960e-02
18                                     1.7802808087757804e-02
19                                    -1.7488235202498892e-01
20                                     7.4398650507463637e-02
21                                    -2.3782950424798166e-02
22                                    -3.7508418204486915e-01
23                                    -3.8548067386581586e-01
$End
$Mayer_Population_Analysis
   &GeometryIndex 1
   &ListStatus       OUT
   &NATOMS [&Type "Integer"] 24 "Total number of atoms"
   &BONDTHRESH [&Type "Double"]       1.0000000000000001e-01  "The threshold for printing"
   &NBONDORDERSPRINT [&Type "Integer"] 26 "The number of bond orders larger than threshold"
   &BONDORDERS [&Type "ArrayOfDoubles", &Dim (26,1)] "The bond orders"
                                                         0

0                                      8.8064024233092730e-01
1                                      9.0330319805775228e-01
2                                      9.7063594112014140e-01
3                                      1.0029992272363937e+00
4                                      8.0562864183074823e-01
5                                      2.0555421799992786e+00
6                                      1.8278284828606197e+00
7                                      1.8265151508346444e+00
8                                      1.3438492794512757e-01
9                                      9.5303648522333095e-01
10                                     1.8661824426019222e+00
11                                     9.7292612945233947e-01
12                                     9.6172301211726208e-01
13                                     9.8097558666515894e-01
14                                     9.5976218797798840e-01
15                                     7.8080068394315161e-01
16                                     9.6220935702585075e-01
17                                     1.8655756212322157e+00
18                                     9.5857287898404231e-01
19                                     9.7479927858755966e-01
20                                     8.5660443171374534e-01
21                                     9.8149610520658626e-01
22                                     9.7577159301229022e-01
23                                     1.8163167181237818e+00
24                                     1.9060400579427381e+00
25                                     1.1523093422648101e-01
   &COMPONENTS [&Type "ArrayOfIntegers", &Dim (26,4)] "The indices and atomic numbers of the bonding atoms"
                                                         0                           1                           2                           3

0                                                        0                           6                           1                           1
1                                                        0                           6                           2                           1
2                                                        0                           6                           3                           6
3                                                        0                           6                          12                           6
4                                                        3                           6                           4                           6
5                                                        3                           6                           7                           8
6                                                        4                           6                           5                           8
7                                                        4                           6                           6                           8
8                                                        5                           8                           6                           8
9                                                        8                           6                           9                           1
10                                                       8                           6                          10                           6
11                                                       8                           6                          17                           6
12                                                      10                           6                          11                           1
13                                                      10                           6                          12                           6
14                                                      12                           6                          13                           6
15                                                      12                           6                          21                           6
16                                                      13                           6                          14                           1
17                                                      13                           6                          15                           6
18                                                      15                           6                          16                           1
19                                                      15                           6                          17                           6
20                                                      17                           6                          18                           1
21                                                      17                           6                          19                           8
22                                                      19                           8                          20                           1
23                                                      21                           6                          22                           8
24                                                      21                           6                          23                           8
25                                                      22                           8                          23                           8
   &ATNO [&Type "ArrayOfIntegers", &Dim (24,1)] "Atomic number of the elements"
                                                         0

0                                                        6
1                                                        1
2                                                        1
3                                                        6
4                                                        6
5                                                        8
6                                                        8
7                                                        8
8                                                        6
9                                                        1
10                                                       6
11                                                       1
12                                                       6
13                                                       6
14                                                       1
15                                                       6
16                                                       1
17                                                       6
18                                                       1
19                                                       8
20                                                       1
21                                                       6
22                                                       8
23                                                       8
   &NA [&Type "ArrayOfDoubles", &Dim (24,1)] "Mulliken gross atomic population"
                                                         0

0                                      5.7540072857460007e+00
1                                      1.0405174263143757e+00
2                                      1.0322616882322937e+00
3                                      6.0647741475259345e+00
4                                      5.9134089877509552e+00
5                                      8.4031933956114955e+00
6                                      8.4103207821762194e+00
7                                      8.2603835099280847e+00
8                                      6.0673019585520187e+00
9                                      1.0961645916331351e+00
10                                     5.9429264763134890e+00
11                                     1.0531818401153643e+00
12                                     6.2013639964839671e+00
13                                     5.9333293083154048e+00
14                                     1.0488386613883800e+00
15                                     6.0750485288609832e+00
16                                     1.0777820961077844e+00
17                                     5.7029682926725540e+00
18                                     9.8062808262403156e-01
19                                     8.3568306960858756e+00
20                                     8.5435650167166788e-01
21                                     5.9070853818679705e+00
22                                     8.4161639096934238e+00
23                                     8.4071624543284926e+00
   &ZA [&Type "ArrayOfDoubles", &Dim (24,1)] "Total nuclear charge"
                                                         0

0                                      6.0000000000000000e+00
1                                      1.0000000000000000e+00
2                                      1.0000000000000000e+00
3                                      6.0000000000000000e+00
4                                      6.0000000000000000e+00
5                                      8.0000000000000000e+00
6                                      8.0000000000000000e+00
7                                      8.0000000000000000e+00
8                                      6.0000000000000000e+00
9                                      1.0000000000000000e+00
10                                     6.0000000000000000e+00
11                                     1.0000000000000000e+00
12                                     6.0000000000000000e+00
13                                     6.0000000000000000e+00
14                                     1.0000000000000000e+00
15                                     6.0000000000000000e+00
16                                     1.0000000000000000e+00
17                                     6.0000000000000000e+00
18                                     1.0000000000000000e+00
19                                     8.0000000000000000e+00
20                                     1.0000000000000000e+00
21                                     6.0000000000000000e+00
22                                     8.0000000000000000e+00
23                                     8.0000000000000000e+00
   &QA [&Type "ArrayOfDoubles", &Dim (24,1)] "Mulliken gross atomic charge"
                                                         0

0                                      2.4599271425399927e-01
1                                     -4.0517426314375715e-02
2                                     -3.2261688232293695e-02
3                                     -6.4774147525934467e-02
4                                      8.6591012249044752e-02
5                                     -4.0319339561149548e-01
6                                     -4.1032078217621937e-01
7                                     -2.6038350992808468e-01
8                                     -6.7301958552018704e-02
9                                     -9.6164591633135066e-02
10                                     5.7073523686510974e-02
11                                    -5.3181840115364309e-02
12                                    -2.0136399648396708e-01
13                                     6.6670691684595162e-02
14                                    -4.8838661388380000e-02
15                                    -7.5048528860983232e-02
16                                    -7.7782096107784415e-02
17                                     2.9703170732744599e-01
18                                     1.9371917375968439e-02
19                                    -3.5683069608587559e-01
20                                     1.4564349832833212e-01
21                                     9.2914618132029503e-02
22                                    -4.1616390969342376e-01
23                                    -4.0716245432849263e-01
   &VA [&Type "ArrayOfDoubles", &Dim (24,1)] "Mayer's total valence"
                                                         0

0                                      3.7475184652028575e+00
1                                      1.0456434558444991e+00
2                                      1.0420182810463978e+00
3                                      3.9714117220755805e+00
4                                      4.4647631696996006e+00
5                                      2.0810984524363749e+00
6                                      2.0753094713908014e+00
7                                      2.1870002397775439e+00
8                                      3.9058289775946200e+00
9                                      9.8453589571051336e-01
10                                     3.8967863714697848e+00
11                                     1.0270437443388729e+00
12                                     3.7158599179871077e+00
13                                     3.8821893851175071e+00
14                                     1.0265854956757285e+00
15                                     3.8933194338981947e+00
16                                     9.8739546678098733e-01
17                                     3.7799221748515821e+00
18                                     1.0640209480471770e+00
19                                     2.0039376033248026e+00
20                                     1.0186546836536683e+00
21                                     4.5327537462962049e+00
22                                     2.0548103401162030e+00
23                                     2.0958844572005670e+00
   &BVA [&Type "ArrayOfDoubles", &Dim (24,1)] "Mayer's bonded valence"
                                                         0

0                                      3.7475184652028806e+00
1                                      1.0456434558444967e+00
2                                      1.0420182810463940e+00
3                                      3.9714117220755361e+00
4                                      4.4647631696995642e+00
5                                      2.0810984524362972e+00
6                                      2.0753094713907512e+00
7                                      2.1870002397775394e+00
8                                      3.9058289775946267e+00
9                                      9.8453589571052336e-01
10                                     3.8967863714697852e+00
11                                     1.0270437443388760e+00
12                                     3.7158599179871654e+00
13                                     3.8821893851174991e+00
14                                     1.0265854956757332e+00
15                                     3.8933194338982036e+00
16                                     9.8739546678098422e-01
17                                     3.7799221748515857e+00
18                                     1.0640209480471747e+00
19                                     2.0039376033247702e+00
20                                     1.0186546836536747e+00
21                                     4.5327537462961809e+00
22                                     2.0548103401162319e+00
23                                     2.0958844572005333e+00
   &FA [&Type "ArrayOfDoubles", &Dim (24,1)] "Mayer's free valence"
                                                         0

0                                      0.0000000000000000e+00
1                                      0.0000000000000000e+00
2                                      0.0000000000000000e+00
3                                      0.0000000000000000e+00
4                                      0.0000000000000000e+00
5                                      0.0000000000000000e+00
6                                      0.0000000000000000e+00
7                                      0.0000000000000000e+00
8                                      0.0000000000000000e+00
9                                      0.0000000000000000e+00
10                                     0.0000000000000000e+00
11                                     0.0000000000000000e+00
12                                     0.0000000000000000e+00
13                                     0.0000000000000000e+00
14                                     0.0000000000000000e+00
15                                     0.0000000000000000e+00
16                                     0.0000000000000000e+00
17                                     0.0000000000000000e+00
18                                     0.0000000000000000e+00
19                                     0.0000000000000000e+00
20                                     0.0000000000000000e+00
21                                     0.0000000000000000e+00
22                                     0.0000000000000000e+00
23                                     0.0000000000000000e+00
$End
$VdW_Correction
   &GeometryIndex 1
   &ListStatus       OUT
   &VDW [&Type "Double"]      -5.4117417978098284e-02
$End
$Calculation_Info
   &GeometryIndex 1
   &ListStatus       OUT
   &MULT [&Type "Integer"] 1
   &CHARGE [&Type "Integer"] -2
   &NUMOFATOMS [&Type "Integer"] 24
   &NUMOFELECTRONS [&Type "Integer"] 118
   &NUMOFFCELECTRONS [&Type "Integer"] 1
   &NUMOFCORRELECTRONS [&Type "Integer"] 0
   &NUMOFBASISFUNCTS [&Type "Integer"] 264
   &NUMOFAUXCBASISFUNCTS [&Type "Integer"] 0
   &NUMOFAUXJBASISFUNCTS [&Type "Integer"] 872
   &NUMOFAUXJKBASISFUNCTS [&Type "Integer"] 0
   &NUMOFCABSBASISFUNCTS [&Type "Integer"] 0
   &TOTALENERGY [&Type "Double"]      -8.3617588369312227e+02  "Hartrees"
$End
$SCF_Dipole_Moment
   &GeometryIndex 1
   &ListStatus       OUT
   &METHOD [&Type "String"] "SCF"
   &LEVEL [&Type "String"] "Relaxed density"
   &MULT [&Type "Integer"] 1
   &STATE [&Type "Integer"] -1
   &IRREP [&Type "Integer"] 0
   &NATOMS [&Type "Integer"] 24
   &DODIPOLEATOM [&Type "Boolean"] false
   &DIPOLEELECCONTRIB [&Type "ArrayOfDoubles", &Dim (3,1)] "Electronic contribution"
                                                         0

0                                      2.7925336548591857e+00
1                                      4.6026340871242311e-01
2                                      1.6461759739699611e+00
   &DIPOLENUCCONTRIB [&Type "ArrayOfDoubles", &Dim (3,1)] "Nuclear contribution"
                                                         0

0                                     -5.2913478223686354e+00
1                                     -1.6322943961633918e+00
2                                     -1.6005583472047107e+00
   &DIPOLETOTAL [&Type "ArrayOfDoubles", &Dim (3,1)] "Total"
                                                         0

0                                     -2.4988141675094497e+00
1                                     -1.1720309874509687e+00
2                                      4.5617626765250385e-02
   &DIPOLEMAGNITUDE [&Type "Double", &Units "a.u."]       2.7604003056011512e+00
$End
