*************************************************
******************* ORCA 6.0.1 ******************
*************************************************
$Calculation_Status
   &GeometryIndex 1
   &ListStatus       OUT
   &VERSION [&Type "String"] "6.0.1"
   &PROGNAME [&Type "String"] "LeanSCF"
   &STATUS [&Type "String"] "NORMAL TERMINATION"
$End
$Geometry
   &GeometryIndex 1
   &ListStatus       OUT
   &NATOMS [&Type "Integer"] 24
   &NCORELESSECP [&Type "Integer"] 0
   &NGHOSTATOMS [&Type "Integer"] 0
   &CartesianCoordinates [&Type "Coordinates", &Dim(24,4), &Units "Bohr"] 
              C     83.765890338327   33.880899855074   64.005024155913
              H     85.183184938768   32.584547727204   63.211339179666
              H     84.627605455395   35.721493109513   64.422653631509
              C     82.692525894260   32.686592938436   66.346394835841
              C     81.987658046307   34.262624534126   68.708552503243
              O     83.274561543508   36.197704095262   69.107284717500
              O     80.254779181502   33.376342977317   70.067265593532
              O     82.299462858404   30.424590756132   66.397417441457
              C     77.930416036778   31.411027798039   62.944887794783
              H     76.932640638068   29.612008518546   62.771032990462
              C     80.086593555583   31.817318916832   61.701447998663
              H     80.897286067035   30.352781163043   60.510920534292
              C     81.587036105916   34.221050559180   61.969789109680
              C     79.927856560333   36.343213007574   62.903313819837
              H     80.655401121893   38.249946676700   62.604737090677
              C     77.771679041529   35.938811614914   64.154312520493
              H     76.671858431587   37.528071293542   64.891305712722
              C     76.719101584935   33.336658728505   64.655089945982
              H     77.140510512799   32.841550481417   66.650640743403
              O     74.073484997445   33.393350512522   64.286593349867
              H     73.209880154243   32.062983314242   65.335391354193
              C     82.953308100741   34.831432100437   59.407320472082
              O     84.164622552585   33.051310082283   58.386868359765
              O     82.790791653224   37.031073320321   58.573951247023
$End
$SCF_Energy
   &GeometryIndex 1
   &ListStatus       OUT
   &SCF_ENERGY [&Type "Double"]      -8.3612205418661938e+02
$End
$DFT_Energy
   &GeometryIndex 1
   &ListStatus       OUT
   &NALPHAEL [&Type "Integer"] 59
   &NBETAEL [&Type "Integer"] 59
   &NTOTALEL [&Type "Integer"] 118
   &EEXCHANGE [&Type "Double"]      -8.3140785853967074e+01
   &ECORR [&Type "Double"]      -4.8470116011187390e+00
   &ECNL [&Type "Double"]       0.0000000000000000e+00
   &EXC [&Type "Double"]      -8.7987797455085811e+01
   &EEMBED [&Type "Double"]       0.0000000000000000e+00
   &FINALEN [&Type "Double"]      -8.3612205418661938e+02  "No Van der Waals correction"
$End
$Mulliken_Population_Analysis
   &GeometryIndex 1
   &ListStatus       OUT
   &NATOMS [&Type "Integer"] 24
   &ATNO [&Type "ArrayOfIntegers", &Dim (24,1)] 
                                                         0

0                                                        6
1                                                        1
2                                                        1
3                                                        6
4                                                        6
5                                                        8
6                                                        8
7                                                        8
8                                                        6
9                                                        1
10                                                       6
11                                                       1
12                                                       6
13                                                       6
14                                                       1
15                                                       6
16                                                       1
17                                                       6
18                                                       1
19                                                       8
20                                                       1
21                                                       6
22                                                       8
23                                                       8
   &ATOMICCHARGES [&Type "ArrayOfDoubles", &Dim (24,1)] 
                                                         0

0                                      2.4891884900648265e-01
1                                     -4.4911146890598053e-02
2                                     -3.1870927935115478e-02
3                                     -5.5526644693853378e-02
4                                      8.6129581108703057e-02
5                                     -4.0184590842324752e-01
6                                     -4.0943339393940015e-01
7                                     -2.5744661059881224e-01
8                                     -7.2880367284914094e-02
9                                     -1.0207626194212649e-01
10                                     6.2574506147327291e-02
11                                    -5.8037714833984566e-02
12                                    -2.2037484925256123e-01
13                                     7.5603650820028179e-02
14                                    -4.8656814404222093e-02
15                                    -7.8466428504501806e-02
16                                    -7.6997446721190244e-02
17                                     3.1358045499237708e-01
18                                     1.4149025082944355e-02
19                                    -3.6180499868516769e-01
20                                     1.4127218541381126e-01
21                                     9.6350680041868308e-02
22                                    -4.2750810878776058e-01
23                                    -3.9074130971613030e-01
$End
$Loewdin_Population_Analysis
   &GeometryIndex 1
   &ListStatus       OUT
   &NATOMS [&Type "Integer"] 24
   &ATNO [&Type "ArrayOfIntegers", &Dim (24,1)] 
                                                         0

0                                                        6
1                                                        1
2                                                        1
3                                                        6
4                                                        6
5                                                        8
6                                                        8
7                                                        8
8                                                        6
9                                                        1
10                                                       6
11                                                       1
12                                                       6
13                                                       6
14                                                       1
15                                                       6
16                                                       1
17                                                       6
18                                                       1
19                                                       8
20                                                       1
21                                                       6
22                                                       8
23                                                       8
   &ATOMICCHARGES [&Type "ArrayOfDoubles", &Dim (24,1)] 
                                                         0

0                                     -2.9783327422787664e-02
1                                      1.2181267959813780e-02
2                                      1.4482182722970305e-02
3                                      3.2214537469363869e-02
4                                     -8.0264108061985695e-02
5                                     -3.6112625770951645e-01
6                                     -3.7021459441596072e-01
7                                     -1.8546537853239897e-01
8                                     -7.6095769293415216e-02
9                                     -1.2153865907458039e-02
10                                     1.4894572090202729e-03
11                                     7.2867196618613406e-03
12                                    -7.8497735079133157e-02
13                                     8.7670987556522917e-03
14                                     1.2094931325739133e-02
15                                    -6.7617279338034741e-02
16                                    -1.2613108998882350e-03
17                                     4.5940825564575682e-02
18                                     1.5151694142936600e-02
19                                    -1.7954442346877109e-01
20                                     7.3201967919460098e-02
21                                    -2.4548545344532435e-02
22                                    -3.8974732604526885e-01
23                                    -3.6649076121222812e-01
$End
$Mayer_Population_Analysis
   &GeometryIndex 1
   &ListStatus       OUT
   &NATOMS [&Type "Integer"] 24 "Total number of atoms"
   &BONDTHRESH [&Type "Double"]       1.0000000000000001e-01  "The threshold for printing"
   &NBONDORDERSPRINT [&Type "Integer"] 27 "The number of bond orders larger than threshold"
   &BONDORDERS [&Type "ArrayOfDoubles", &Dim (27,1)] "The bond orders"
                                                         0

0                                      8.7878182328042942e-01
1                                      9.0905465557599352e-01
2                                      9.7712272694407076e-01
3                                      9.9560912319224537e-01
4                                      8.1300970100060510e-01
5                                      2.0578613709152074e+00
6                                      1.8453511872224069e+00
7                                      1.8014983821977459e+00
8                                      1.3416922457007874e-01
9                                      1.0543804383129247e-01
10                                     9.4913734821649853e-01
11                                     1.8728113767722689e+00
12                                     9.7590314564516478e-01
13                                     9.5996678951369774e-01
14                                     9.8746912323066882e-01
15                                     9.6636859584000923e-01
16                                     7.7673686105459738e-01
17                                     9.5835532720653660e-01
18                                     1.8700730590449102e+00
19                                     9.5865218771808569e-01
20                                     9.7847567796574919e-01
21                                     8.4903992021838059e-01
22                                     9.6312717990259578e-01
23                                     9.7471024391072147e-01
24                                     1.8181461443876628e+00
25                                     1.9167016709254587e+00
26                                     1.1457454940786066e-01
   &COMPONENTS [&Type "ArrayOfIntegers", &Dim (27,4)] "The indices and atomic numbers of the bonding atoms"
                                                         0                           1                           2                           3

0                                                        0                           6                           1                           1
1                                                        0                           6                           2                           1
2                                                        0                           6                           3                           6
3                                                        0                           6                          12                           6
4                                                        3                           6                           4                           6
5                                                        3                           6                           7                           8
6                                                        4                           6                           5                           8
7                                                        4                           6                           6                           8
8                                                        5                           8                           6                           8
9                                                        6                           8                          18                           1
10                                                       8                           6                           9                           1
11                                                       8                           6                          10                           6
12                                                       8                           6                          17                           6
13                                                      10                           6                          11                           1
14                                                      10                           6                          12                           6
15                                                      12                           6                          13                           6
16                                                      12                           6                          21                           6
17                                                      13                           6                          14                           1
18                                                      13                           6                          15                           6
19                                                      15                           6                          16                           1
20                                                      15                           6                          17                           6
21                                                      17                           6                          18                           1
22                                                      17                           6                          19                           8
23                                                      19                           8                          20                           1
24                                                      21                           6                          22                           8
25                                                      21                           6                          23                           8
26                                                      22                           8                          23                           8
   &ATNO [&Type "ArrayOfIntegers", &Dim (24,1)] "Atomic number of the elements"
                                                         0

0                                                        6
1                                                        1
2                                                        1
3                                                        6
4                                                        6
5                                                        8
6                                                        8
7                                                        8
8                                                        6
9                                                        1
10                                                       6
11                                                       1
12                                                       6
13                                                       6
14                                                       1
15                                                       6
16                                                       1
17                                                       6
18                                                       1
19                                                       8
20                                                       1
21                                                       6
22                                                       8
23                                                       8
   &NA [&Type "ArrayOfDoubles", &Dim (24,1)] "Mulliken gross atomic population"
                                                         0

0                                      5.7510811509935165e+00
1                                      1.0449111468905983e+00
2                                      1.0318709279351164e+00
3                                      6.0555266446938525e+00
4                                      5.9138704188912952e+00
5                                      8.4018459084232511e+00
6                                      8.4094333939394019e+00
7                                      8.2574466105988122e+00
8                                      6.0728803672849132e+00
9                                      1.1020762619421263e+00
10                                     5.9374254938526700e+00
11                                     1.0580377148339846e+00
12                                     6.2203748492525639e+00
13                                     5.9243963491799780e+00
14                                     1.0486568144042228e+00
15                                     6.0784664285045000e+00
16                                     1.0769974467211905e+00
17                                     5.6864195450076238e+00
18                                     9.8585097491705576e-01
19                                     8.3618049986851677e+00
20                                     8.5872781458618874e-01
21                                     5.9036493199581308e+00
22                                     8.4275081087877641e+00
23                                     8.3907413097161321e+00
   &ZA [&Type "ArrayOfDoubles", &Dim (24,1)] "Total nuclear charge"
                                                         0

0                                      6.0000000000000000e+00
1                                      1.0000000000000000e+00
2                                      1.0000000000000000e+00
3                                      6.0000000000000000e+00
4                                      6.0000000000000000e+00
5                                      8.0000000000000000e+00
6                                      8.0000000000000000e+00
7                                      8.0000000000000000e+00
8                                      6.0000000000000000e+00
9                                      1.0000000000000000e+00
10                                     6.0000000000000000e+00
11                                     1.0000000000000000e+00
12                                     6.0000000000000000e+00
13                                     6.0000000000000000e+00
14                                     1.0000000000000000e+00
15                                     6.0000000000000000e+00
16                                     1.0000000000000000e+00
17                                     6.0000000000000000e+00
18                                     1.0000000000000000e+00
19                                     8.0000000000000000e+00
20                                     1.0000000000000000e+00
21                                     6.0000000000000000e+00
22                                     8.0000000000000000e+00
23                                     8.0000000000000000e+00
   &QA [&Type "ArrayOfDoubles", &Dim (24,1)] "Mulliken gross atomic charge"
                                                         0

0                                      2.4891884900648353e-01
1                                     -4.4911146890598275e-02
2                                     -3.1870927935116367e-02
3                                     -5.5526644693852489e-02
4                                      8.6129581108704834e-02
5                                     -4.0184590842325107e-01
6                                     -4.0943339393940192e-01
7                                     -2.5744661059881224e-01
8                                     -7.2880367284913206e-02
9                                     -1.0207626194212627e-01
10                                     6.2574506147329956e-02
11                                    -5.8037714833984566e-02
12                                    -2.2037484925256390e-01
13                                     7.5603650820021961e-02
14                                    -4.8656814404222759e-02
15                                    -7.8466428504500030e-02
16                                    -7.6997446721190466e-02
17                                     3.1358045499237619e-01
18                                     1.4149025082944244e-02
19                                    -3.6180499868516769e-01
20                                     1.4127218541381126e-01
21                                     9.6350680041869197e-02
22                                    -4.2750810878776413e-01
23                                    -3.9074130971613208e-01
   &VA [&Type "ArrayOfDoubles", &Dim (24,1)] "Mayer's total valence"
                                                         0

0                                      3.7502840611766048e+00
1                                      1.0404495740980344e+00
2                                      1.0294844167118138e+00
3                                      3.9846357167923845e+00
4                                      4.4632438889436417e+00
5                                      2.0851039000025775e+00
6                                      2.0701432379233977e+00
7                                      2.1916309443623736e+00
8                                      3.9374712835939993e+00
9                                      9.7982603283988090e-01
10                                     3.9218427634170387e+00
11                                     1.0343320185980844e+00
12                                     3.7082260526632256e+00
13                                     3.8887273763526191e+00
14                                     1.0284395821499397e+00
15                                     3.9145360021329063e+00
16                                     9.8575735560783939e-01
17                                     3.7547838615899813e+00
18                                     1.0697201282379944e+00
19                                     1.9985711703116071e+00
20                                     1.0202022388105167e+00
21                                     4.5376253870597019e+00
22                                     2.0505314977364648e+00
23                                     2.1096012212123343e+00
   &BVA [&Type "ArrayOfDoubles", &Dim (24,1)] "Mayer's bonded valence"
                                                         0

0                                      3.7502840611765595e+00
1                                      1.0404495740980195e+00
2                                      1.0294844167117987e+00
3                                      3.9846357167923712e+00
4                                      4.4632438889436825e+00
5                                      2.0851039000025438e+00
6                                      2.0701432379233875e+00
7                                      2.1916309443623554e+00
8                                      3.9374712835940793e+00
9                                      9.7982603283989622e-01
10                                     3.9218427634170427e+00
11                                     1.0343320185980862e+00
12                                     3.7082260526631554e+00
13                                     3.8887273763526315e+00
14                                     1.0284395821499448e+00
15                                     3.9145360021329658e+00
16                                     9.8575735560784583e-01
17                                     3.7547838615900715e+00
18                                     1.0697201282380038e+00
19                                     1.9985711703116209e+00
20                                     1.0202022388105128e+00
21                                     4.5376253870596779e+00
22                                     2.0505314977365057e+00
23                                     2.1096012212122996e+00
   &FA [&Type "ArrayOfDoubles", &Dim (24,1)] "Mayer's free valence"
                                                         0

0                                      0.0000000000000000e+00
1                                      0.0000000000000000e+00
2                                      0.0000000000000000e+00
3                                      0.0000000000000000e+00
4                                      0.0000000000000000e+00
5                                      0.0000000000000000e+00
6                                      0.0000000000000000e+00
7                                      0.0000000000000000e+00
8                                      0.0000000000000000e+00
9                                      0.0000000000000000e+00
10                                     0.0000000000000000e+00
11                                     0.0000000000000000e+00
12                                     0.0000000000000000e+00
13                                     0.0000000000000000e+00
14                                     0.0000000000000000e+00
15                                     0.0000000000000000e+00
16                                     0.0000000000000000e+00
17                                     0.0000000000000000e+00
18                                     0.0000000000000000e+00
19                                     0.0000000000000000e+00
20                                     0.0000000000000000e+00
21                                     0.0000000000000000e+00
22                                     0.0000000000000000e+00
23                                     0.0000000000000000e+00
$End
$VdW_Correction
   &GeometryIndex 1
   &ListStatus       OUT
   &VDW [&Type "Double"]      -5.4545741971034289e-02
$End
$Calculation_Info
   &GeometryIndex 1
   &ListStatus       OUT
   &MULT [&Type "Integer"] 1
   &CHARGE [&Type "Integer"] -2
   &NUMOFATOMS [&Type "Integer"] 24
   &NUMOFELECTRONS [&Type "Integer"] 118
   &NUMOFFCELECTRONS [&Type "Integer"] 1
   &NUMOFCORRELECTRONS [&Type "Integer"] 0
   &NUMOFBASISFUNCTS [&Type "Integer"] 264
   &NUMOFAUXCBASISFUNCTS [&Type "Integer"] 0
   &NUMOFAUXJBASISFUNCTS [&Type "Integer"] 872
   &NUMOFAUXJKBASISFUNCTS [&Type "Integer"] 0
   &NUMOFCABSBASISFUNCTS [&Type "Integer"] 0
   &TOTALENERGY [&Type "Double"]      -8.3617659992859046e+02  "Hartrees"
$End
$SCF_Dipole_Moment
   &GeometryIndex 1
   &ListStatus       OUT
   &METHOD [&Type "String"] "SCF"
   &LEVEL [&Type "String"] "Relaxed density"
   &MULT [&Type "Integer"] 1
   &STATE [&Type "Integer"] -1
   &IRREP [&Type "Integer"] 0
   &NATOMS [&Type "Integer"] 24
   &DODIPOLEATOM [&Type "Boolean"] false
   &DIPOLEELECCONTRIB [&Type "ArrayOfDoubles", &Dim (3,1)] "Electronic contribution"
                                                         0

0                                      3.1349841936658724e+00
1                                     -2.5725015913888719e-02
2                                      1.0502823412695796e+00
   &DIPOLENUCCONTRIB [&Type "ArrayOfDoubles", &Dim (3,1)] "Nuclear contribution"
                                                         0

0                                     -5.3203457545280628e+00
1                                     -1.0372946901647779e+00
2                                     -8.6308495102176153e-01
   &DIPOLETOTAL [&Type "ArrayOfDoubles", &Dim (3,1)] "Total"
                                                         0

0                                     -2.1853615608621904e+00
1                                     -1.0630197060786666e+00
2                                      1.8719739024781812e-01
   &DIPOLEMAGNITUDE [&Type "Double", &Units "a.u."]       2.4373877225671743e+00
$End
