*************************************************
******************* ORCA 6.0.1 ******************
*************************************************
$Calculation_Status
   &GeometryIndex 1
   &ListStatus       OUT
   &VERSION [&Type "String"] "6.0.1"
   &PROGNAME [&Type "String"] "LeanSCF"
   &STATUS [&Type "String"] "NORMAL TERMINATION"
$End
$Geometry
   &GeometryIndex 1
   &ListStatus       OUT
   &NATOMS [&Type "Integer"] 24
   &NCORELESSECP [&Type "Integer"] 0
   &NGHOSTATOMS [&Type "Integer"] 0
   &CartesianCoordinates [&Type "Coordinates", &Dim(24,4), &Units "Bohr"] 
              C     83.518336214784   32.182036060679   73.276020568930
              H     84.419735580664   31.377012727628   71.613061571080
              H     84.429184211334   33.722162859825   74.290803502846
              C     81.313025816498   31.303313408406   74.149074042802
              C     80.094152460118   32.376677852473   76.524459793141
              O     81.135391559909   34.234278642117   77.560029714530
              O     78.125057828572   31.291975051602   77.320034495522
              O     80.080924377181   29.296424254181   73.034135623789
              C     78.467098258812   29.717833182046   70.800479333494
              H     77.777348219931   27.812989239053   70.341275882951
              C     80.090373007850   30.759072281836   68.729339490716
              H     81.384835409587   29.502404402779   67.729674365872
              C     80.258558633769   33.276187492219   68.375960703673
              C     78.557805113240   34.973161560481   69.761129959837
              H     78.918742804819   36.991389071509   69.536252549900
              C     76.690755692926   34.107666991145   71.252123879501
              H     75.492669324020   35.439923915559   72.282024622488
              C     76.140845387955   31.324100395879   71.526134168919
              H     75.762900161171   30.908360646416   73.529243870876
              O     74.020572665695   30.677814058078   70.010573809515
              H     72.831934927459   29.579883174269   70.964885507145
              C     82.420405330975   34.428920433911   66.850951713598
              O     83.869825275693   32.987059393729   65.650975618558
              O     82.658510823849   36.791078101313   67.034255148589
$End
$SCF_Energy
   &GeometryIndex 1
   &ListStatus       OUT
   &SCF_ENERGY [&Type "Double"]      -8.3609398908633273e+02
$End
$DFT_Energy
   &GeometryIndex 1
   &ListStatus       OUT
   &NALPHAEL [&Type "Integer"] 59
   &NBETAEL [&Type "Integer"] 59
   &NTOTALEL [&Type "Integer"] 118
   &EEXCHANGE [&Type "Double"]      -8.3126627433467405e+01
   &ECORR [&Type "Double"]      -4.8462331494347763e+00
   &ECNL [&Type "Double"]       0.0000000000000000e+00
   &EXC [&Type "Double"]      -8.7972860582902186e+01
   &EEMBED [&Type "Double"]       0.0000000000000000e+00
   &FINALEN [&Type "Double"]      -8.3609398908633273e+02  "No Van der Waals correction"
$End
$Mulliken_Population_Analysis
   &GeometryIndex 1
   &ListStatus       OUT
   &NATOMS [&Type "Integer"] 24
   &ATNO [&Type "ArrayOfIntegers", &Dim (24,1)] 
                                                         0

0                                                        6
1                                                        1
2                                                        1
3                                                        6
4                                                        6
5                                                        8
6                                                        8
7                                                        8
8                                                        6
9                                                        1
10                                                       6
11                                                       1
12                                                       6
13                                                       6
14                                                       1
15                                                       6
16                                                       1
17                                                       6
18                                                       1
19                                                       8
20                                                       1
21                                                       6
22                                                       8
23                                                       8
   &ATOMICCHARGES [&Type "ArrayOfDoubles", &Dim (24,1)] 
                                                         0

0                                      1.1237760111431072e-02
1                                     -2.2181644339587248e-02
2                                     -2.9718118720055031e-02
3                                      7.6882841898902043e-03
4                                      8.4744326529332170e-02
5                                     -4.0440511378851696e-01
6                                     -4.2342038867833409e-01
7                                     -3.7281047858463801e-01
8                                      2.6671163791756225e-01
9                                     -9.2238451589998771e-02
10                                    -8.1635715490585348e-02
11                                    -6.1921500107672722e-02
12                                    -4.0644153720464260e-02
13                                     4.6140126750101373e-02
14                                    -5.6509028282480722e-02
15                                    -2.5502653549318133e-02
16                                    -6.8989599022634573e-02
17                                     2.0947631150672574e-01
18                                    -1.1381070047317365e-02
19                                    -3.3676679018772226e-01
20                                     1.4044370280503671e-01
21                                     8.1372007533755841e-02
22                                    -4.1211150785381534e-01
23                                    -4.0757794338076359e-01
$End
$Loewdin_Population_Analysis
   &GeometryIndex 1
   &ListStatus       OUT
   &NATOMS [&Type "Integer"] 24
   &ATNO [&Type "ArrayOfIntegers", &Dim (24,1)] 
                                                         0

0                                                        6
1                                                        1
2                                                        1
3                                                        6
4                                                        6
5                                                        8
6                                                        8
7                                                        8
8                                                        6
9                                                        1
10                                                       6
11                                                       1
12                                                       6
13                                                       6
14                                                       1
15                                                       6
16                                                       1
17                                                       6
18                                                       1
19                                                       8
20                                                       1
21                                                       6
22                                                       8
23                                                       8
   &ATOMICCHARGES [&Type "ArrayOfDoubles", &Dim (24,1)] 
                                                         0

0                                     -9.4882485212785639e-02
1                                      6.2445607757860566e-03
2                                      1.0743758113349045e-02
3                                     -8.7889532954834593e-03
4                                     -5.7698556083192187e-02
5                                     -3.7758451486737776e-01
6                                     -3.8875429769358760e-01
7                                     -1.5628061261587511e-01
8                                      8.1004885636717816e-02
9                                     -6.8703166574701768e-03
10                                    -4.8944750017542837e-02
11                                     2.0028885621306003e-03
12                                    -6.0410490436063391e-02
13                                    -6.4964426766502825e-03
14                                     1.2278946699715076e-02
15                                    -5.7281314250795745e-02
16                                    -1.8457773163094160e-04
17                                     4.3645121256887798e-02
18                                     9.7154298075844414e-03
19                                    -1.6916394994626138e-01
20                                     6.8984639575432993e-02
21                                    -4.1354617517925796e-02
22                                    -3.8492576003516454e-01
23                                    -3.7499859138991454e-01
$End
$Mayer_Population_Analysis
   &GeometryIndex 1
   &ListStatus       OUT
   &NATOMS [&Type "Integer"] 24 "Total number of atoms"
   &BONDTHRESH [&Type "Double"]       1.0000000000000001e-01  "The threshold for printing"
   &NBONDORDERSPRINT [&Type "Integer"] 27 "The number of bond orders larger than threshold"
   &BONDORDERS [&Type "ArrayOfDoubles", &Dim (27,1)] "The bond orders"
                                                         0

0                                      9.1304915718012702e-01
1                                      9.0347068722822832e-01
2                                      1.9607150988394744e+00
3                                      8.3541445767697609e-01
4                                      1.0329560711473786e+00
5                                      1.8929351317532586e+00
6                                      1.7786530960675129e+00
7                                      1.2301453571854050e-01
8                                      1.1972201409234644e-01
9                                      9.4562152193809124e-01
10                                     8.8935204230873621e-01
11                                     9.7665350516538718e-01
12                                     9.5989808869739379e-01
13                                     9.3422406710747252e-01
14                                     1.7748673918808797e+00
15                                     1.0980816403874887e+00
16                                     8.3106446497916520e-01
17                                     9.5965105959375796e-01
18                                     1.7693850262882687e+00
19                                     9.5561844677976659e-01
20                                     9.6566308956257663e-01
21                                     8.8548502045316713e-01
22                                     1.0250288866591359e+00
23                                     9.7893390965897531e-01
24                                     1.8802129881146432e+00
25                                     1.8536373794641769e+00
26                                     1.2343184612957353e-01
   &COMPONENTS [&Type "ArrayOfIntegers", &Dim (27,4)] "The indices and atomic numbers of the bonding atoms"
                                                         0                           1                           2                           3

0                                                        0                           6                           1                           1
1                                                        0                           6                           2                           1
2                                                        0                           6                           3                           6
3                                                        3                           6                           4                           6
4                                                        3                           6                           7                           8
5                                                        4                           6                           5                           8
6                                                        4                           6                           6                           8
7                                                        5                           8                           6                           8
8                                                        6                           8                          18                           1
9                                                        7                           8                           8                           6
10                                                       8                           6                           9                           1
11                                                       8                           6                          10                           6
12                                                       8                           6                          17                           6
13                                                      10                           6                          11                           1
14                                                      10                           6                          12                           6
15                                                      12                           6                          13                           6
16                                                      12                           6                          21                           6
17                                                      13                           6                          14                           1
18                                                      13                           6                          15                           6
19                                                      15                           6                          16                           1
20                                                      15                           6                          17                           6
21                                                      17                           6                          18                           1
22                                                      17                           6                          19                           8
23                                                      19                           8                          20                           1
24                                                      21                           6                          22                           8
25                                                      21                           6                          23                           8
26                                                      22                           8                          23                           8
   &ATNO [&Type "ArrayOfIntegers", &Dim (24,1)] "Atomic number of the elements"
                                                         0

0                                                        6
1                                                        1
2                                                        1
3                                                        6
4                                                        6
5                                                        8
6                                                        8
7                                                        8
8                                                        6
9                                                        1
10                                                       6
11                                                       1
12                                                       6
13                                                       6
14                                                       1
15                                                       6
16                                                       1
17                                                       6
18                                                       1
19                                                       8
20                                                       1
21                                                       6
22                                                       8
23                                                       8
   &NA [&Type "ArrayOfDoubles", &Dim (24,1)] "Mulliken gross atomic population"
                                                         0

0                                      5.9887622398885672e+00
1                                      1.0221816443395872e+00
2                                      1.0297181187200555e+00
3                                      5.9923117158101098e+00
4                                      5.9152556734706652e+00
5                                      8.4044051137885152e+00
6                                      8.4234203886783305e+00
7                                      8.3728104785846416e+00
8                                      5.7332883620824360e+00
9                                      1.0922384515899992e+00
10                                     6.0816357154905836e+00
11                                     1.0619215001076727e+00
12                                     6.0406441537204678e+00
13                                     5.9538598732498977e+00
14                                     1.0565090282824801e+00
15                                     6.0255026535493155e+00
16                                     1.0689895990226352e+00
17                                     5.7905236884932716e+00
18                                     1.0113810700473178e+00
19                                     8.3367667901877205e+00
20                                     8.5955629719496329e-01
21                                     5.9186279924662450e+00
22                                     8.4121115078538171e+00
23                                     8.4075779433807654e+00
   &ZA [&Type "ArrayOfDoubles", &Dim (24,1)] "Total nuclear charge"
                                                         0

0                                      6.0000000000000000e+00
1                                      1.0000000000000000e+00
2                                      1.0000000000000000e+00
3                                      6.0000000000000000e+00
4                                      6.0000000000000000e+00
5                                      8.0000000000000000e+00
6                                      8.0000000000000000e+00
7                                      8.0000000000000000e+00
8                                      6.0000000000000000e+00
9                                      1.0000000000000000e+00
10                                     6.0000000000000000e+00
11                                     1.0000000000000000e+00
12                                     6.0000000000000000e+00
13                                     6.0000000000000000e+00
14                                     1.0000000000000000e+00
15                                     6.0000000000000000e+00
16                                     1.0000000000000000e+00
17                                     6.0000000000000000e+00
18                                     1.0000000000000000e+00
19                                     8.0000000000000000e+00
20                                     1.0000000000000000e+00
21                                     6.0000000000000000e+00
22                                     8.0000000000000000e+00
23                                     8.0000000000000000e+00
   &QA [&Type "ArrayOfDoubles", &Dim (24,1)] "Mulliken gross atomic charge"
                                                         0

0                                      1.1237760111432848e-02
1                                     -2.2181644339587248e-02
2                                     -2.9718118720055475e-02
3                                      7.6882841898902043e-03
4                                      8.4744326529334835e-02
5                                     -4.0440511378851518e-01
6                                     -4.2342038867833054e-01
7                                     -3.7281047858464156e-01
8                                      2.6671163791756403e-01
9                                     -9.2238451589999215e-02
10                                    -8.1635715490583571e-02
11                                    -6.1921500107672722e-02
12                                    -4.0644153720467813e-02
13                                     4.6140126750102262e-02
14                                    -5.6509028282480056e-02
15                                    -2.5502653549315468e-02
16                                    -6.8989599022635240e-02
17                                     2.0947631150672841e-01
18                                    -1.1381070047317809e-02
19                                    -3.3676679018772049e-01
20                                     1.4044370280503671e-01
21                                     8.1372007533754953e-02
22                                    -4.1211150785381712e-01
23                                    -4.0757794338076536e-01
   &VA [&Type "ArrayOfDoubles", &Dim (24,1)] "Mayer's total valence"
                                                         0

0                                      3.8828730655733965e+00
1                                      9.9664659223676033e-01
2                                      1.0232928566231376e+00
3                                      3.9338882936759973e+00
4                                      4.5073324199100897e+00
5                                      2.1005351856481584e+00
6                                      2.0542024548914868e+00
7                                      2.0854445103402925e+00
8                                      3.8397573581211968e+00
9                                      9.9334665287931101e-01
10                                     3.8703942638274520e+00
11                                     1.0317155356256682e+00
12                                     3.7260977942972398e+00
13                                     3.9119844859545632e+00
14                                     1.0378458412245914e+00
15                                     3.8144162626203011e+00
16                                     9.7907491364466548e-01
17                                     3.8671401373315173e+00
18                                     1.0848206464651005e+00
19                                     2.0239987576540770e+00
20                                     1.0226671653557347e+00
21                                     4.5513372736107955e+00
22                                     2.0841813473104613e+00
23                                     2.0901956995352555e+00
   &BVA [&Type "ArrayOfDoubles", &Dim (24,1)] "Mayer's bonded valence"
                                                         0

0                                      3.8828730655734618e+00
1                                      9.9664659223676833e-01
2                                      1.0232928566231589e+00
3                                      3.9338882936760169e+00
4                                      4.5073324199100337e+00
5                                      2.1005351856481251e+00
6                                      2.0542024548914881e+00
7                                      2.0854445103403165e+00
8                                      3.8397573581212114e+00
9                                      9.9334665287930990e-01
10                                     3.8703942638274493e+00
11                                     1.0317155356256547e+00
12                                     3.7260977942972815e+00
13                                     3.9119844859545272e+00
14                                     1.0378458412245926e+00
15                                     3.8144162626203024e+00
16                                     9.7907491364466370e-01
17                                     3.8671401373315346e+00
18                                     1.0848206464651009e+00
19                                     2.0239987576540983e+00
20                                     1.0226671653557329e+00
21                                     4.5513372736108275e+00
22                                     2.0841813473104835e+00
23                                     2.0901956995352791e+00
   &FA [&Type "ArrayOfDoubles", &Dim (24,1)] "Mayer's free valence"
                                                         0

0                                      0.0000000000000000e+00
1                                      0.0000000000000000e+00
2                                      0.0000000000000000e+00
3                                      0.0000000000000000e+00
4                                      0.0000000000000000e+00
5                                      0.0000000000000000e+00
6                                      0.0000000000000000e+00
7                                      0.0000000000000000e+00
8                                      0.0000000000000000e+00
9                                      0.0000000000000000e+00
10                                     0.0000000000000000e+00
11                                     0.0000000000000000e+00
12                                     0.0000000000000000e+00
13                                     0.0000000000000000e+00
14                                     0.0000000000000000e+00
15                                     0.0000000000000000e+00
16                                     0.0000000000000000e+00
17                                     0.0000000000000000e+00
18                                     0.0000000000000000e+00
19                                     0.0000000000000000e+00
20                                     0.0000000000000000e+00
21                                     0.0000000000000000e+00
22                                     0.0000000000000000e+00
23                                     0.0000000000000000e+00
$End
$VdW_Correction
   &GeometryIndex 1
   &ListStatus       OUT
   &VDW [&Type "Double"]      -5.2712189643334496e-02
$End
$Calculation_Info
   &GeometryIndex 1
   &ListStatus       OUT
   &MULT [&Type "Integer"] 1
   &CHARGE [&Type "Integer"] -2
   &NUMOFATOMS [&Type "Integer"] 24
   &NUMOFELECTRONS [&Type "Integer"] 118
   &NUMOFFCELECTRONS [&Type "Integer"] 1
   &NUMOFCORRELECTRONS [&Type "Integer"] 0
   &NUMOFBASISFUNCTS [&Type "Integer"] 264
   &NUMOFAUXCBASISFUNCTS [&Type "Integer"] 0
   &NUMOFAUXJBASISFUNCTS [&Type "Integer"] 872
   &NUMOFAUXJKBASISFUNCTS [&Type "Integer"] 0
   &NUMOFCABSBASISFUNCTS [&Type "Integer"] 0
   &TOTALENERGY [&Type "Double"]      -8.3614670127597606e+02  "Hartrees"
$End
$SCF_Dipole_Moment
   &GeometryIndex 1
   &ListStatus       OUT
   &METHOD [&Type "String"] "SCF"
   &LEVEL [&Type "String"] "Relaxed density"
   &MULT [&Type "Integer"] 1
   &STATE [&Type "Integer"] -1
   &IRREP [&Type "Integer"] 0
   &NATOMS [&Type "Integer"] 24
   &DODIPOLEATOM [&Type "Boolean"] false
   &DIPOLEELECCONTRIB [&Type "ArrayOfDoubles", &Dim (3,1)] "Electronic contribution"
                                                         0

0                                      1.0790486571788360e+00
1                                      1.7571031581651811e-01
2                                     -9.2965055852803929e-02
   &DIPOLENUCCONTRIB [&Type "ArrayOfDoubles", &Dim (3,1)] "Nuclear contribution"
                                                         0

0                                     -3.7393670566552117e+00
1                                     -2.1911989235124167e+00
2                                     -4.6016460028411643e-01
   &DIPOLETOTAL [&Type "ArrayOfDoubles", &Dim (3,1)] "Total"
                                                         0

0                                     -2.6603183994763757e+00
1                                     -2.0154886076958984e+00
2                                     -5.5312965613692033e-01
   &DIPOLEMAGNITUDE [&Type "Double", &Units "a.u."]       3.3831111023498246e+00
$End
