*************************************************
******************* ORCA 6.0.1 ******************
*************************************************
$Calculation_Status
   &GeometryIndex 1
   &ListStatus       OUT
   &VERSION [&Type "String"] "6.0.1"
   &PROGNAME [&Type "String"] "LeanSCF"
   &STATUS [&Type "String"] "NORMAL TERMINATION"
$End
$Geometry
   &GeometryIndex 1
   &ListStatus       OUT
   &NATOMS [&Type "Integer"] 24
   &NCORELESSECP [&Type "Integer"] 0
   &NGHOSTATOMS [&Type "Integer"] 0
   &CartesianCoordinates [&Type "Coordinates", &Dim(24,4), &Units "Bohr"] 
              C     84.739099297297   41.702476323374   75.857386467867
              H     85.538453451945   40.515728311272   74.375841178873
              H     85.733095243739   43.418347652975   76.411076225106
              C     82.560245064886   41.116661221859   76.998781052755
              C     81.475542264015   42.751274327700   79.102046239810
              O     82.348595737886   44.947136095317   79.391174338300
              O     79.786127100289   41.795072903936   80.462649056233
              O     81.229877866605   38.947255620117   76.407296772838
              C     79.517785989272   39.015285760938   74.209545279088
              H     78.769454440240   37.080206199803   74.113169246258
              C     81.054133336150   39.637005658998   71.911638300239
              H     82.299462858404   38.189475440415   71.125512228528
              C     81.199642248462   42.035068122944   71.063151266109
              C     79.591485308495   43.994714123821   72.191317768060
              H     79.948643547806   45.922234780420   71.558259513196
              C     77.834040003949   43.467480532457   73.944983620339
              H     76.719101584935   44.992489522531   74.785911749934
              C     77.265232437638   40.795407779092   74.744337774987
              H     76.991222148220   40.753833804146   76.806028987095
              O     75.050473408683   39.956369375631   73.480110991394
              H     73.827820600035   39.187250839125   74.710322704577
              C     83.193303319749   42.885444883209   69.163976501518
              O     84.918623280019   41.394450963545   68.519579889851
              O     83.042125229035   45.164454600718   68.476116188770
$End
$SCF_Energy
   &GeometryIndex 1
   &ListStatus       OUT
   &SCF_ENERGY [&Type "Double"]      -8.3608972618803148e+02
$End
$DFT_Energy
   &GeometryIndex 1
   &ListStatus       OUT
   &NALPHAEL [&Type "Integer"] 59
   &NBETAEL [&Type "Integer"] 59
   &NTOTALEL [&Type "Integer"] 118
   &EEXCHANGE [&Type "Double"]      -8.3123408203633304e+01
   &ECORR [&Type "Double"]      -4.8458307964965943e+00
   &ECNL [&Type "Double"]       0.0000000000000000e+00
   &EXC [&Type "Double"]      -8.7969239000129903e+01
   &EEMBED [&Type "Double"]       0.0000000000000000e+00
   &FINALEN [&Type "Double"]      -8.3608972618803148e+02  "No Van der Waals correction"
$End
$Mulliken_Population_Analysis
   &GeometryIndex 1
   &ListStatus       OUT
   &NATOMS [&Type "Integer"] 24
   &ATNO [&Type "ArrayOfIntegers", &Dim (24,1)] 
                                                         0

0                                                        6
1                                                        1
2                                                        1
3                                                        6
4                                                        6
5                                                        8
6                                                        8
7                                                        8
8                                                        6
9                                                        1
10                                                       6
11                                                       1
12                                                       6
13                                                       6
14                                                       1
15                                                       6
16                                                       1
17                                                       6
18                                                       1
19                                                       8
20                                                       1
21                                                       6
22                                                       8
23                                                       8
   &ATOMICCHARGES [&Type "ArrayOfDoubles", &Dim (24,1)] 
                                                         0

0                                      1.0917415567726074e-02
1                                     -2.3182949736328506e-02
2                                     -3.0184704690954245e-02
3                                      1.0297441778731375e-02
4                                      8.1051929788944932e-02
5                                     -4.1327462678100169e-01
6                                     -4.2205899861148310e-01
7                                     -3.7222302442453703e-01
8                                      2.6311389175242805e-01
9                                     -8.9466287406618772e-02
10                                    -8.7949825608527377e-02
11                                    -6.2662478300419266e-02
12                                    -2.6812083644101925e-02
13                                     4.7869631531770374e-02
14                                    -5.2915816337418597e-02
15                                    -1.8179874227368664e-02
16                                    -6.7186207037255086e-02
17                                     2.0431867276861393e-01
18                                    -1.2472198991586581e-02
19                                    -3.3786544381218064e-01
20                                     1.4399487139370537e-01
21                                     7.5576411900798668e-02
22                                    -4.0669999569700899e-01
23                                    -4.1400575117591210e-01
$End
$Loewdin_Population_Analysis
   &GeometryIndex 1
   &ListStatus       OUT
   &NATOMS [&Type "Integer"] 24
   &ATNO [&Type "ArrayOfIntegers", &Dim (24,1)] 
                                                         0

0                                                        6
1                                                        1
2                                                        1
3                                                        6
4                                                        6
5                                                        8
6                                                        8
7                                                        8
8                                                        6
9                                                        1
10                                                       6
11                                                       1
12                                                       6
13                                                       6
14                                                       1
15                                                       6
16                                                       1
17                                                       6
18                                                       1
19                                                       8
20                                                       1
21                                                       6
22                                                       8
23                                                       8
   &ATOMICCHARGES [&Type "ArrayOfDoubles", &Dim (24,1)] 
                                                         0

0                                     -9.5311755083793415e-02
1                                      5.2024463081530303e-03
2                                      1.0502641934540424e-02
3                                     -7.8193442390377399e-03
4                                     -6.1977150097716205e-02
5                                     -3.8509115155897966e-01
6                                     -3.8544347155273151e-01
7                                     -1.5736106743412570e-01
8                                      8.0279087169526697e-02
9                                     -6.2072239909034543e-03
10                                    -5.0135252172378131e-02
11                                     1.8348353385021499e-03
12                                    -5.6225294666543135e-02
13                                    -3.5604049320614450e-03
14                                     1.3693662650782090e-02
15                                    -5.5296938899910941e-02
16                                     1.1048984612467283e-03
17                                     4.3641239237185658e-02
18                                     1.0075350352362511e-02
19                                    -1.7203913845206387e-01
20                                     7.4440695786602396e-02
21                                    -4.2030414959771889e-02
22                                    -3.8117144712386697e-01
23                                    -3.8110480207504516e-01
$End
$Mayer_Population_Analysis
   &GeometryIndex 1
   &ListStatus       OUT
   &NATOMS [&Type "Integer"] 24 "Total number of atoms"
   &BONDTHRESH [&Type "Double"]       1.0000000000000001e-01  "The threshold for printing"
   &NBONDORDERSPRINT [&Type "Integer"] 26 "The number of bond orders larger than threshold"
   &BONDORDERS [&Type "ArrayOfDoubles", &Dim (26,1)] "The bond orders"
                                                         0

0                                      9.1177054821616088e-01
1                                      9.0834891328068623e-01
2                                      1.9612886483852661e+00
3                                      8.3581767926854289e-01
4                                      1.0352439412171535e+00
5                                      1.8841958495715105e+00
6                                      1.7888616315393651e+00
7                                      1.1948902238249215e-01
8                                      9.5093929945502453e-01
9                                      8.8924641266849902e-01
10                                     9.8185264872084677e-01
11                                     9.6001931485983616e-01
12                                     9.3713593277956075e-01
13                                     1.7662183687372757e+00
14                                     1.1048244838097265e+00
15                                     8.3339351270170914e-01
16                                     9.5931868518917240e-01
17                                     1.7671580500502371e+00
18                                     9.5517059202652776e-01
19                                     9.6639621947588739e-01
20                                     8.9241160504068640e-01
21                                     1.0287393463397352e+00
22                                     9.7559361187450810e-01
23                                     1.8851933405515737e+00
24                                     1.8430511270705767e+00
25                                     1.2311974326017183e-01
   &COMPONENTS [&Type "ArrayOfIntegers", &Dim (26,4)] "The indices and atomic numbers of the bonding atoms"
                                                         0                           1                           2                           3

0                                                        0                           6                           1                           1
1                                                        0                           6                           2                           1
2                                                        0                           6                           3                           6
3                                                        3                           6                           4                           6
4                                                        3                           6                           7                           8
5                                                        4                           6                           5                           8
6                                                        4                           6                           6                           8
7                                                        5                           8                           6                           8
8                                                        7                           8                           8                           6
9                                                        8                           6                           9                           1
10                                                       8                           6                          10                           6
11                                                       8                           6                          17                           6
12                                                      10                           6                          11                           1
13                                                      10                           6                          12                           6
14                                                      12                           6                          13                           6
15                                                      12                           6                          21                           6
16                                                      13                           6                          14                           1
17                                                      13                           6                          15                           6
18                                                      15                           6                          16                           1
19                                                      15                           6                          17                           6
20                                                      17                           6                          18                           1
21                                                      17                           6                          19                           8
22                                                      19                           8                          20                           1
23                                                      21                           6                          22                           8
24                                                      21                           6                          23                           8
25                                                      22                           8                          23                           8
   &ATNO [&Type "ArrayOfIntegers", &Dim (24,1)] "Atomic number of the elements"
                                                         0

0                                                        6
1                                                        1
2                                                        1
3                                                        6
4                                                        6
5                                                        8
6                                                        8
7                                                        8
8                                                        6
9                                                        1
10                                                       6
11                                                       1
12                                                       6
13                                                       6
14                                                       1
15                                                       6
16                                                       1
17                                                       6
18                                                       1
19                                                       8
20                                                       1
21                                                       6
22                                                       8
23                                                       8
   &NA [&Type "ArrayOfDoubles", &Dim (24,1)] "Mulliken gross atomic population"
                                                         0

0                                      5.9890825844322704e+00
1                                      1.0231829497363285e+00
2                                      1.0301847046909549e+00
3                                      5.9897025582212660e+00
4                                      5.9189480702110551e+00
5                                      8.4132746267810052e+00
6                                      8.4220589986114778e+00
7                                      8.3722230244245406e+00
8                                      5.7368861082475728e+00
9                                      1.0894662874066192e+00
10                                     6.0879498256085238e+00
11                                     1.0626624783004188e+00
12                                     6.0268120836441028e+00
13                                     5.9521303684682287e+00
14                                     1.0529158163374184e+00
15                                     6.0181798742273696e+00
16                                     1.0671862070372551e+00
17                                     5.7956813272313861e+00
18                                     1.0124721989915864e+00
19                                     8.3378654438121806e+00
20                                     8.5600512860629452e-01
21                                     5.9244235880992022e+00
22                                     8.4066999956970090e+00
23                                     8.4140057511759121e+00
   &ZA [&Type "ArrayOfDoubles", &Dim (24,1)] "Total nuclear charge"
                                                         0

0                                      6.0000000000000000e+00
1                                      1.0000000000000000e+00
2                                      1.0000000000000000e+00
3                                      6.0000000000000000e+00
4                                      6.0000000000000000e+00
5                                      8.0000000000000000e+00
6                                      8.0000000000000000e+00
7                                      8.0000000000000000e+00
8                                      6.0000000000000000e+00
9                                      1.0000000000000000e+00
10                                     6.0000000000000000e+00
11                                     1.0000000000000000e+00
12                                     6.0000000000000000e+00
13                                     6.0000000000000000e+00
14                                     1.0000000000000000e+00
15                                     6.0000000000000000e+00
16                                     1.0000000000000000e+00
17                                     6.0000000000000000e+00
18                                     1.0000000000000000e+00
19                                     8.0000000000000000e+00
20                                     1.0000000000000000e+00
21                                     6.0000000000000000e+00
22                                     8.0000000000000000e+00
23                                     8.0000000000000000e+00
   &QA [&Type "ArrayOfDoubles", &Dim (24,1)] "Mulliken gross atomic charge"
                                                         0

0                                      1.0917415567729627e-02
1                                     -2.3182949736328506e-02
2                                     -3.0184704690954911e-02
3                                      1.0297441778734040e-02
4                                      8.1051929788944932e-02
5                                     -4.1327462678100524e-01
6                                     -4.2205899861147778e-01
7                                     -3.7222302442454058e-01
8                                      2.6311389175242716e-01
9                                     -8.9466287406619216e-02
10                                    -8.7949825608523824e-02
11                                    -6.2662478300418822e-02
12                                    -2.6812083644102813e-02
13                                     4.7869631531771262e-02
14                                    -5.2915816337418375e-02
15                                    -1.8179874227369552e-02
16                                    -6.7186207037255086e-02
17                                     2.0431867276861393e-01
18                                    -1.2472198991586358e-02
19                                    -3.3786544381218064e-01
20                                     1.4399487139370548e-01
21                                     7.5576411900797780e-02
22                                    -4.0669999569700899e-01
23                                    -4.1400575117591210e-01
   &VA [&Type "ArrayOfDoubles", &Dim (24,1)] "Mayer's total valence"
                                                         0

0                                      3.8839589481051626e+00
1                                      1.0041182653839407e+00
2                                      1.0204194262616870e+00
3                                      3.9341746067198708e+00
4                                      4.5096758474053793e+00
5                                      2.0847985448251478e+00
6                                      2.0444522636613889e+00
7                                      2.0903308905780160e+00
8                                      3.8445111945690433e+00
9                                      9.9370978237363505e-01
10                                     3.8698552310709289e+00
11                                     1.0266315442069984e+00
12                                     3.7209421798981062e+00
13                                     3.9215445755827143e+00
14                                     1.0409356284573870e+00
15                                     3.8088250238710515e+00
16                                     9.8014558577391619e-01
17                                     3.8829434869550568e+00
18                                     1.0712687826881508e+00
19                                     2.0225392903194352e+00
20                                     1.0196519370049053e+00
21                                     4.5487547722956290e+00
22                                     2.0873186686796350e+00
23                                     2.0785351763822999e+00
   &BVA [&Type "ArrayOfDoubles", &Dim (24,1)] "Mayer's bonded valence"
                                                         0

0                                      3.8839589481051906e+00
1                                      1.0041182653839409e+00
2                                      1.0204194262616837e+00
3                                      3.9341746067199659e+00
4                                      4.5096758474053669e+00
5                                      2.0847985448251283e+00
6                                      2.0444522636613218e+00
7                                      2.0903308905780662e+00
8                                      3.8445111945690460e+00
9                                      9.9370978237364616e-01
10                                     3.8698552310708760e+00
11                                     1.0266315442069718e+00
12                                     3.7209421798980520e+00
13                                     3.9215445755827223e+00
14                                     1.0409356284573807e+00
15                                     3.8088250238710368e+00
16                                     9.8014558577390198e-01
17                                     3.8829434869550346e+00
18                                     1.0712687826881431e+00
19                                     2.0225392903194326e+00
20                                     1.0196519370049089e+00
21                                     4.5487547722956583e+00
22                                     2.0873186686796288e+00
23                                     2.0785351763823350e+00
   &FA [&Type "ArrayOfDoubles", &Dim (24,1)] "Mayer's free valence"
                                                         0

0                                      0.0000000000000000e+00
1                                      0.0000000000000000e+00
2                                      0.0000000000000000e+00
3                                      0.0000000000000000e+00
4                                      0.0000000000000000e+00
5                                      0.0000000000000000e+00
6                                      0.0000000000000000e+00
7                                      0.0000000000000000e+00
8                                      0.0000000000000000e+00
9                                      0.0000000000000000e+00
10                                     0.0000000000000000e+00
11                                     0.0000000000000000e+00
12                                     0.0000000000000000e+00
13                                     0.0000000000000000e+00
14                                     0.0000000000000000e+00
15                                     0.0000000000000000e+00
16                                     0.0000000000000000e+00
17                                     0.0000000000000000e+00
18                                     0.0000000000000000e+00
19                                     0.0000000000000000e+00
20                                     0.0000000000000000e+00
21                                     0.0000000000000000e+00
22                                     0.0000000000000000e+00
23                                     0.0000000000000000e+00
$End
$VdW_Correction
   &GeometryIndex 1
   &ListStatus       OUT
   &VDW [&Type "Double"]      -5.2908753109066425e-02
$End
$Calculation_Info
   &GeometryIndex 1
   &ListStatus       OUT
   &MULT [&Type "Integer"] 1
   &CHARGE [&Type "Integer"] -2
   &NUMOFATOMS [&Type "Integer"] 24
   &NUMOFELECTRONS [&Type "Integer"] 118
   &NUMOFFCELECTRONS [&Type "Integer"] 1
   &NUMOFCORRELECTRONS [&Type "Integer"] 0
   &NUMOFBASISFUNCTS [&Type "Integer"] 264
   &NUMOFAUXCBASISFUNCTS [&Type "Integer"] 0
   &NUMOFAUXJBASISFUNCTS [&Type "Integer"] 872
   &NUMOFAUXJKBASISFUNCTS [&Type "Integer"] 0
   &NUMOFCABSBASISFUNCTS [&Type "Integer"] 0
   &TOTALENERGY [&Type "Double"]      -8.3614263494114050e+02  "Hartrees"
$End
$SCF_Dipole_Moment
   &GeometryIndex 1
   &ListStatus       OUT
   &METHOD [&Type "String"] "SCF"
   &LEVEL [&Type "String"] "Relaxed density"
   &MULT [&Type "Integer"] 1
   &STATE [&Type "Integer"] -1
   &IRREP [&Type "Integer"] 0
   &NATOMS [&Type "Integer"] 24
   &DODIPOLEATOM [&Type "Boolean"] false
   &DIPOLEELECCONTRIB [&Type "ArrayOfDoubles", &Dim (3,1)] "Electronic contribution"
                                                         0

0                                      9.8416179747135657e-01
1                                      1.8644186775226526e-01
2                                     -2.4600257768338965e-01
   &DIPOLENUCCONTRIB [&Type "ArrayOfDoubles", &Dim (3,1)] "Nuclear contribution"
                                                         0

0                                     -3.6766758086026385e+00
1                                     -2.3393134337322294e+00
2                                      3.1375678501747473e-01
   &DIPOLETOTAL [&Type "ArrayOfDoubles", &Dim (3,1)] "Total"
                                                         0

0                                     -2.6925140111312817e+00
1                                     -2.1528715659799640e+00
2                                      6.7754207334085076e-02
   &DIPOLEMAGNITUDE [&Type "Double", &Units "a.u."]       3.4480542792065725e+00
$End
