*************************************************
******************* ORCA 6.0.1 ******************
*************************************************
$Calculation_Status
   &GeometryIndex 1
   &ListStatus       OUT
   &VERSION [&Type "String"] "6.0.1"
   &PROGNAME [&Type "String"] "LeanSCF"
   &STATUS [&Type "String"] "NORMAL TERMINATION"
$End
$Geometry
   &GeometryIndex 1
   &ListStatus       OUT
   &NATOMS [&Type "Integer"] 24
   &NCORELESSECP [&Type "Integer"] 0
   &NGHOSTATOMS [&Type "Integer"] 0
   &CartesianCoordinates [&Type "Coordinates", &Dim(24,4), &Units "Bohr"] 
              C     73.801364434161   31.531970270610   82.320249845878
              H     75.224328213003   30.604114738855   81.159957999650
              H     74.198206922284   33.391460786389   83.115824548258
              C     71.558259513196   30.466164731078   82.779453296420
              C     69.613731321391   31.679368909056   84.506662982824
              O     69.764909412105   34.037747124190   84.814688342654
              O     68.015023012094   30.263964034749   85.532784273544
              O     70.893075914056   28.138022134087   81.791126528380
              C     69.950102573229   28.122904325016   79.188973641970
              H     69.328382675169   26.163258324140   78.882838008275
              C     72.098721187498   28.754072853746   77.456094777164
              H     73.602943190099   27.365124145314   77.233107093362
              C     72.338716406506   31.051979832594   76.388399511499
              C     70.392298488567   32.975721036926   76.847602962042
              H     70.811817690297   34.891903336722   76.205096076508
              C     68.243679874298   32.457936076231   78.102381114965
              H     66.892525688544   33.965937531101   78.518120864428
              C     67.569047644488   29.806650310340   78.905514721882
              H     66.652530469536   29.844444833018   80.778233320598
              O     65.890970837566   28.772970115085   77.078149550380
              H     64.502022129134   27.803540608383   77.917187953841
              C     74.642292563756   31.724722336270   74.808588463541
              O     76.596269386230   30.343332532374   74.965435732656
              O     74.487335020774   33.637125183798   73.415860302841
$End
$SCF_Energy
   &GeometryIndex 1
   &ListStatus       OUT
   &SCF_ENERGY [&Type "Double"]      -8.3609307540066538e+02
$End
$DFT_Energy
   &GeometryIndex 1
   &ListStatus       OUT
   &NALPHAEL [&Type "Integer"] 59
   &NBETAEL [&Type "Integer"] 59
   &NTOTALEL [&Type "Integer"] 117
   &EEXCHANGE [&Type "Double"]      -8.3124352461897644e+01
   &ECORR [&Type "Double"]      -4.8448518692258125e+00
   &ECNL [&Type "Double"]       0.0000000000000000e+00
   &EXC [&Type "Double"]      -8.7969204331123450e+01
   &EEMBED [&Type "Double"]       0.0000000000000000e+00
   &FINALEN [&Type "Double"]      -8.3609307540066538e+02  "No Van der Waals correction"
$End
$Mulliken_Population_Analysis
   &GeometryIndex 1
   &ListStatus       OUT
   &NATOMS [&Type "Integer"] 24
   &ATNO [&Type "ArrayOfIntegers", &Dim (24,1)] 
                                                         0

0                                                        6
1                                                        1
2                                                        1
3                                                        6
4                                                        6
5                                                        8
6                                                        8
7                                                        8
8                                                        6
9                                                        1
10                                                       6
11                                                       1
12                                                       6
13                                                       6
14                                                       1
15                                                       6
16                                                       1
17                                                       6
18                                                       1
19                                                       8
20                                                       1
21                                                       6
22                                                       8
23                                                       8
   &ATOMICCHARGES [&Type "ArrayOfDoubles", &Dim (24,1)] 
                                                         0

0                                     -5.2587567937063540e-03
1                                     -1.3539104466241181e-02
2                                     -3.3892715618766278e-02
3                                      1.9674663027394956e-02
4                                      7.8930191563962637e-02
5                                     -4.1902524571237443e-01
6                                     -4.2469490236070406e-01
7                                     -3.6685603408992051e-01
8                                      2.7745159616191373e-01
9                                     -8.4238639068505927e-02
10                                    -8.1743798714869698e-02
11                                    -6.0214839860268210e-02
12                                    -1.2759551841541317e-02
13                                     4.6140620386981190e-02
14                                    -5.9008401873862582e-02
15                                    -1.0264683015322795e-02
16                                    -6.2812121440207980e-02
17                                     1.7962188935199741e-01
18                                    -7.0688574607777888e-03
19                                    -3.3601859853526861e-01
20                                     1.4376446557186040e-01
21                                     6.6950789129140986e-02
22                                    -4.2688092914815634e-01
23                                    -4.0825703519269929e-01
$End
$Loewdin_Population_Analysis
   &GeometryIndex 1
   &ListStatus       OUT
   &NATOMS [&Type "Integer"] 24
   &ATNO [&Type "ArrayOfIntegers", &Dim (24,1)] 
                                                         0

0                                                        6
1                                                        1
2                                                        1
3                                                        6
4                                                        6
5                                                        8
6                                                        8
7                                                        8
8                                                        6
9                                                        1
10                                                       6
11                                                       1
12                                                       6
13                                                       6
14                                                       1
15                                                       6
16                                                       1
17                                                       6
18                                                       1
19                                                       8
20                                                       1
21                                                       6
22                                                       8
23                                                       8
   &ATOMICCHARGES [&Type "ArrayOfDoubles", &Dim (24,1)] 
                                                         0

0                                     -1.0378754352205632e-01
1                                      8.0382912750539548e-03
2                                      8.8446876173350342e-03
3                                     -4.0371668372882752e-03
4                                     -6.6522527709990342e-02
5                                     -3.8702534606818517e-01
6                                     -3.8382587057312634e-01
7                                     -1.5365146652437645e-01
8                                      7.5889327218579439e-02
9                                     -3.3810127070768026e-03
10                                    -4.1578499864292517e-02
11                                     3.8478549136541362e-03
12                                    -5.9305239965665280e-02
13                                    -4.1311844220857097e-03
14                                     1.2583093601718609e-02
15                                    -5.3849246245859739e-02
16                                     2.4390829270407588e-03
17                                     4.7615359557076076e-02
18                                     1.4316923530496295e-02
19                                    -1.6877399022872552e-01
20                                     7.2849696545752574e-02
21                                    -4.2006336454724291e-02
22                                    -3.9774713075660806e-01
23                                    -3.7680175530658921e-01
$End
$Mayer_Population_Analysis
   &GeometryIndex 1
   &ListStatus       OUT
   &NATOMS [&Type "Integer"] 24 "Total number of atoms"
   &BONDTHRESH [&Type "Double"]       1.0000000000000001e-01  "The threshold for printing"
   &NBONDORDERSPRINT [&Type "Integer"] 26 "The number of bond orders larger than threshold"
   &BONDORDERS [&Type "ArrayOfDoubles", &Dim (26,1)] "The bond orders"
                                                         0

0                                      9.1070768308651551e-01
1                                      9.0839435168740590e-01
2                                      1.9715113572065324e+00
3                                      8.4224803458063413e-01
4                                      1.0358525207781029e+00
5                                      1.8651119401735179e+00
6                                      1.8016530508098807e+00
7                                      1.2018771086600588e-01
8                                      9.5617857539549633e-01
9                                      8.8609988828541619e-01
10                                     9.6859562081037631e-01
11                                     9.5457329294768534e-01
12                                     9.4106903273203180e-01
13                                     1.7817733850015927e+00
14                                     1.0865483631693309e+00
15                                     8.3724365468286288e-01
16                                     9.6580808576811172e-01
17                                     1.7756374590064552e+00
18                                     9.5751272481438432e-01
19                                     9.7366130298017917e-01
20                                     9.0660370363273635e-01
21                                     1.0307940578136388e+00
22                                     9.7505810401079784e-01
23                                     1.8594824524463927e+00
24                                     1.8654522734438266e+00
25                                     1.2120160448857903e-01
   &COMPONENTS [&Type "ArrayOfIntegers", &Dim (26,4)] "The indices and atomic numbers of the bonding atoms"
                                                         0                           1                           2                           3

0                                                        0                           6                           1                           1
1                                                        0                           6                           2                           1
2                                                        0                           6                           3                           6
3                                                        3                           6                           4                           6
4                                                        3                           6                           7                           8
5                                                        4                           6                           5                           8
6                                                        4                           6                           6                           8
7                                                        5                           8                           6                           8
8                                                        7                           8                           8                           6
9                                                        8                           6                           9                           1
10                                                       8                           6                          10                           6
11                                                       8                           6                          17                           6
12                                                      10                           6                          11                           1
13                                                      10                           6                          12                           6
14                                                      12                           6                          13                           6
15                                                      12                           6                          21                           6
16                                                      13                           6                          14                           1
17                                                      13                           6                          15                           6
18                                                      15                           6                          16                           1
19                                                      15                           6                          17                           6
20                                                      17                           6                          18                           1
21                                                      17                           6                          19                           8
22                                                      19                           8                          20                           1
23                                                      21                           6                          22                           8
24                                                      21                           6                          23                           8
25                                                      22                           8                          23                           8
   &ATNO [&Type "ArrayOfIntegers", &Dim (24,1)] "Atomic number of the elements"
                                                         0

0                                                        6
1                                                        1
2                                                        1
3                                                        6
4                                                        6
5                                                        8
6                                                        8
7                                                        8
8                                                        6
9                                                        1
10                                                       6
11                                                       1
12                                                       6
13                                                       6
14                                                       1
15                                                       6
16                                                       1
17                                                       6
18                                                       1
19                                                       8
20                                                       1
21                                                       6
22                                                       8
23                                                       8
   &NA [&Type "ArrayOfDoubles", &Dim (24,1)] "Mulliken gross atomic population"
                                                         0

0                                      6.0052587567937055e+00
1                                      1.0135391044662407e+00
2                                      1.0338927156187652e+00
3                                      5.9803253369726042e+00
4                                      5.9210698084360356e+00
5                                      8.4190252457123727e+00
6                                      8.4246949023607094e+00
7                                      8.3668560340899258e+00
8                                      5.7225484038380836e+00
9                                      1.0842386390685057e+00
10                                     6.0817437987148715e+00
11                                     1.0602148398602675e+00
12                                     6.0127595518415440e+00
13                                     5.9538593796130170e+00
14                                     1.0590084018738615e+00
15                                     6.0102646830153228e+00
16                                     1.0628121214402082e+00
17                                     5.8203781106480035e+00
18                                     1.0070688574607776e+00
19                                     8.3360185985352686e+00
20                                     8.5623553442813960e-01
21                                     5.9330492108708590e+00
22                                     8.4268809291481563e+00
23                                     8.4082570351926993e+00
   &ZA [&Type "ArrayOfDoubles", &Dim (24,1)] "Total nuclear charge"
                                                         0

0                                      6.0000000000000000e+00
1                                      1.0000000000000000e+00
2                                      1.0000000000000000e+00
3                                      6.0000000000000000e+00
4                                      6.0000000000000000e+00
5                                      8.0000000000000000e+00
6                                      8.0000000000000000e+00
7                                      8.0000000000000000e+00
8                                      6.0000000000000000e+00
9                                      1.0000000000000000e+00
10                                     6.0000000000000000e+00
11                                     1.0000000000000000e+00
12                                     6.0000000000000000e+00
13                                     6.0000000000000000e+00
14                                     1.0000000000000000e+00
15                                     6.0000000000000000e+00
16                                     1.0000000000000000e+00
17                                     6.0000000000000000e+00
18                                     1.0000000000000000e+00
19                                     8.0000000000000000e+00
20                                     1.0000000000000000e+00
21                                     6.0000000000000000e+00
22                                     8.0000000000000000e+00
23                                     8.0000000000000000e+00
   &QA [&Type "ArrayOfDoubles", &Dim (24,1)] "Mulliken gross atomic charge"
                                                         0

0                                     -5.2587567937054658e-03
1                                     -1.3539104466240737e-02
2                                     -3.3892715618765168e-02
3                                      1.9674663027395844e-02
4                                      7.8930191563964414e-02
5                                     -4.1902524571237265e-01
6                                     -4.2469490236070939e-01
7                                     -3.6685603408992584e-01
8                                      2.7745159616191639e-01
9                                     -8.4238639068505705e-02
10                                    -8.1743798714871474e-02
11                                    -6.0214839860267544e-02
12                                    -1.2759551841543981e-02
13                                     4.6140620386982967e-02
14                                    -5.9008401873861471e-02
15                                    -1.0264683015322795e-02
16                                    -6.2812121440208202e-02
17                                     1.7962188935199652e-01
18                                    -7.0688574607775667e-03
19                                    -3.3601859853526861e-01
20                                     1.4376446557186040e-01
21                                     6.6950789129140986e-02
22                                    -4.2688092914815634e-01
23                                    -4.0825703519269929e-01
   &VA [&Type "ArrayOfDoubles", &Dim (24,1)] "Mayer's total valence"
                                                         0

0                                      3.8917480478678872e+00
1                                      9.9903761293570870e-01
2                                      1.0178761463382839e+00
3                                      3.9532931993869003e+00
4                                      4.5062327800116444e+00
5                                      2.0626942926467109e+00
6                                      2.0401922604427494e+00
7                                      2.0931218084166221e+00
8                                      3.8105560587118803e+00
9                                      9.9664277044401217e-01
10                                     3.8843725524097055e+00
11                                     1.0333424487758853e+00
12                                     3.7132592400258599e+00
13                                     3.9195580563412689e+00
14                                     1.0236085234071428e+00
15                                     3.8184998214929005e+00
16                                     9.8193921963092090e-01
17                                     3.9161326041895714e+00
18                                     1.0516259050031227e+00
19                                     2.0283290235954050e+00
20                                     1.0205595143006185e+00
21                                     4.5512150715684969e+00
22                                     2.0621268327137487e+00
23                                     2.0781051978754728e+00
   &BVA [&Type "ArrayOfDoubles", &Dim (24,1)] "Mayer's bonded valence"
                                                         0

0                                      3.8917480478678259e+00
1                                      9.9903761293570903e-01
2                                      1.0178761463382731e+00
3                                      3.9532931993868456e+00
4                                      4.5062327800116142e+00
5                                      2.0626942926467304e+00
6                                      2.0401922604427671e+00
7                                      2.0931218084165728e+00
8                                      3.8105560587118714e+00
9                                      9.9664277044401672e-01
10                                     3.8843725524096930e+00
11                                     1.0333424487758862e+00
12                                     3.7132592400258488e+00
13                                     3.9195580563413279e+00
14                                     1.0236085234071672e+00
15                                     3.8184998214929249e+00
16                                     9.8193921963092434e-01
17                                     3.9161326041895510e+00
18                                     1.0516259050031160e+00
19                                     2.0283290235953952e+00
20                                     1.0205595143006183e+00
21                                     4.5512150715684996e+00
22                                     2.0621268327137248e+00
23                                     2.0781051978755229e+00
   &FA [&Type "ArrayOfDoubles", &Dim (24,1)] "Mayer's free valence"
                                                         0

0                                      0.0000000000000000e+00
1                                      0.0000000000000000e+00
2                                      0.0000000000000000e+00
3                                      0.0000000000000000e+00
4                                      0.0000000000000000e+00
5                                      0.0000000000000000e+00
6                                      0.0000000000000000e+00
7                                      0.0000000000000000e+00
8                                      0.0000000000000000e+00
9                                      0.0000000000000000e+00
10                                     0.0000000000000000e+00
11                                     0.0000000000000000e+00
12                                     0.0000000000000000e+00
13                                     0.0000000000000000e+00
14                                     0.0000000000000000e+00
15                                     0.0000000000000000e+00
16                                     0.0000000000000000e+00
17                                     0.0000000000000000e+00
18                                     0.0000000000000000e+00
19                                     0.0000000000000000e+00
20                                     0.0000000000000000e+00
21                                     0.0000000000000000e+00
22                                     0.0000000000000000e+00
23                                     0.0000000000000000e+00
$End
$VdW_Correction
   &GeometryIndex 1
   &ListStatus       OUT
   &VDW [&Type "Double"]      -5.2219604718681312e-02
$End
$Calculation_Info
   &GeometryIndex 1
   &ListStatus       OUT
   &MULT [&Type "Integer"] 1
   &CHARGE [&Type "Integer"] -2
   &NUMOFATOMS [&Type "Integer"] 24
   &NUMOFELECTRONS [&Type "Integer"] 118
   &NUMOFFCELECTRONS [&Type "Integer"] 1
   &NUMOFCORRELECTRONS [&Type "Integer"] 0
   &NUMOFBASISFUNCTS [&Type "Integer"] 264
   &NUMOFAUXCBASISFUNCTS [&Type "Integer"] 0
   &NUMOFAUXJBASISFUNCTS [&Type "Integer"] 872
   &NUMOFAUXJKBASISFUNCTS [&Type "Integer"] 0
   &NUMOFCABSBASISFUNCTS [&Type "Integer"] 0
   &TOTALENERGY [&Type "Double"]      -8.3614529500538401e+02  "Hartrees"
$End
$SCF_Dipole_Moment
   &GeometryIndex 1
   &ListStatus       OUT
   &METHOD [&Type "String"] "SCF"
   &LEVEL [&Type "String"] "Relaxed density"
   &MULT [&Type "Integer"] 1
   &STATE [&Type "Integer"] -1
   &IRREP [&Type "Integer"] 0
   &NATOMS [&Type "Integer"] 24
   &DODIPOLEATOM [&Type "Boolean"] false
   &DIPOLEELECCONTRIB [&Type "ArrayOfDoubles", &Dim (3,1)] "Electronic contribution"
                                                         0

0                                      9.2245326682788331e-01
1                                     -4.4877843793190775e-01
2                                     -8.8631303600727167e-03
   &DIPOLENUCCONTRIB [&Type "ArrayOfDoubles", &Dim (3,1)] "Nuclear contribution"
                                                         0

0                                     -3.1934704892578480e+00
1                                     -1.3666310097454542e+00
2                                     -4.1850646066745867e-01
   &DIPOLETOTAL [&Type "ArrayOfDoubles", &Dim (3,1)] "Total"
                                                         0

0                                     -2.2710172224299647e+00
1                                     -1.8154094476773619e+00
2                                     -4.2736959102753136e-01
   &DIPOLEMAGNITUDE [&Type "Double", &Units "a.u."]       2.9386860081718114e+00
$End
