*************************************************
******************* ORCA 6.0.1 ******************
*************************************************
$Calculation_Status
   &GeometryIndex 1
   &ListStatus       OUT
   &VERSION [&Type "String"] "6.0.1"
   &PROGNAME [&Type "String"] "LeanSCF"
   &STATUS [&Type "String"] "NORMAL TERMINATION"
$End
$Geometry
   &GeometryIndex 1
   &ListStatus       OUT
   &NATOMS [&Type "Integer"] 24
   &NCORELESSECP [&Type "Integer"] 0
   &NGHOSTATOMS [&Type "Integer"] 0
   &CartesianCoordinates [&Type "Coordinates", &Dim(24,4), &Units "Bohr"] 
              C     83.275812412600   32.294954604280   72.577324111251
              H     84.335974198849   31.195360913818   71.203993323580
              H     84.034602365753   34.099374216708   73.205836588543
              C     81.394023761349   31.119284517547   73.996736918265
              C     80.208572989830   32.408818275967   76.330916537376
              O     81.324043949210   34.267327771412   77.284492694633
              O     78.222891552785   31.403389575790   77.190246483347
              O     80.461979939827   29.010115209685   73.323889656405
              C     77.960166510206   29.484161224296   70.114130868021
              H     77.515437450336   27.475245939609   69.949354611038
              C     79.833095018467   30.527191700360   68.624896837470
              H     81.043518678138   29.354628191136   67.439098580612
              C     80.493149320380   33.065395534751   68.966502207280
              C     78.727433926105   34.728507089444   70.301057427328
              H     79.193890719523   36.734759554352   70.335408935624
              C     76.643428440495   33.823381209349   71.432533674788
              H     75.374493933207   35.102630812958   72.441106258766
              C     75.957777402510   31.065133995380   71.403698744380
              H     75.773774598119   30.434657003493   73.377176653084
              O     73.644360313241   30.723894501388   70.079297376257
              H     72.479663375501   29.573891256047   71.031210085642
              C     82.562940258148   34.223116354661   67.308192176667
              O     83.851340725977   32.759210494267   65.966108285299
              O     82.814568896629   36.586530309229   67.412364595264
$End
$SCF_Energy
   &GeometryIndex 1
   &ListStatus       OUT
   &SCF_ENERGY [&Type "Double"]      -8.3606194328965717e+02
$End
$DFT_Energy
   &GeometryIndex 1
   &ListStatus       OUT
   &NALPHAEL [&Type "Integer"] 59
   &NBETAEL [&Type "Integer"] 59
   &NTOTALEL [&Type "Integer"] 118
   &EEXCHANGE [&Type "Double"]      -8.3086985281724679e+01
   &ECORR [&Type "Double"]      -4.8427053111316534e+00
   &ECNL [&Type "Double"]       0.0000000000000000e+00
   &EXC [&Type "Double"]      -8.7929690592856332e+01
   &EEMBED [&Type "Double"]       0.0000000000000000e+00
   &FINALEN [&Type "Double"]      -8.3606194328965717e+02  "No Van der Waals correction"
$End
$Mulliken_Population_Analysis
   &GeometryIndex 1
   &ListStatus       OUT
   &NATOMS [&Type "Integer"] 24
   &ATNO [&Type "ArrayOfIntegers", &Dim (24,1)] 
                                                         0

0                                                        6
1                                                        1
2                                                        1
3                                                        6
4                                                        6
5                                                        8
6                                                        8
7                                                        8
8                                                        6
9                                                        1
10                                                       6
11                                                       1
12                                                       6
13                                                       6
14                                                       1
15                                                       6
16                                                       1
17                                                       6
18                                                       1
19                                                       8
20                                                       1
21                                                       6
22                                                       8
23                                                       8
   &ATOMICCHARGES [&Type "ArrayOfDoubles", &Dim (24,1)] 
                                                         0

0                                      7.8182663630912863e-02
1                                     -2.8586637024082373e-02
2                                     -1.3408785268804291e-02
3                                     -3.7314146433085504e-02
4                                      7.3262530136650739e-02
5                                     -4.0420060802213698e-01
6                                     -4.2159600017987486e-01
7                                     -3.1761502366790673e-01
8                                      6.7262815463107195e-02
9                                     -7.9090774843828315e-02
10                                     2.8409014684442013e-02
11                                    -6.5361573122263206e-02
12                                    -1.3878406593867343e-01
13                                     6.2529901353028272e-02
14                                    -5.1609172021626071e-02
15                                    -3.2145217526407421e-02
16                                    -7.0967402838904015e-02
17                                     2.8320698777598086e-01
18                                    -2.9799978173494779e-04
19                                    -3.4985084158698498e-01
20                                     1.3584897868049528e-01
21                                     9.7484334782832249e-02
22                                    -4.0881983403897237e-01
23                                    -4.0653914421238646e-01
$End
$Loewdin_Population_Analysis
   &GeometryIndex 1
   &ListStatus       OUT
   &NATOMS [&Type "Integer"] 24
   &ATNO [&Type "ArrayOfIntegers", &Dim (24,1)] 
                                                         0

0                                                        6
1                                                        1
2                                                        1
3                                                        6
4                                                        6
5                                                        8
6                                                        8
7                                                        8
8                                                        6
9                                                        1
10                                                       6
11                                                       1
12                                                       6
13                                                       6
14                                                       1
15                                                       6
16                                                       1
17                                                       6
18                                                       1
19                                                       8
20                                                       1
21                                                       6
22                                                       8
23                                                       8
   &ATOMICCHARGES [&Type "ArrayOfDoubles", &Dim (24,1)] 
                                                         0

0                                     -4.9290189185835942e-02
1                                      6.9702178869178733e-03
2                                      1.1206178624181717e-02
3                                     -3.0955331641474793e-02
4                                     -6.6468096074907557e-02
5                                     -3.7395149922791404e-01
6                                     -3.8585461034333335e-01
7                                     -2.0392145016333529e-01
8                                      4.1845261500178310e-02
9                                     -3.7934110948942834e-03
10                                    -5.5057124626330278e-02
11                                     6.2109625758894893e-03
12                                    -9.8981648985603243e-03
13                                    -8.7469860116948794e-03
14                                     1.4710497696327596e-02
15                                    -5.0462393054726107e-02
16                                     1.3920719460677189e-03
17                                     4.6811878635293347e-02
18                                     1.4917571543813457e-02
19                                    -1.7577087824700399e-01
20                                     6.8143374153947778e-02
21                                    -4.1667240932668825e-02
22                                    -3.7937585086942072e-01
23                                    -3.7699478819075516e-01
$End
$Mayer_Population_Analysis
   &GeometryIndex 1
   &ListStatus       OUT
   &NATOMS [&Type "Integer"] 24 "Total number of atoms"
   &BONDTHRESH [&Type "Double"]       1.0000000000000001e-01  "The threshold for printing"
   &NBONDORDERSPRINT [&Type "Integer"] 29 "The number of bond orders larger than threshold"
   &BONDORDERS [&Type "ArrayOfDoubles", &Dim (29,1)] "The bond orders"
                                                         0

0                                      9.0576131965321960e-01
1                                      9.2574767703747995e-01
2                                      1.4215631308319006e+00
3                                      1.1734375067690887e-01
4                                      3.5724310702746720e-01
5                                      8.1105831001856477e-01
6                                      1.6399104926381183e+00
7                                      1.8728045241920583e+00
8                                      1.7981818557508658e+00
9                                      1.2714945988835671e-01
10                                     1.0747632055644446e-01
11                                     2.7991668629484884e-01
12                                     9.3925075805764624e-01
13                                     1.4609967804580579e+00
14                                     9.8801515704385590e-01
15                                     9.5192894356746960e-01
16                                     1.3379119697467052e+00
17                                     1.0722286225772648e+00
18                                     8.2313003688576758e-01
19                                     9.6829527238537316e-01
20                                     1.7667119500899582e+00
21                                     9.5571039854718676e-01
22                                     9.7923642536754663e-01
23                                     8.6065683985066954e-01
24                                     9.8232950642322514e-01
25                                     9.7458999676955482e-01
26                                     1.8551295974189725e+00
27                                     1.8769721902410179e+00
28                                     1.2273128099237311e-01
   &COMPONENTS [&Type "ArrayOfIntegers", &Dim (29,4)] "The indices and atomic numbers of the bonding atoms"
                                                         0                           1                           2                           3

0                                                        0                           6                           1                           1
1                                                        0                           6                           2                           1
2                                                        0                           6                           3                           6
3                                                        0                           6                           8                           6
4                                                        0                           6                          12                           6
5                                                        3                           6                           4                           6
6                                                        3                           6                           7                           8
7                                                        4                           6                           5                           8
8                                                        4                           6                           6                           8
9                                                        5                           8                           6                           8
10                                                       6                           8                          18                           1
11                                                       7                           8                           8                           6
12                                                       8                           6                           9                           1
13                                                       8                           6                          10                           6
14                                                       8                           6                          17                           6
15                                                      10                           6                          11                           1
16                                                      10                           6                          12                           6
17                                                      12                           6                          13                           6
18                                                      12                           6                          21                           6
19                                                      13                           6                          14                           1
20                                                      13                           6                          15                           6
21                                                      15                           6                          16                           1
22                                                      15                           6                          17                           6
23                                                      17                           6                          18                           1
24                                                      17                           6                          19                           8
25                                                      19                           8                          20                           1
26                                                      21                           6                          22                           8
27                                                      21                           6                          23                           8
28                                                      22                           8                          23                           8
   &ATNO [&Type "ArrayOfIntegers", &Dim (24,1)] "Atomic number of the elements"
                                                         0

0                                                        6
1                                                        1
2                                                        1
3                                                        6
4                                                        6
5                                                        8
6                                                        8
7                                                        8
8                                                        6
9                                                        1
10                                                       6
11                                                       1
12                                                       6
13                                                       6
14                                                       1
15                                                       6
16                                                       1
17                                                       6
18                                                       1
19                                                       8
20                                                       1
21                                                       6
22                                                       8
23                                                       8
   &NA [&Type "ArrayOfDoubles", &Dim (24,1)] "Mulliken gross atomic population"
                                                         0

0                                      5.9218173363690809e+00
1                                      1.0285866370240828e+00
2                                      1.0134087852688030e+00
3                                      6.0373141464330828e+00
4                                      5.9267374698633537e+00
5                                      8.4042006080221228e+00
6                                      8.4215960001798607e+00
7                                      8.3176150236679138e+00
8                                      5.9327371845368999e+00
9                                      1.0790907748438305e+00
10                                     5.9715909853155864e+00
11                                     1.0653615731222623e+00
12                                     6.1387840659386681e+00
13                                     5.9374700986469415e+00
14                                     1.0516091720216236e+00
15                                     6.0321452175264199e+00
16                                     1.0709674028389056e+00
17                                     5.7167930122240147e+00
18                                     1.0002979997817354e+00
19                                     8.3498508415869779e+00
20                                     8.6415102131950339e-01
21                                     5.9025156652171660e+00
22                                     8.4088198340390008e+00
23                                     8.4065391442123651e+00
   &ZA [&Type "ArrayOfDoubles", &Dim (24,1)] "Total nuclear charge"
                                                         0

0                                      6.0000000000000000e+00
1                                      1.0000000000000000e+00
2                                      1.0000000000000000e+00
3                                      6.0000000000000000e+00
4                                      6.0000000000000000e+00
5                                      8.0000000000000000e+00
6                                      8.0000000000000000e+00
7                                      8.0000000000000000e+00
8                                      6.0000000000000000e+00
9                                      1.0000000000000000e+00
10                                     6.0000000000000000e+00
11                                     1.0000000000000000e+00
12                                     6.0000000000000000e+00
13                                     6.0000000000000000e+00
14                                     1.0000000000000000e+00
15                                     6.0000000000000000e+00
16                                     1.0000000000000000e+00
17                                     6.0000000000000000e+00
18                                     1.0000000000000000e+00
19                                     8.0000000000000000e+00
20                                     1.0000000000000000e+00
21                                     6.0000000000000000e+00
22                                     8.0000000000000000e+00
23                                     8.0000000000000000e+00
   &QA [&Type "ArrayOfDoubles", &Dim (24,1)] "Mulliken gross atomic charge"
                                                         0

0                                      7.8182663630919080e-02
1                                     -2.8586637024082817e-02
2                                     -1.3408785268802959e-02
3                                     -3.7314146433082840e-02
4                                      7.3262530136646298e-02
5                                     -4.0420060802212276e-01
6                                     -4.2159600017986065e-01
7                                     -3.1761502366791383e-01
8                                      6.7262815463100090e-02
9                                     -7.9090774843830536e-02
10                                     2.8409014684413592e-02
11                                    -6.5361573122262318e-02
12                                    -1.3878406593866810e-01
13                                     6.2529901353058470e-02
14                                    -5.1609172021623628e-02
15                                    -3.2145217526419856e-02
16                                    -7.0967402838905569e-02
17                                     2.8320698777598530e-01
18                                    -2.9799978173539188e-04
19                                    -3.4985084158697788e-01
20                                     1.3584897868049661e-01
21                                     9.7484334782834026e-02
22                                    -4.0881983403900080e-01
23                                    -4.0653914421236514e-01
   &VA [&Type "ArrayOfDoubles", &Dim (24,1)] "Mayer's total valence"
                                                         0

0                                      3.8200389163130337e+00
1                                      1.0153210122613971e+00
2                                      1.0236724231811243e+00
3                                      4.0165663261653428e+00
4                                      4.4783216697448704e+00
5                                      2.0927541636230353e+00
6                                      2.0638677837113990e+00
7                                      2.1329732791834455e+00
8                                      3.8979206596714491e+00
9                                      9.8796217055750046e-01
10                                     3.8842257600879089e+00
11                                     1.0351844672497956e+00
12                                     3.6899799600428009e+00
13                                     3.8953229025595371e+00
14                                     1.0352530842623415e+00
15                                     3.8703619885828067e+00
16                                     9.8441465405959028e-01
17                                     3.8288628810107497e+00
18                                     1.0767885292616881e+00
19                                     1.9989522667174608e+00
20                                     1.0280431570079656e+00
21                                     4.5452075289727611e+00
22                                     2.0851316105454059e+00
23                                     2.0942701230742498e+00
   &BVA [&Type "ArrayOfDoubles", &Dim (24,1)] "Mayer's bonded valence"
                                                         0

0                                      3.8200389163131070e+00
1                                      1.0153210122613918e+00
2                                      1.0236724231811298e+00
3                                      4.0165663261653508e+00
4                                      4.4783216697448882e+00
5                                      2.0927541636230473e+00
6                                      2.0638677837114119e+00
7                                      2.1329732791834823e+00
8                                      3.8979206596714824e+00
9                                      9.8796217055750768e-01
10                                     3.8842257600879075e+00
11                                     1.0351844672497927e+00
12                                     3.6899799600428684e+00
13                                     3.8953229025596334e+00
14                                     1.0352530842623540e+00
15                                     3.8703619885828320e+00
16                                     9.8441465405958184e-01
17                                     3.8288628810107932e+00
18                                     1.0767885292616963e+00
19                                     1.9989522667175195e+00
20                                     1.0280431570079727e+00
21                                     4.5452075289727452e+00
22                                     2.0851316105453179e+00
23                                     2.0942701230743244e+00
   &FA [&Type "ArrayOfDoubles", &Dim (24,1)] "Mayer's free valence"
                                                         0

0                                      0.0000000000000000e+00
1                                      0.0000000000000000e+00
2                                      0.0000000000000000e+00
3                                      0.0000000000000000e+00
4                                      0.0000000000000000e+00
5                                      0.0000000000000000e+00
6                                      0.0000000000000000e+00
7                                      0.0000000000000000e+00
8                                      0.0000000000000000e+00
9                                      0.0000000000000000e+00
10                                     0.0000000000000000e+00
11                                     0.0000000000000000e+00
12                                     0.0000000000000000e+00
13                                     0.0000000000000000e+00
14                                     0.0000000000000000e+00
15                                     0.0000000000000000e+00
16                                     0.0000000000000000e+00
17                                     0.0000000000000000e+00
18                                     0.0000000000000000e+00
19                                     0.0000000000000000e+00
20                                     0.0000000000000000e+00
21                                     0.0000000000000000e+00
22                                     0.0000000000000000e+00
23                                     0.0000000000000000e+00
$End
$VdW_Correction
   &GeometryIndex 1
   &ListStatus       OUT
   &VDW [&Type "Double"]      -5.6336891563417958e-02
$End
$Calculation_Info
   &GeometryIndex 1
   &ListStatus       OUT
   &MULT [&Type "Integer"] 1
   &CHARGE [&Type "Integer"] -2
   &NUMOFATOMS [&Type "Integer"] 24
   &NUMOFELECTRONS [&Type "Integer"] 118
   &NUMOFFCELECTRONS [&Type "Integer"] 1
   &NUMOFCORRELECTRONS [&Type "Integer"] 0
   &NUMOFBASISFUNCTS [&Type "Integer"] 264
   &NUMOFAUXCBASISFUNCTS [&Type "Integer"] 0
   &NUMOFAUXJBASISFUNCTS [&Type "Integer"] 872
   &NUMOFAUXJKBASISFUNCTS [&Type "Integer"] 0
   &NUMOFCABSBASISFUNCTS [&Type "Integer"] 0
   &TOTALENERGY [&Type "Double"]      -8.3611828018122060e+02  "Hartrees"
$End
$SCF_Dipole_Moment
   &GeometryIndex 1
   &ListStatus       OUT
   &METHOD [&Type "String"] "SCF"
   &LEVEL [&Type "String"] "Relaxed density"
   &MULT [&Type "Integer"] 1
   &STATE [&Type "Integer"] -1
   &IRREP [&Type "Integer"] 0
   &NATOMS [&Type "Integer"] 24
   &DODIPOLEATOM [&Type "Boolean"] false
   &DIPOLEELECCONTRIB [&Type "ArrayOfDoubles", &Dim (3,1)] "Electronic contribution"
                                                         0

0                                      1.8406878915893514e+00
1                                      5.3745245762632188e-01
2                                      5.4566590287910544e-01
   &DIPOLENUCCONTRIB [&Type "ArrayOfDoubles", &Dim (3,1)] "Nuclear contribution"
                                                         0

0                                     -4.3580922620509028e+00
1                                     -2.3281839779562290e+00
2                                     -1.2234972749483717e+00
   &DIPOLETOTAL [&Type "ArrayOfDoubles", &Dim (3,1)] "Total"
                                                         0

0                                     -2.5174043704615512e+00
1                                     -1.7907315203299072e+00
2                                     -6.7783137206926625e-01
   &DIPOLEMAGNITUDE [&Type "Double", &Units "a.u."]       3.1628309330856248e+00
$End
