*************************************************
******************* ORCA 6.0.1 ******************
*************************************************
$Calculation_Status
   &GeometryIndex 1
   &ListStatus       OUT
   &VERSION [&Type "String"] "6.0.1"
   &PROGNAME [&Type "String"] "LeanSCF"
   &STATUS [&Type "String"] "NORMAL TERMINATION"
$End
$Geometry
   &GeometryIndex 1
   &ListStatus       OUT
   &NATOMS [&Type "Integer"] 24
   &NCORELESSECP [&Type "Integer"] 0
   &NGHOSTATOMS [&Type "Integer"] 0
   &CartesianCoordinates [&Type "Coordinates", &Dim(24,4), &Units "Bohr"] 
              C     86.777585949383   40.936981675897   70.447254864380
              H     87.662299391888   39.629435275514   69.135555131613
              H     87.573644281020   42.828597230332   70.606025742988
              C     85.005200601627   40.091424670300   72.174355989649
              C     83.996152093003   41.824101147433   74.290728640346
              O     84.722141710165   44.096620074575   74.402269990376
              O     82.527765152075   40.796424494041   75.837291297765
              O     84.038532392235   37.872758786052   72.028748154976
              C     81.201354431755   37.751822258721   69.153055020668
              H     80.688016051065   35.791742474725   69.542634083971
              C     82.976537311472   38.278143096933   67.297568361640
              H     84.094531849561   36.768427240867   66.454617296251
              C     83.662396030974   40.773748815582   66.836240166750
              C     81.993186147078   42.792061126692   67.730154706941
              H     82.455901957476   44.707823999495   67.115674306372
              C     79.980786148304   42.315777414564   69.212888035421
              H     78.739840613752   43.844764098361   69.844900164133
              C     79.357117504158   39.700790954435   70.148124108152
              H     79.547757181357   39.725828074631   72.229808500239
              O     76.848534197774   39.094429300737   69.434551591406
              H     76.222242910864   37.457644907534   70.262785020647
              C     85.764986977742   41.305816481937   64.914446787941
              O     87.291908391028   39.534974053348   64.480922471733
              O     85.800418537167   43.459916104856   63.935557370479
$End
$SCF_Energy
   &GeometryIndex 1
   &ListStatus       OUT
   &SCF_ENERGY [&Type "Double"]      -8.3605699234363783e+02
$End
$DFT_Energy
   &GeometryIndex 1
   &ListStatus       OUT
   &NALPHAEL [&Type "Integer"] 59
   &NBETAEL [&Type "Integer"] 59
   &NTOTALEL [&Type "Integer"] 118
   &EEXCHANGE [&Type "Double"]      -8.3073049031439126e+01
   &ECORR [&Type "Double"]      -4.8415899963794011e+00
   &ECNL [&Type "Double"]       0.0000000000000000e+00
   &EXC [&Type "Double"]      -8.7914639027818524e+01
   &EEMBED [&Type "Double"]       0.0000000000000000e+00
   &FINALEN [&Type "Double"]      -8.3605699234363783e+02  "No Van der Waals correction"
$End
$Mulliken_Population_Analysis
   &GeometryIndex 1
   &ListStatus       OUT
   &NATOMS [&Type "Integer"] 24
   &ATNO [&Type "ArrayOfIntegers", &Dim (24,1)] 
                                                         0

0                                                        6
1                                                        1
2                                                        1
3                                                        6
4                                                        6
5                                                        8
6                                                        8
7                                                        8
8                                                        6
9                                                        1
10                                                       6
11                                                       1
12                                                       6
13                                                       6
14                                                       1
15                                                       6
16                                                       1
17                                                       6
18                                                       1
19                                                       8
20                                                       1
21                                                       6
22                                                       8
23                                                       8
   &ATOMICCHARGES [&Type "ArrayOfDoubles", &Dim (24,1)] 
                                                         0

0                                      6.0990944810634495e-02
1                                     -1.6909421533418456e-02
2                                     -2.1950978286106038e-02
3                                     -3.3055291261336883e-02
4                                      6.3491914940396299e-02
5                                     -4.1373498330590763e-01
6                                     -4.1646796800155705e-01
7                                     -3.2574922134920925e-01
8                                      3.4496098504398276e-02
9                                     -7.6979723558785240e-02
10                                     3.9557290255027411e-02
11                                    -6.3032658480546733e-02
12                                    -1.3584291915164748e-01
13                                     8.7537752822382409e-02
14                                    -5.3851732742664860e-02
15                                    -6.1601132714974582e-02
16                                    -6.4666936500258565e-02
17                                     3.1303362401714097e-01
18                                     9.7649667053325562e-03
19                                    -3.6418918295337299e-01
20                                     1.4588866344823759e-01
21                                     1.0367196486690844e-01
22                                    -4.1499498553884706e-01
23                                    -3.9540608499198804e-01
$End
$Loewdin_Population_Analysis
   &GeometryIndex 1
   &ListStatus       OUT
   &NATOMS [&Type "Integer"] 24
   &ATNO [&Type "ArrayOfIntegers", &Dim (24,1)] 
                                                         0

0                                                        6
1                                                        1
2                                                        1
3                                                        6
4                                                        6
5                                                        8
6                                                        8
7                                                        8
8                                                        6
9                                                        1
10                                                       6
11                                                       1
12                                                       6
13                                                       6
14                                                       1
15                                                       6
16                                                       1
17                                                       6
18                                                       1
19                                                       8
20                                                       1
21                                                       6
22                                                       8
23                                                       8
   &ATOMICCHARGES [&Type "ArrayOfDoubles", &Dim (24,1)] 
                                                         0

0                                     -5.2186196149201614e-02
1                                      8.1176949687866706e-03
2                                      8.1553326025367578e-03
3                                     -3.6560540483025150e-02
4                                     -7.1442947617194719e-02
5                                     -3.8743089214989546e-01
6                                     -3.7992546115632919e-01
7                                     -2.0779113203857058e-01
8                                      4.4112160559889091e-02
9                                     -3.6602085795300887e-03
10                                    -4.9689560787727238e-02
11                                     8.1784592358735697e-03
12                                    -1.7372794050507068e-02
13                                    -2.5120904181799020e-03
14                                     1.5744584217996183e-02
15                                    -5.2265683830975185e-02
16                                     3.2200732825701239e-03
17                                     4.5700574819794504e-02
18                                     2.1126701492198974e-02
19                                    -1.8575798229429807e-01
20                                     7.9606328820963301e-02
21                                    -3.9068385695117946e-02
22                                    -3.8182410697495506e-01
23                                    -3.6647392777532239e-01
$End
$Mayer_Population_Analysis
   &GeometryIndex 1
   &ListStatus       OUT
   &NATOMS [&Type "Integer"] 24 "Total number of atoms"
   &BONDTHRESH [&Type "Double"]       1.0000000000000001e-01  "The threshold for printing"
   &NBONDORDERSPRINT [&Type "Integer"] 28 "The number of bond orders larger than threshold"
   &BONDORDERS [&Type "ArrayOfDoubles", &Dim (28,1)] "The bond orders"
                                                         0

0                                      8.9811213734928574e-01
1                                      9.2588649220863373e-01
2                                      1.4692425949322812e+00
3                                      1.2485520902922814e-01
4                                      3.0081391896973175e-01
5                                      8.1184716620056652e-01
6                                      1.5865187535705052e+00
7                                      1.8733657618457558e+00
8                                      1.7992363347510194e+00
9                                      1.2188822973402946e-01
10                                     3.2054664775473862e-01
11                                     9.3736902037620617e-01
12                                     1.4222032791323691e+00
13                                     9.8881069638504004e-01
14                                     9.4937492315117777e-01
15                                     1.3973113821917813e+00
16                                     1.0703558986619162e+00
17                                     8.2477697736941713e-01
18                                     9.7059121424107198e-01
19                                     1.7540369379961047e+00
20                                     9.5976634844462139e-01
21                                     9.8589311758763309e-01
22                                     8.5553408020507593e-01
23                                     9.7207453984582592e-01
24                                     9.5986141010436976e-01
25                                     1.8062546551102447e+00
26                                     1.8943229043182577e+00
27                                     1.1943544044078851e-01
   &COMPONENTS [&Type "ArrayOfIntegers", &Dim (28,4)] "The indices and atomic numbers of the bonding atoms"
                                                         0                           1                           2                           3

0                                                        0                           6                           1                           1
1                                                        0                           6                           2                           1
2                                                        0                           6                           3                           6
3                                                        0                           6                           8                           6
4                                                        0                           6                          12                           6
5                                                        3                           6                           4                           6
6                                                        3                           6                           7                           8
7                                                        4                           6                           5                           8
8                                                        4                           6                           6                           8
9                                                        5                           8                           6                           8
10                                                       7                           8                           8                           6
11                                                       8                           6                           9                           1
12                                                       8                           6                          10                           6
13                                                       8                           6                          17                           6
14                                                      10                           6                          11                           1
15                                                      10                           6                          12                           6
16                                                      12                           6                          13                           6
17                                                      12                           6                          21                           6
18                                                      13                           6                          14                           1
19                                                      13                           6                          15                           6
20                                                      15                           6                          16                           1
21                                                      15                           6                          17                           6
22                                                      17                           6                          18                           1
23                                                      17                           6                          19                           8
24                                                      19                           8                          20                           1
25                                                      21                           6                          22                           8
26                                                      21                           6                          23                           8
27                                                      22                           8                          23                           8
   &ATNO [&Type "ArrayOfIntegers", &Dim (24,1)] "Atomic number of the elements"
                                                         0

0                                                        6
1                                                        1
2                                                        1
3                                                        6
4                                                        6
5                                                        8
6                                                        8
7                                                        8
8                                                        6
9                                                        1
10                                                       6
11                                                       1
12                                                       6
13                                                       6
14                                                       1
15                                                       6
16                                                       1
17                                                       6
18                                                       1
19                                                       8
20                                                       1
21                                                       6
22                                                       8
23                                                       8
   &NA [&Type "ArrayOfDoubles", &Dim (24,1)] "Mulliken gross atomic population"
                                                         0

0                                      5.9390090551893717e+00
1                                      1.0169094215334185e+00
2                                      1.0219509782861040e+00
3                                      6.0330552912612951e+00
4                                      5.9365080850596010e+00
5                                      8.4137349833059059e+00
6                                      8.4164679680015535e+00
7                                      8.3257492213492146e+00
8                                      5.9655039014956097e+00
9                                      1.0769797235587857e+00
10                                     5.9604427097449779e+00
11                                     1.0630326584805467e+00
12                                     6.1358429191516333e+00
13                                     5.9124622471775838e+00
14                                     1.0538517327426664e+00
15                                     6.0616011327149852e+00
16                                     1.0646669365002590e+00
17                                     5.6869663759828546e+00
18                                     9.9023503329466855e-01
19                                     8.3641891829533535e+00
20                                     8.5411133655176241e-01
21                                     5.8963280351330898e+00
22                                     8.4149949855388506e+00
23                                     8.3954060849919916e+00
   &ZA [&Type "ArrayOfDoubles", &Dim (24,1)] "Total nuclear charge"
                                                         0

0                                      6.0000000000000000e+00
1                                      1.0000000000000000e+00
2                                      1.0000000000000000e+00
3                                      6.0000000000000000e+00
4                                      6.0000000000000000e+00
5                                      8.0000000000000000e+00
6                                      8.0000000000000000e+00
7                                      8.0000000000000000e+00
8                                      6.0000000000000000e+00
9                                      1.0000000000000000e+00
10                                     6.0000000000000000e+00
11                                     1.0000000000000000e+00
12                                     6.0000000000000000e+00
13                                     6.0000000000000000e+00
14                                     1.0000000000000000e+00
15                                     6.0000000000000000e+00
16                                     1.0000000000000000e+00
17                                     6.0000000000000000e+00
18                                     1.0000000000000000e+00
19                                     8.0000000000000000e+00
20                                     1.0000000000000000e+00
21                                     6.0000000000000000e+00
22                                     8.0000000000000000e+00
23                                     8.0000000000000000e+00
   &QA [&Type "ArrayOfDoubles", &Dim (24,1)] "Mulliken gross atomic charge"
                                                         0

0                                      6.0990944810628278e-02
1                                     -1.6909421533418456e-02
2                                     -2.1950978286104039e-02
3                                     -3.3055291261295139e-02
4                                      6.3491914940398964e-02
5                                     -4.1373498330590586e-01
6                                     -4.1646796800155350e-01
7                                     -3.2574922134921458e-01
8                                      3.4496098504390282e-02
9                                     -7.6979723558785684e-02
10                                     3.9557290255022082e-02
11                                    -6.3032658480546733e-02
12                                    -1.3584291915163327e-01
13                                     8.7537752822416159e-02
14                                    -5.3851732742666414e-02
15                                    -6.1601132714985241e-02
16                                    -6.4666936500259009e-02
17                                     3.1303362401714541e-01
18                                     9.7649667053314460e-03
19                                    -3.6418918295335345e-01
20                                     1.4588866344823759e-01
21                                     1.0367196486691022e-01
22                                    -4.1499498553885061e-01
23                                    -3.9540608499199159e-01
   &VA [&Type "ArrayOfDoubles", &Dim (24,1)] "Mayer's total valence"
                                                         0

0                                      3.7960035317468601e+00
1                                      1.0453165475820010e+00
2                                      1.0190125851499290e+00
3                                      3.9976846486356528e+00
4                                      4.4754896976980438e+00
5                                      2.0849378157575265e+00
6                                      2.0478771300384504e+00
7                                      2.1307009112506656e+00
8                                      3.9330253619051563e+00
9                                      9.8686730804028266e-01
10                                     3.9047386485102402e+00
11                                     1.0336278829353629e+00
12                                     3.7153661189142002e+00
13                                     3.8657063552122879e+00
14                                     1.0277519439468872e+00
15                                     3.8737138858607216e+00
16                                     9.8337045402836332e-01
17                                     3.8130303380741992e+00
18                                     1.0722989801406186e+00
19                                     1.9964565856252130e+00
20                                     1.0189612609163214e+00
21                                     4.5207612954783709e+00
22                                     2.0695988473725526e+00
23                                     2.1082657934040632e+00
   &BVA [&Type "ArrayOfDoubles", &Dim (24,1)] "Mayer's bonded valence"
                                                         0

0                                      3.7960035317468668e+00
1                                      1.0453165475820061e+00
2                                      1.0190125851499365e+00
3                                      3.9976846486357771e+00
4                                      4.4754896976980731e+00
5                                      2.0849378157575598e+00
6                                      2.0478771300384500e+00
7                                      2.1307009112506470e+00
8                                      3.9330253619051305e+00
9                                      9.8686730804027600e-01
10                                     3.9047386485103059e+00
11                                     1.0336278829353738e+00
12                                     3.7153661189142779e+00
13                                     3.8657063552124082e+00
14                                     1.0277519439469092e+00
15                                     3.8737138858606963e+00
16                                     9.8337045402835022e-01
17                                     3.8130303380742401e+00
18                                     1.0722989801406293e+00
19                                     1.9964565856252559e+00
20                                     1.0189612609163132e+00
21                                     4.5207612954783736e+00
22                                     2.0695988473725411e+00
23                                     2.1082657934040996e+00
   &FA [&Type "ArrayOfDoubles", &Dim (24,1)] "Mayer's free valence"
                                                         0

0                                      0.0000000000000000e+00
1                                      0.0000000000000000e+00
2                                      0.0000000000000000e+00
3                                      0.0000000000000000e+00
4                                      0.0000000000000000e+00
5                                      0.0000000000000000e+00
6                                      0.0000000000000000e+00
7                                      0.0000000000000000e+00
8                                      0.0000000000000000e+00
9                                      0.0000000000000000e+00
10                                     0.0000000000000000e+00
11                                     0.0000000000000000e+00
12                                     0.0000000000000000e+00
13                                     0.0000000000000000e+00
14                                     0.0000000000000000e+00
15                                     0.0000000000000000e+00
16                                     0.0000000000000000e+00
17                                     0.0000000000000000e+00
18                                     0.0000000000000000e+00
19                                     0.0000000000000000e+00
20                                     0.0000000000000000e+00
21                                     0.0000000000000000e+00
22                                     0.0000000000000000e+00
23                                     0.0000000000000000e+00
$End
$VdW_Correction
   &GeometryIndex 1
   &ListStatus       OUT
   &VDW [&Type "Double"]      -5.5898006366932512e-02
$End
$Calculation_Info
   &GeometryIndex 1
   &ListStatus       OUT
   &MULT [&Type "Integer"] 1
   &CHARGE [&Type "Integer"] -2
   &NUMOFATOMS [&Type "Integer"] 24
   &NUMOFELECTRONS [&Type "Integer"] 118
   &NUMOFFCELECTRONS [&Type "Integer"] 1
   &NUMOFCORRELECTRONS [&Type "Integer"] 0
   &NUMOFBASISFUNCTS [&Type "Integer"] 264
   &NUMOFAUXCBASISFUNCTS [&Type "Integer"] 0
   &NUMOFAUXJBASISFUNCTS [&Type "Integer"] 872
   &NUMOFAUXJKBASISFUNCTS [&Type "Integer"] 0
   &NUMOFCABSBASISFUNCTS [&Type "Integer"] 0
   &TOTALENERGY [&Type "Double"]      -8.3611289035000482e+02  "Hartrees"
$End
$SCF_Dipole_Moment
   &GeometryIndex 1
   &ListStatus       OUT
   &METHOD [&Type "String"] "SCF"
   &LEVEL [&Type "String"] "Relaxed density"
   &MULT [&Type "Integer"] 1
   &STATE [&Type "Integer"] -1
   &IRREP [&Type "Integer"] 0
   &NATOMS [&Type "Integer"] 24
   &DODIPOLEATOM [&Type "Boolean"] false
   &DIPOLEELECCONTRIB [&Type "ArrayOfDoubles", &Dim (3,1)] "Electronic contribution"
                                                         0

0                                      1.8375780391804812e+00
1                                      4.1605951100775262e-01
2                                      1.9975239104584985e-01
   &DIPOLENUCCONTRIB [&Type "ArrayOfDoubles", &Dim (3,1)] "Nuclear contribution"
                                                         0

0                                     -4.4112336321848034e+00
1                                     -2.2362280525435239e+00
2                                     -6.5493542177563313e-01
   &DIPOLETOTAL [&Type "ArrayOfDoubles", &Dim (3,1)] "Total"
                                                         0

0                                     -2.5736555930043221e+00
1                                     -1.8201685415357711e+00
2                                     -4.5518303072978328e-01
   &DIPOLEMAGNITUDE [&Type "Double", &Units "a.u."]       3.1849502700141543e+00
$End
