*************************************************
******************* ORCA 6.0.1 ******************
*************************************************
$Calculation_Status
   &GeometryIndex 1
   &ListStatus       OUT
   &VERSION [&Type "String"] "6.0.1"
   &PROGNAME [&Type "String"] "LeanSCF"
   &STATUS [&Type "String"] "NORMAL TERMINATION"
$End
$Geometry
   &GeometryIndex 1
   &ListStatus       OUT
   &NATOMS [&Type "Integer"] 24
   &NCORELESSECP [&Type "Integer"] 0
   &NGHOSTATOMS [&Type "Integer"] 0
   &CartesianCoordinates [&Type "Coordinates", &Dim(24,4), &Units "Bohr"] 
              C     83.079919751714   35.600550636942   66.599618137787
              H     83.518336214784   34.415692350974   64.968784484213
              H     84.432963663602   37.036742498723   67.185433239302
              C     80.897286067035   35.409688297416   67.850616838443
              C     80.286904525778   37.008396606714   70.148523817291
              O     81.360268969846   39.126779602840   70.358283418156
              O     78.750557178900   36.080541074958   71.698099247106
              O     79.094487335274   33.635235457664   67.206220226775
              C     77.225548188826   34.341993031751   65.271140665640
              H     76.001005654045   32.669585403231   65.142639288533
              C     78.671188681276   34.772850590285   62.886306284631
              H     79.508337358603   33.142016936711   61.947112396073
              C     79.343931184952   37.121780174749   62.171989806009
              C     78.336707155572   39.321421394633   63.521254265629
              H     79.071810621667   41.165794101341   62.961895329988
              C     76.654850896382   39.090874806295   65.412870125684
              H     75.972659762036   40.761392708681   66.418204428930
              C     75.558809738707   36.568090417510   66.157422222449
              H     75.458654253609   36.439589040403   68.236120969762
              O     73.096496586208   36.362110268913   65.093506409051
              H     71.907858847971   35.661021873228   66.389858536921
              C     81.401842944792   37.486497318596   60.208564352865
              O     82.739769047608   35.608109541478   59.668102678564
              O     81.770339540906   39.689917990748   59.373305401672
$End
$SCF_Energy
   &GeometryIndex 1
   &ListStatus       OUT
   &SCF_ENERGY [&Type "Double"]      -8.3608775199516958e+02
$End
$DFT_Energy
   &GeometryIndex 1
   &ListStatus       OUT
   &NALPHAEL [&Type "Integer"] 59
   &NBETAEL [&Type "Integer"] 59
   &NTOTALEL [&Type "Integer"] 117
   &EEXCHANGE [&Type "Double"]      -8.3131185447460268e+01
   &ECORR [&Type "Double"]      -4.8465147633331291e+00
   &ECNL [&Type "Double"]       0.0000000000000000e+00
   &EXC [&Type "Double"]      -8.7977700210793401e+01
   &EEMBED [&Type "Double"]       0.0000000000000000e+00
   &FINALEN [&Type "Double"]      -8.3608775199516958e+02  "No Van der Waals correction"
$End
$Mulliken_Population_Analysis
   &GeometryIndex 1
   &ListStatus       OUT
   &NATOMS [&Type "Integer"] 24
   &ATNO [&Type "ArrayOfIntegers", &Dim (24,1)] 
                                                         0

0                                                        6
1                                                        1
2                                                        1
3                                                        6
4                                                        6
5                                                        8
6                                                        8
7                                                        8
8                                                        6
9                                                        1
10                                                       6
11                                                       1
12                                                       6
13                                                       6
14                                                       1
15                                                       6
16                                                       1
17                                                       6
18                                                       1
19                                                       8
20                                                       1
21                                                       6
22                                                       8
23                                                       8
   &ATOMICCHARGES [&Type "ArrayOfDoubles", &Dim (24,1)] 
                                                         0

0                                      2.5063769378599332e-03
1                                     -1.7817037190896556e-02
2                                     -3.3991206434965893e-02
3                                      2.2286397152950777e-02
4                                      8.2003103959973345e-02
5                                     -4.1741264347468032e-01
6                                     -4.2907580328316541e-01
7                                     -3.7062050733812946e-01
8                                      2.6378528035716009e-01
9                                     -9.0728797902275060e-02
10                                    -7.2972796876944024e-02
11                                    -5.9165856640944536e-02
12                                    -2.7972311534782079e-02
13                                     5.0502381889583781e-02
14                                    -5.8654998005527759e-02
15                                    -1.0210419268174675e-02
16                                    -6.8149957878838485e-02
17                                     1.9205147076604234e-01
18                                    -7.0902139924597929e-03
19                                    -3.3880383525917601e-01
20                                     1.4234860818275852e-01
21                                     7.2393395829979390e-02
22                                    -4.0741232502638880e-01
23                                    -4.1779830496900239e-01
$End
$Loewdin_Population_Analysis
   &GeometryIndex 1
   &ListStatus       OUT
   &NATOMS [&Type "Integer"] 24
   &ATNO [&Type "ArrayOfIntegers", &Dim (24,1)] 
                                                         0

0                                                        6
1                                                        1
2                                                        1
3                                                        6
4                                                        6
5                                                        8
6                                                        8
7                                                        8
8                                                        6
9                                                        1
10                                                       6
11                                                       1
12                                                       6
13                                                       6
14                                                       1
15                                                       6
16                                                       1
17                                                       6
18                                                       1
19                                                       8
20                                                       1
21                                                       6
22                                                       8
23                                                       8
   &ATOMICCHARGES [&Type "ArrayOfDoubles", &Dim (24,1)] 
                                                         0

0                                     -9.9240993242901254e-02
1                                      7.3889435841369977e-03
2                                      9.0922899370562416e-03
3                                     -6.1188179919664520e-03
4                                     -6.4119511323792899e-02
5                                     -3.8447338781735851e-01
6                                     -3.8704283226275749e-01
7                                     -1.5396045942726033e-01
8                                      7.7322556284213029e-02
9                                     -6.5720734348910792e-03
10                                    -4.4328555621152788e-02
11                                     2.9332378080676458e-03
12                                    -6.0263480867968511e-02
13                                    -3.0765971860358121e-03
14                                     1.2876385055516137e-02
15                                    -5.2454485888092428e-02
16                                     8.3469099220645493e-04
17                                     4.5855457641466479e-02
18                                     1.2196252920653849e-02
19                                    -1.7137311358403018e-01
20                                     7.2410616058930732e-02
21                                    -4.3300222106743114e-02
22                                    -3.7786542331220119e-01
23                                    -3.8672047621506422e-01
$End
$Mayer_Population_Analysis
   &GeometryIndex 1
   &ListStatus       OUT
   &NATOMS [&Type "Integer"] 24 "Total number of atoms"
   &BONDTHRESH [&Type "Double"]       1.0000000000000001e-01  "The threshold for printing"
   &NBONDORDERSPRINT [&Type "Integer"] 26 "The number of bond orders larger than threshold"
   &BONDORDERS [&Type "ArrayOfDoubles", &Dim (26,1)] "The bond orders"
                                                         0

0                                      9.1222024526740253e-01
1                                      9.1198827981121100e-01
2                                      1.9654395319901443e+00
3                                      8.4182276816633317e-01
4                                      1.0340880353484549e+00
5                                      1.8730523752928250e+00
6                                      1.7813273875426709e+00
7                                      1.1984809859574010e-01
8                                      9.5105385020665789e-01
9                                      8.8819829871682465e-01
10                                     9.8537769687254395e-01
11                                     9.5889425359185054e-01
12                                     9.3240267961992207e-01
13                                     1.7745902574394692e+00
14                                     1.0960756104719249e+00
15                                     8.3837191121563559e-01
16                                     9.6322757002113890e-01
17                                     1.7722470801003465e+00
18                                     9.5538467593492071e-01
19                                     9.7173183036149613e-01
20                                     8.9886062174378212e-01
21                                     1.0222380765879626e+00
22                                     9.7745360133314241e-01
23                                     1.8563432338430288e+00
24                                     1.8587247041164352e+00
25                                     1.2084091786972428e-01
   &COMPONENTS [&Type "ArrayOfIntegers", &Dim (26,4)] "The indices and atomic numbers of the bonding atoms"
                                                         0                           1                           2                           3

0                                                        0                           6                           1                           1
1                                                        0                           6                           2                           1
2                                                        0                           6                           3                           6
3                                                        3                           6                           4                           6
4                                                        3                           6                           7                           8
5                                                        4                           6                           5                           8
6                                                        4                           6                           6                           8
7                                                        5                           8                           6                           8
8                                                        7                           8                           8                           6
9                                                        8                           6                           9                           1
10                                                       8                           6                          10                           6
11                                                       8                           6                          17                           6
12                                                      10                           6                          11                           1
13                                                      10                           6                          12                           6
14                                                      12                           6                          13                           6
15                                                      12                           6                          21                           6
16                                                      13                           6                          14                           1
17                                                      13                           6                          15                           6
18                                                      15                           6                          16                           1
19                                                      15                           6                          17                           6
20                                                      17                           6                          18                           1
21                                                      17                           6                          19                           8
22                                                      19                           8                          20                           1
23                                                      21                           6                          22                           8
24                                                      21                           6                          23                           8
25                                                      22                           8                          23                           8
   &ATNO [&Type "ArrayOfIntegers", &Dim (24,1)] "Atomic number of the elements"
                                                         0

0                                                        6
1                                                        1
2                                                        1
3                                                        6
4                                                        6
5                                                        8
6                                                        8
7                                                        8
8                                                        6
9                                                        1
10                                                       6
11                                                       1
12                                                       6
13                                                       6
14                                                       1
15                                                       6
16                                                       1
17                                                       6
18                                                       1
19                                                       8
20                                                       1
21                                                       6
22                                                       8
23                                                       8
   &NA [&Type "ArrayOfDoubles", &Dim (24,1)] "Mulliken gross atomic population"
                                                         0

0                                      5.9974936230621392e+00
1                                      1.0178170371908963e+00
2                                      1.0339912064349652e+00
3                                      5.9777136028470483e+00
4                                      5.9179968960400275e+00
5                                      8.4174126434746750e+00
6                                      8.4290758032831690e+00
7                                      8.3706205073381277e+00
8                                      5.7362147196428337e+00
9                                      1.0907287979022753e+00
10                                     6.0729727968769449e+00
11                                     1.0591658566409443e+00
12                                     6.0279723115347821e+00
13                                     5.9494976181104162e+00
14                                     1.0586549980055278e+00
15                                     6.0102104192681782e+00
16                                     1.0681499578788387e+00
17                                     5.8079485292339594e+00
18                                     1.0070902139924602e+00
19                                     8.3388038352591778e+00
20                                     8.5765139181724126e-01
21                                     5.9276066041700179e+00
22                                     8.4074123250263906e+00
23                                     8.4177983049690042e+00
   &ZA [&Type "ArrayOfDoubles", &Dim (24,1)] "Total nuclear charge"
                                                         0

0                                      6.0000000000000000e+00
1                                      1.0000000000000000e+00
2                                      1.0000000000000000e+00
3                                      6.0000000000000000e+00
4                                      6.0000000000000000e+00
5                                      8.0000000000000000e+00
6                                      8.0000000000000000e+00
7                                      8.0000000000000000e+00
8                                      6.0000000000000000e+00
9                                      1.0000000000000000e+00
10                                     6.0000000000000000e+00
11                                     1.0000000000000000e+00
12                                     6.0000000000000000e+00
13                                     6.0000000000000000e+00
14                                     1.0000000000000000e+00
15                                     6.0000000000000000e+00
16                                     1.0000000000000000e+00
17                                     6.0000000000000000e+00
18                                     1.0000000000000000e+00
19                                     8.0000000000000000e+00
20                                     1.0000000000000000e+00
21                                     6.0000000000000000e+00
22                                     8.0000000000000000e+00
23                                     8.0000000000000000e+00
   &QA [&Type "ArrayOfDoubles", &Dim (24,1)] "Mulliken gross atomic charge"
                                                         0

0                                      2.5063769378608214e-03
1                                     -1.7817037190896334e-02
2                                     -3.3991206434965227e-02
3                                      2.2286397152951665e-02
4                                      8.2003103959972456e-02
5                                     -4.1741264347467499e-01
6                                     -4.2907580328316897e-01
7                                     -3.7062050733812768e-01
8                                      2.6378528035716631e-01
9                                     -9.0728797902275282e-02
10                                    -7.2972796876944912e-02
11                                    -5.9165856640944314e-02
12                                    -2.7972311534782079e-02
13                                     5.0502381889583781e-02
14                                    -5.8654998005527759e-02
15                                    -1.0210419268178228e-02
16                                    -6.8149957878838707e-02
17                                     1.9205147076604057e-01
18                                    -7.0902139924602370e-03
19                                    -3.3880383525917779e-01
20                                     1.4234860818275874e-01
21                                     7.2393395829982055e-02
22                                    -4.0741232502639058e-01
23                                    -4.1779830496900416e-01
   &VA [&Type "ArrayOfDoubles", &Dim (24,1)] "Mayer's total valence"
                                                         0

0                                      3.8886608953345894e+00
1                                      1.0171017092745502e+00
2                                      1.0136415414380462e+00
3                                      3.9440678226287873e+00
4                                      4.4985538216245580e+00
5                                      2.0682123513891670e+00
6                                      2.0317494528860984e+00
7                                      2.0920817763609301e+00
8                                      3.8470418246096165e+00
9                                      9.9455777440102533e-01
10                                     3.8828785836502488e+00
11                                     1.0346981312504051e+00
12                                     3.7293770317204338e+00
13                                     3.9203917250343761e+00
14                                     1.0299408615086139e+00
15                                     3.8225050405262264e+00
16                                     9.8122599517849995e-01
17                                     3.8941132299237742e+00
18                                     1.0600586203123477e+00
19                                     2.0223739978786135e+00
20                                     1.0215647341216250e+00
21                                     4.5457689298391131e+00
22                                     2.0795104138169482e+00
23                                     2.0729355662540896e+00
   &BVA [&Type "ArrayOfDoubles", &Dim (24,1)] "Mayer's bonded valence"
                                                         0

0                                      3.8886608953345618e+00
1                                      1.0171017092745516e+00
2                                      1.0136415414380358e+00
3                                      3.9440678226288162e+00
4                                      4.4985538216245162e+00
5                                      2.0682123513892314e+00
6                                      2.0317494528861033e+00
7                                      2.0920817763609492e+00
8                                      3.8470418246096099e+00
9                                      9.9455777440101867e-01
10                                     3.8828785836502622e+00
11                                     1.0346981312504002e+00
12                                     3.7293770317205044e+00
13                                     3.9203917250343929e+00
14                                     1.0299408615086112e+00
15                                     3.8225050405262153e+00
16                                     9.8122599517850939e-01
17                                     3.8941132299237853e+00
18                                     1.0600586203123556e+00
19                                     2.0223739978785940e+00
20                                     1.0215647341216252e+00
21                                     4.5457689298391664e+00
22                                     2.0795104138169371e+00
23                                     2.0729355662540598e+00
   &FA [&Type "ArrayOfDoubles", &Dim (24,1)] "Mayer's free valence"
                                                         0

0                                      0.0000000000000000e+00
1                                      0.0000000000000000e+00
2                                      0.0000000000000000e+00
3                                      0.0000000000000000e+00
4                                      0.0000000000000000e+00
5                                      0.0000000000000000e+00
6                                      0.0000000000000000e+00
7                                      0.0000000000000000e+00
8                                      0.0000000000000000e+00
9                                      0.0000000000000000e+00
10                                     0.0000000000000000e+00
11                                     0.0000000000000000e+00
12                                     0.0000000000000000e+00
13                                     0.0000000000000000e+00
14                                     0.0000000000000000e+00
15                                     0.0000000000000000e+00
16                                     0.0000000000000000e+00
17                                     0.0000000000000000e+00
18                                     0.0000000000000000e+00
19                                     0.0000000000000000e+00
20                                     0.0000000000000000e+00
21                                     0.0000000000000000e+00
22                                     0.0000000000000000e+00
23                                     0.0000000000000000e+00
$End
$VdW_Correction
   &GeometryIndex 1
   &ListStatus       OUT
   &VDW [&Type "Double"]      -5.3267820213306658e-02
$End
$Calculation_Info
   &GeometryIndex 1
   &ListStatus       OUT
   &MULT [&Type "Integer"] 1
   &CHARGE [&Type "Integer"] -2
   &NUMOFATOMS [&Type "Integer"] 24
   &NUMOFELECTRONS [&Type "Integer"] 118
   &NUMOFFCELECTRONS [&Type "Integer"] 1
   &NUMOFCORRELECTRONS [&Type "Integer"] 0
   &NUMOFBASISFUNCTS [&Type "Integer"] 264
   &NUMOFAUXCBASISFUNCTS [&Type "Integer"] 0
   &NUMOFAUXJBASISFUNCTS [&Type "Integer"] 872
   &NUMOFAUXJKBASISFUNCTS [&Type "Integer"] 0
   &NUMOFCABSBASISFUNCTS [&Type "Integer"] 0
   &TOTALENERGY [&Type "Double"]      -8.3614101981538283e+02  "Hartrees"
$End
$SCF_Dipole_Moment
   &GeometryIndex 1
   &ListStatus       OUT
   &METHOD [&Type "String"] "SCF"
   &LEVEL [&Type "String"] "Relaxed density"
   &MULT [&Type "Integer"] 1
   &STATE [&Type "Integer"] -1
   &IRREP [&Type "Integer"] 0
   &NATOMS [&Type "Integer"] 24
   &DODIPOLEATOM [&Type "Boolean"] false
   &DIPOLEELECCONTRIB [&Type "ArrayOfDoubles", &Dim (3,1)] "Electronic contribution"
                                                         0

0                                      9.4763713870329347e-01
1                                     -1.8206533459664223e-01
2                                     -3.5533463393598391e-01
   &DIPOLENUCCONTRIB [&Type "ArrayOfDoubles", &Dim (3,1)] "Nuclear contribution"
                                                         0

0                                     -4.0299691833420042e+00
1                                     -1.1288253197883051e+00
2                                      5.5777177744818118e-01
   &DIPOLETOTAL [&Type "ArrayOfDoubles", &Dim (3,1)] "Total"
                                                         0

0                                     -3.0823320446387106e+00
1                                     -1.3108906543849475e+00
2                                      2.0243714351219727e-01
   &DIPOLEMAGNITUDE [&Type "Double", &Units "a.u."]       3.3556200527225708e+00
$End
