*************************************************
******************* ORCA 6.0.1 ******************
*************************************************
$Calculation_Status
   &GeometryIndex 1
   &ListStatus       OUT
   &VERSION [&Type "String"] "6.0.1"
   &PROGNAME [&Type "String"] "LeanSCF"
   &STATUS [&Type "String"] "NORMAL TERMINATION"
$End
$Geometry
   &GeometryIndex 1
   &ListStatus       OUT
   &NATOMS [&Type "Integer"] 24
   &NCORELESSECP [&Type "Integer"] 0
   &NGHOSTATOMS [&Type "Integer"] 0
   &CartesianCoordinates [&Type "Coordinates", &Dim(24,4), &Units "Bohr"] 
              C     84.477921233261   41.631182550669   75.235211411674
              H     85.416017578576   40.294044684591   73.990730043908
              H     85.337950935279   43.469592073779   75.558677594451
              C     82.626869915642   40.807363294629   76.915493268765
              C     81.585827186685   42.657268937791   78.921698138712
              O     82.621484216848   44.779872205493   79.178720604090
              O     79.765223613738   41.884983469513   80.233360601218
              O     81.603670345806   38.638985558114   76.724554343584
              C     78.967297698589   38.671368738278   73.531900521587
              H     78.500845568876   36.669738884020   73.714618449594
              C     80.789091145269   39.433935790417   71.823999752143
              H     81.951630890376   38.056242346899   70.822890739669
              C     81.460625866119   41.989824940947   71.691806926010
              C     79.797032203791   43.874438344309   72.844899137315
              H     80.284683745772   45.846693014372   72.521127008824
              C     77.779372871715   43.198173076912   74.222070266247
              H     76.577774122725   44.641457613826   75.083234171369
              C     77.052185982118   40.485678414769   74.638985048754
              H     76.958847614596   40.158341531529   76.689059846635
              O     74.662745499840   40.024069250486   73.500235758744
              H     73.475670803858   39.193182490198   74.752339642536
              C     83.291581125308   42.896796268515   69.651703395524
              O     85.000886822646   41.457167306212   68.868822576102
              O     82.929338405012   45.121551181791   68.880045028667
$End
$SCF_Energy
   &GeometryIndex 1
   &ListStatus       OUT
   &SCF_ENERGY [&Type "Double"]      -8.3605968961109409e+02
$End
$DFT_Energy
   &GeometryIndex 1
   &ListStatus       OUT
   &NALPHAEL [&Type "Integer"] 59
   &NBETAEL [&Type "Integer"] 59
   &NTOTALEL [&Type "Integer"] 118
   &EEXCHANGE [&Type "Double"]      -8.3082593090672617e+01
   &ECORR [&Type "Double"]      -4.8420845994397270e+00
   &ECNL [&Type "Double"]       0.0000000000000000e+00
   &EXC [&Type "Double"]      -8.7924677690112347e+01
   &EEMBED [&Type "Double"]       0.0000000000000000e+00
   &FINALEN [&Type "Double"]      -8.3605968961109409e+02  "No Van der Waals correction"
$End
$Mulliken_Population_Analysis
   &GeometryIndex 1
   &ListStatus       OUT
   &NATOMS [&Type "Integer"] 24
   &ATNO [&Type "ArrayOfIntegers", &Dim (24,1)] 
                                                         0

0                                                        6
1                                                        1
2                                                        1
3                                                        6
4                                                        6
5                                                        8
6                                                        8
7                                                        8
8                                                        6
9                                                        1
10                                                       6
11                                                       1
12                                                       6
13                                                       6
14                                                       1
15                                                       6
16                                                       1
17                                                       6
18                                                       1
19                                                       8
20                                                       1
21                                                       6
22                                                       8
23                                                       8
   &ATOMICCHARGES [&Type "ArrayOfDoubles", &Dim (24,1)] 
                                                         0

0                                      7.5674816436931636e-02
1                                     -3.0900223423679707e-02
2                                     -1.8750004966942235e-02
3                                     -4.5014614207506298e-02
4                                      7.1974482490708702e-02
5                                     -4.0825148069489892e-01
6                                     -4.1702612036539044e-01
7                                     -3.2048020952808187e-01
8                                      5.7653143397293327e-02
9                                     -7.7394427197209792e-02
10                                     2.3449284488536115e-02
11                                    -6.5540811885491879e-02
12                                    -1.1894579617212031e-01
13                                     7.6099344829434479e-02
14                                    -4.8797688625042523e-02
15                                    -3.0139240281123136e-02
16                                    -6.9693452702099146e-02
17                                     2.8129099434382177e-01
18                                    -3.3726661381323630e-03
19                                    -3.5117015828320319e-01
20                                     1.3918540306318339e-01
21                                     9.5448769980504444e-02
22                                    -4.0912504956453688e-01
23                                    -4.0617429499510038e-01
$End
$Loewdin_Population_Analysis
   &GeometryIndex 1
   &ListStatus       OUT
   &NATOMS [&Type "Integer"] 24
   &ATNO [&Type "ArrayOfIntegers", &Dim (24,1)] 
                                                         0

0                                                        6
1                                                        1
2                                                        1
3                                                        6
4                                                        6
5                                                        8
6                                                        8
7                                                        8
8                                                        6
9                                                        1
10                                                       6
11                                                       1
12                                                       6
13                                                       6
14                                                       1
15                                                       6
16                                                       1
17                                                       6
18                                                       1
19                                                       8
20                                                       1
21                                                       6
22                                                       8
23                                                       8
   &ATOMICCHARGES [&Type "ArrayOfDoubles", &Dim (24,1)] 
                                                         0

0                                     -5.3986346657405981e-02
1                                      3.4961058614092488e-03
2                                      9.4587805395924818e-03
3                                     -3.3284301193927668e-02
4                                     -6.9384509073634248e-02
5                                     -3.7983816613946964e-01
6                                     -3.8194904099087346e-01
7                                     -2.1091775621921016e-01
8                                      3.6864285052596202e-02
9                                     -3.0607989553375070e-03
10                                    -5.6369466885986874e-02
11                                     6.2865046012084980e-03
12                                    -3.0134033274311633e-03
13                                    -3.7019981108938893e-03
14                                     1.7050069166675730e-02
15                                    -4.7588468020989261e-02
16                                     2.5445530706906805e-03
17                                     4.6614942083178512e-02
18                                     1.4570477223354694e-02
19                                    -1.7978340766194378e-01
20                                     7.3728086893621425e-02
21                                    -3.9750461305915863e-02
22                                    -3.7716185193318630e-01
23                                    -3.7082382801623126e-01
$End
$Mayer_Population_Analysis
   &GeometryIndex 1
   &ListStatus       OUT
   &NATOMS [&Type "Integer"] 24 "Total number of atoms"
   &BONDTHRESH [&Type "Double"]       1.0000000000000001e-01  "The threshold for printing"
   &NBONDORDERSPRINT [&Type "Integer"] 28 "The number of bond orders larger than threshold"
   &BONDORDERS [&Type "ArrayOfDoubles", &Dim (28,1)] "The bond orders"
                                                         0

0                                      9.0676033906063946e-01
1                                      9.1941288133985688e-01
2                                      1.4263259357175004e+00
3                                      1.1886118483412028e-01
4                                      3.4626385886343541e-01
5                                      8.0942121245037824e-01
6                                      1.6473044300443063e+00
7                                      1.8635152398747437e+00
8                                      1.8151542449442184e+00
9                                      1.2457096420493585e-01
10                                     2.7679279374200239e-01
11                                     9.4092302746857415e-01
12                                     1.4898330886996038e+00
13                                     9.8697988186815500e-01
14                                     9.5662536618449001e-01
15                                     1.3376439304332655e+00
16                                     1.0763398414322112e+00
17                                     8.2988660153515281e-01
18                                     9.7096200731686011e-01
19                                     1.7583811346299443e+00
20                                     9.5481250516415661e-01
21                                     9.7881850482099853e-01
22                                     8.6433677606229431e-01
23                                     9.8731393348957375e-01
24                                     9.7163009363356867e-01
25                                     1.8519348088510625e+00
26                                     1.8541355114442946e+00
27                                     1.2003331995028571e-01
   &COMPONENTS [&Type "ArrayOfIntegers", &Dim (28,4)] "The indices and atomic numbers of the bonding atoms"
                                                         0                           1                           2                           3

0                                                        0                           6                           1                           1
1                                                        0                           6                           2                           1
2                                                        0                           6                           3                           6
3                                                        0                           6                           8                           6
4                                                        0                           6                          12                           6
5                                                        3                           6                           4                           6
6                                                        3                           6                           7                           8
7                                                        4                           6                           5                           8
8                                                        4                           6                           6                           8
9                                                        5                           8                           6                           8
10                                                       7                           8                           8                           6
11                                                       8                           6                           9                           1
12                                                       8                           6                          10                           6
13                                                       8                           6                          17                           6
14                                                      10                           6                          11                           1
15                                                      10                           6                          12                           6
16                                                      12                           6                          13                           6
17                                                      12                           6                          21                           6
18                                                      13                           6                          14                           1
19                                                      13                           6                          15                           6
20                                                      15                           6                          16                           1
21                                                      15                           6                          17                           6
22                                                      17                           6                          18                           1
23                                                      17                           6                          19                           8
24                                                      19                           8                          20                           1
25                                                      21                           6                          22                           8
26                                                      21                           6                          23                           8
27                                                      22                           8                          23                           8
   &ATNO [&Type "ArrayOfIntegers", &Dim (24,1)] "Atomic number of the elements"
                                                         0

0                                                        6
1                                                        1
2                                                        1
3                                                        6
4                                                        6
5                                                        8
6                                                        8
7                                                        8
8                                                        6
9                                                        1
10                                                       6
11                                                       1
12                                                       6
13                                                       6
14                                                       1
15                                                       6
16                                                       1
17                                                       6
18                                                       1
19                                                       8
20                                                       1
21                                                       6
22                                                       8
23                                                       8
   &NA [&Type "ArrayOfDoubles", &Dim (24,1)] "Mulliken gross atomic population"
                                                         0

0                                      5.9243251835630506e+00
1                                      1.0309002234236806e+00
2                                      1.0187500049669427e+00
3                                      6.0450146142075116e+00
4                                      5.9280255175092869e+00
5                                      8.4082514806948723e+00
6                                      8.4170261203653958e+00
7                                      8.3204802095280890e+00
8                                      5.9423468566027022e+00
9                                      1.0773944271972089e+00
10                                     5.9765507155114710e+00
11                                     1.0655408118854919e+00
12                                     6.1189457961721141e+00
13                                     5.9239006551705682e+00
14                                     1.0487976886250414e+00
15                                     6.0301392402811240e+00
16                                     1.0696934527020974e+00
17                                     5.7187090056561782e+00
18                                     1.0033726661381326e+00
19                                     8.3511701582832227e+00
20                                     8.6081459693681484e-01
21                                     5.9045512300195071e+00
22                                     8.4091250495645617e+00
23                                     8.4061742949951217e+00
   &ZA [&Type "ArrayOfDoubles", &Dim (24,1)] "Total nuclear charge"
                                                         0

0                                      6.0000000000000000e+00
1                                      1.0000000000000000e+00
2                                      1.0000000000000000e+00
3                                      6.0000000000000000e+00
4                                      6.0000000000000000e+00
5                                      8.0000000000000000e+00
6                                      8.0000000000000000e+00
7                                      8.0000000000000000e+00
8                                      6.0000000000000000e+00
9                                      1.0000000000000000e+00
10                                     6.0000000000000000e+00
11                                     1.0000000000000000e+00
12                                     6.0000000000000000e+00
13                                     6.0000000000000000e+00
14                                     1.0000000000000000e+00
15                                     6.0000000000000000e+00
16                                     1.0000000000000000e+00
17                                     6.0000000000000000e+00
18                                     1.0000000000000000e+00
19                                     8.0000000000000000e+00
20                                     1.0000000000000000e+00
21                                     6.0000000000000000e+00
22                                     8.0000000000000000e+00
23                                     8.0000000000000000e+00
   &QA [&Type "ArrayOfDoubles", &Dim (24,1)] "Mulliken gross atomic charge"
                                                         0

0                                      7.5674816436949399e-02
1                                     -3.0900223423680595e-02
2                                     -1.8750004966942679e-02
3                                     -4.5014614207511627e-02
4                                      7.1974482490713143e-02
5                                     -4.0825148069487227e-01
6                                     -4.1702612036539577e-01
7                                     -3.2048020952808898e-01
8                                      5.7653143397297768e-02
9                                     -7.7394427197208904e-02
10                                     2.3449284488529010e-02
11                                    -6.5540811885491879e-02
12                                    -1.1894579617211409e-01
13                                     7.6099344829431814e-02
14                                    -4.8797688625041413e-02
15                                    -3.0139240281124025e-02
16                                    -6.9693452702097369e-02
17                                     2.8129099434382177e-01
18                                    -3.3726661381325851e-03
19                                    -3.5117015828322273e-01
20                                     1.3918540306318516e-01
21                                     9.5448769980492898e-02
22                                    -4.0912504956456175e-01
23                                    -4.0617429499512170e-01
   &VA [&Type "ArrayOfDoubles", &Dim (24,1)] "Mayer's total valence"
                                                         0

0                                      3.8083482670989959e+00
1                                      1.0225822456221181e+00
2                                      1.0280452775856472e+00
3                                      4.0268317919042032e+00
4                                      4.4810667820375096e+00
5                                      2.0911424286887259e+00
6                                      2.0662355170963398e+00
7                                      2.1343722987932012e+00
8                                      3.9238235512191872e+00
9                                      9.8763251009915809e-01
10                                     3.9125435988914687e+00
11                                     1.0216865647861078e+00
12                                     3.7020635182285635e+00
13                                     3.9116505222737645e+00
14                                     1.0338132986748469e+00
15                                     3.8623375420385679e+00
16                                     9.8551622874221156e-01
17                                     3.8369631828710280e+00
18                                     1.0675604454664098e+00
19                                     1.9969622707470516e+00
20                                     1.0250377000824433e+00
21                                     4.5330169465874599e+00
22                                     2.0735012582434615e+00
23                                     2.0957629961995288e+00
   &BVA [&Type "ArrayOfDoubles", &Dim (24,1)] "Mayer's bonded valence"
                                                         0

0                                      3.8083482670990385e+00
1                                      1.0225822456221041e+00
2                                      1.0280452775856428e+00
3                                      4.0268317919041872e+00
4                                      4.4810667820375354e+00
5                                      2.0911424286887650e+00
6                                      2.0662355170962949e+00
7                                      2.1343722987931693e+00
8                                      3.9238235512192321e+00
9                                      9.8763251009916453e-01
10                                     3.9125435988914190e+00
11                                     1.0216865647860960e+00
12                                     3.7020635182286235e+00
13                                     3.9116505222738112e+00
14                                     1.0338132986748545e+00
15                                     3.8623375420386576e+00
16                                     9.8551622874222988e-01
17                                     3.8369631828711399e+00
18                                     1.0675604454664422e+00
19                                     1.9969622707470449e+00
20                                     1.0250377000824480e+00
21                                     4.5330169465874359e+00
22                                     2.0735012582434362e+00
23                                     2.0957629961994662e+00
   &FA [&Type "ArrayOfDoubles", &Dim (24,1)] "Mayer's free valence"
                                                         0

0                                      0.0000000000000000e+00
1                                      0.0000000000000000e+00
2                                      0.0000000000000000e+00
3                                      0.0000000000000000e+00
4                                      0.0000000000000000e+00
5                                      0.0000000000000000e+00
6                                      0.0000000000000000e+00
7                                      0.0000000000000000e+00
8                                      0.0000000000000000e+00
9                                      0.0000000000000000e+00
10                                     0.0000000000000000e+00
11                                     0.0000000000000000e+00
12                                     0.0000000000000000e+00
13                                     0.0000000000000000e+00
14                                     0.0000000000000000e+00
15                                     0.0000000000000000e+00
16                                     0.0000000000000000e+00
17                                     0.0000000000000000e+00
18                                     0.0000000000000000e+00
19                                     0.0000000000000000e+00
20                                     0.0000000000000000e+00
21                                     0.0000000000000000e+00
22                                     0.0000000000000000e+00
23                                     0.0000000000000000e+00
$End
$VdW_Correction
   &GeometryIndex 1
   &ListStatus       OUT
   &VDW [&Type "Double"]      -5.6385324734878478e-02
$End
$Calculation_Info
   &GeometryIndex 1
   &ListStatus       OUT
   &MULT [&Type "Integer"] 1
   &CHARGE [&Type "Integer"] -2
   &NUMOFATOMS [&Type "Integer"] 24
   &NUMOFELECTRONS [&Type "Integer"] 118
   &NUMOFFCELECTRONS [&Type "Integer"] 1
   &NUMOFCORRELECTRONS [&Type "Integer"] 0
   &NUMOFBASISFUNCTS [&Type "Integer"] 264
   &NUMOFAUXCBASISFUNCTS [&Type "Integer"] 0
   &NUMOFAUXJBASISFUNCTS [&Type "Integer"] 872
   &NUMOFAUXJKBASISFUNCTS [&Type "Integer"] 0
   &NUMOFCABSBASISFUNCTS [&Type "Integer"] 0
   &TOTALENERGY [&Type "Double"]      -8.3611607493582892e+02  "Hartrees"
$End
$SCF_Dipole_Moment
   &GeometryIndex 1
   &ListStatus       OUT
   &METHOD [&Type "String"] "SCF"
   &LEVEL [&Type "String"] "Relaxed density"
   &MULT [&Type "Integer"] 1
   &STATE [&Type "Integer"] -1
   &IRREP [&Type "Integer"] 0
   &NATOMS [&Type "Integer"] 24
   &DODIPOLEATOM [&Type "Boolean"] false
   &DIPOLEELECCONTRIB [&Type "ArrayOfDoubles", &Dim (3,1)] "Electronic contribution"
                                                         0

0                                      1.7592997159517332e+00
1                                      7.6409755582739192e-01
2                                      1.3350076994064203e-01
   &DIPOLENUCCONTRIB [&Type "ArrayOfDoubles", &Dim (3,1)] "Nuclear contribution"
                                                         0

0                                     -4.2381082370847878e+00
1                                     -2.7060500452263412e+00
2                                     -2.9026746099556533e-01
   &DIPOLETOTAL [&Type "ArrayOfDoubles", &Dim (3,1)] "Total"
                                                         0

0                                     -2.4788085211330548e+00
1                                     -1.9419524893989493e+00
2                                     -1.5676669105492330e-01
   &DIPOLEMAGNITUDE [&Type "Double", &Units "a.u."]       3.1528157178859866e+00
$End
