*************************************************
******************* ORCA 6.0.1 ******************
*************************************************
$Calculation_Status
   &GeometryIndex 1
   &ListStatus       OUT
   &VERSION [&Type "String"] "6.0.1"
   &PROGNAME [&Type "String"] "LeanSCF"
   &STATUS [&Type "String"] "NORMAL TERMINATION"
$End
$Geometry
   &GeometryIndex 1
   &ListStatus       OUT
   &NATOMS [&Type "Integer"] 24
   &NCORELESSECP [&Type "Integer"] 0
   &NGHOSTATOMS [&Type "Integer"] 0
   &CartesianCoordinates [&Type "Coordinates", &Dim(24,4), &Units "Bohr"] 
              C     77.289798877379   31.220165458513   76.456429652320
              H     79.122833227283   30.320655818766   76.101161139143
              H     77.544911905459   33.030523094810   77.433418063557
              C     75.762900161171   29.479727689172   78.089153032028
              C     74.226552814293   30.594666108185   80.300132608716
              O     75.207320677798   32.444707993294   81.382945683453
              O     72.195097220327   29.489176319841   80.829255926214
              O     75.762900161171   27.213946054600   77.699869448440
              C     73.013348636315   28.143691312489   72.847052736530
              H     72.614616422058   26.261524083104   72.108169818167
              C     75.307476162896   29.173592055476   72.633513683397
              H     76.864610497247   28.143691312489   71.751011578856
              C     75.965100857500   31.677479182922   73.827820600035
              C     73.618060999170   33.225164886603   74.302141859650
              H     73.907189097660   35.250951302167   74.585600779738
              C     71.327712924858   32.189594965215   74.532688447988
              H     69.702548449685   33.368784072781   75.012678886004
              C     70.830714951636   29.400359191547   74.181199387079
              H     70.645521790512   28.553761883550   76.089822782339
              O     68.568712769333   29.020524238629   72.799809583182
              H     67.402751744703   27.841335131062   73.699319222929
              C     77.919077679975   33.085325152693   72.140295162444
              O     80.128167530529   32.132903181197   72.060926664819
              O     77.297357781915   35.080875950114   71.065040992243
$End
$SCF_Energy
   &GeometryIndex 1
   &ListStatus       OUT
   &SCF_ENERGY [&Type "Double"]      -8.3612148930135720e+02
$End
$DFT_Energy
   &GeometryIndex 1
   &ListStatus       OUT
   &NALPHAEL [&Type "Integer"] 59
   &NBETAEL [&Type "Integer"] 59
   &NTOTALEL [&Type "Integer"] 117
   &EEXCHANGE [&Type "Double"]      -8.3145230252037962e+01
   &ECORR [&Type "Double"]      -4.8468089572815973e+00
   &ECNL [&Type "Double"]       0.0000000000000000e+00
   &EXC [&Type "Double"]      -8.7992039209319557e+01
   &EEMBED [&Type "Double"]       0.0000000000000000e+00
   &FINALEN [&Type "Double"]      -8.3612148930135720e+02  "No Van der Waals correction"
$End
$Mulliken_Population_Analysis
   &GeometryIndex 1
   &ListStatus       OUT
   &NATOMS [&Type "Integer"] 24
   &ATNO [&Type "ArrayOfIntegers", &Dim (24,1)] 
                                                         0

0                                                        6
1                                                        1
2                                                        1
3                                                        6
4                                                        6
5                                                        8
6                                                        8
7                                                        8
8                                                        6
9                                                        1
10                                                       6
11                                                       1
12                                                       6
13                                                       6
14                                                       1
15                                                       6
16                                                       1
17                                                       6
18                                                       1
19                                                       8
20                                                       1
21                                                       6
22                                                       8
23                                                       8
   &ATOMICCHARGES [&Type "ArrayOfDoubles", &Dim (24,1)] 
                                                         0

0                                      2.4813419499696643e-01
1                                     -3.7986368846072871e-02
2                                     -3.3749890672447602e-02
3                                     -4.8017163450201572e-02
4                                      8.2906009559021498e-02
5                                     -4.0429182889008963e-01
6                                     -4.1239667534151359e-01
7                                     -2.7051102122914372e-01
8                                     -6.9594451152661385e-02
9                                     -9.6160894288685350e-02
10                                     7.3530114115261114e-02
11                                    -5.6646799580762019e-02
12                                    -2.0619836705552963e-01
13                                     7.9038761894679510e-02
14                                    -5.1309189001514044e-02
15                                    -7.7075957995473843e-02
16                                    -8.2046082510708995e-02
17                                     2.9998601295686900e-01
18                                     1.2871993384848679e-02
19                                    -3.5523157035367880e-01
20                                     1.4320820461935257e-01
21                                     8.4855701717211574e-02
22                                    -4.4312861594999298e-01
23                                    -3.8018611692566218e-01
$End
$Loewdin_Population_Analysis
   &GeometryIndex 1
   &ListStatus       OUT
   &NATOMS [&Type "Integer"] 24
   &ATNO [&Type "ArrayOfIntegers", &Dim (24,1)] 
                                                         0

0                                                        6
1                                                        1
2                                                        1
3                                                        6
4                                                        6
5                                                        8
6                                                        8
7                                                        8
8                                                        6
9                                                        1
10                                                       6
11                                                       1
12                                                       6
13                                                       6
14                                                       1
15                                                       6
16                                                       1
17                                                       6
18                                                       1
19                                                       8
20                                                       1
21                                                       6
22                                                       8
23                                                       8
   &ATOMICCHARGES [&Type "ArrayOfDoubles", &Dim (24,1)] 
                                                         0

0                                     -3.2040103547508636e-02
1                                      1.4253993520327191e-02
2                                      1.4679746493463264e-02
3                                      3.5120309522258530e-02
4                                     -8.1464148983908302e-02
5                                     -3.5966449298785186e-01
6                                     -3.7164068201047762e-01
7                                     -1.9654100403356267e-01
8                                     -7.1059363547850474e-02
9                                     -9.8227887967170524e-03
10                                     5.0991018589101600e-03
11                                     9.4141717046788420e-03
12                                    -7.8795002153112748e-02
13                                     1.0886599994374357e-02
14                                     1.3063499244909349e-02
15                                    -7.1715187497113142e-02
16                                    -3.2571369207132772e-03
17                                     5.0146467488828783e-02
18                                     1.6552302898726334e-02
19                                    -1.7709007964712242e-01
20                                     7.2374649036196947e-02
21                                    -2.5176768690968743e-02
22                                    -4.0239596035837621e-01
23                                    -3.6092812258733531e-01
$End
$Mayer_Population_Analysis
   &GeometryIndex 1
   &ListStatus       OUT
   &NATOMS [&Type "Integer"] 24 "Total number of atoms"
   &BONDTHRESH [&Type "Double"]       1.0000000000000001e-01  "The threshold for printing"
   &NBONDORDERSPRINT [&Type "Integer"] 26 "The number of bond orders larger than threshold"
   &BONDORDERS [&Type "ArrayOfDoubles", &Dim (26,1)] "The bond orders"
                                                         0

0                                      8.7184640012285519e-01
1                                      9.0895411570143436e-01
2                                      9.7216124631858691e-01
3                                      1.0020671408660644e+00
4                                      8.2006601282822256e-01
5                                      2.0486014479879939e+00
6                                      1.8290217259052590e+00
7                                      1.8270732881095673e+00
8                                      1.3476977230086001e-01
9                                      9.5145191327912670e-01
10                                     1.8671151611064989e+00
11                                     9.7551423567358264e-01
12                                     9.6039039749926569e-01
13                                     9.8735229656438717e-01
14                                     9.6064587542403923e-01
15                                     7.7861737342620063e-01
16                                     9.6079746125261112e-01
17                                     1.8694339972937477e+00
18                                     9.5434954976339303e-01
19                                     9.7576244046243032e-01
20                                     8.5675944844953444e-01
21                                     9.8158638379595931e-01
22                                     9.7711690156367492e-01
23                                     1.8003229982648152e+00
24                                     1.9393651612649410e+00
25                                     1.1275635290582267e-01
   &COMPONENTS [&Type "ArrayOfIntegers", &Dim (26,4)] "The indices and atomic numbers of the bonding atoms"
                                                         0                           1                           2                           3

0                                                        0                           6                           1                           1
1                                                        0                           6                           2                           1
2                                                        0                           6                           3                           6
3                                                        0                           6                          12                           6
4                                                        3                           6                           4                           6
5                                                        3                           6                           7                           8
6                                                        4                           6                           5                           8
7                                                        4                           6                           6                           8
8                                                        5                           8                           6                           8
9                                                        8                           6                           9                           1
10                                                       8                           6                          10                           6
11                                                       8                           6                          17                           6
12                                                      10                           6                          11                           1
13                                                      10                           6                          12                           6
14                                                      12                           6                          13                           6
15                                                      12                           6                          21                           6
16                                                      13                           6                          14                           1
17                                                      13                           6                          15                           6
18                                                      15                           6                          16                           1
19                                                      15                           6                          17                           6
20                                                      17                           6                          18                           1
21                                                      17                           6                          19                           8
22                                                      19                           8                          20                           1
23                                                      21                           6                          22                           8
24                                                      21                           6                          23                           8
25                                                      22                           8                          23                           8
   &ATNO [&Type "ArrayOfIntegers", &Dim (24,1)] "Atomic number of the elements"
                                                         0

0                                                        6
1                                                        1
2                                                        1
3                                                        6
4                                                        6
5                                                        8
6                                                        8
7                                                        8
8                                                        6
9                                                        1
10                                                       6
11                                                       1
12                                                       6
13                                                       6
14                                                       1
15                                                       6
16                                                       1
17                                                       6
18                                                       1
19                                                       8
20                                                       1
21                                                       6
22                                                       8
23                                                       8
   &NA [&Type "ArrayOfDoubles", &Dim (24,1)] "Mulliken gross atomic population"
                                                         0

0                                      5.7518658050030318e+00
1                                      1.0379863688460733e+00
2                                      1.0337498906724467e+00
3                                      6.0480171634502007e+00
4                                      5.9170939904409794e+00
5                                      8.4042918288900914e+00
6                                      8.4123966753415136e+00
7                                      8.2705110212291348e+00
8                                      6.0695944511526605e+00
9                                      1.0961608942886851e+00
10                                     5.9264698858847371e+00
11                                     1.0566467995807614e+00
12                                     6.2061983670555358e+00
13                                     5.9209612381053214e+00
14                                     1.0513091890015143e+00
15                                     6.0770759579954756e+00
16                                     1.0820460825107083e+00
17                                     5.7000139870431310e+00
18                                     9.8712800661515132e-01
19                                     8.3552315703536770e+00
20                                     8.5679179538064731e-01
21                                     5.9151442982827902e+00
22                                     8.4431286159499965e+00
23                                     8.3801861169256622e+00
   &ZA [&Type "ArrayOfDoubles", &Dim (24,1)] "Total nuclear charge"
                                                         0

0                                      6.0000000000000000e+00
1                                      1.0000000000000000e+00
2                                      1.0000000000000000e+00
3                                      6.0000000000000000e+00
4                                      6.0000000000000000e+00
5                                      8.0000000000000000e+00
6                                      8.0000000000000000e+00
7                                      8.0000000000000000e+00
8                                      6.0000000000000000e+00
9                                      1.0000000000000000e+00
10                                     6.0000000000000000e+00
11                                     1.0000000000000000e+00
12                                     6.0000000000000000e+00
13                                     6.0000000000000000e+00
14                                     1.0000000000000000e+00
15                                     6.0000000000000000e+00
16                                     1.0000000000000000e+00
17                                     6.0000000000000000e+00
18                                     1.0000000000000000e+00
19                                     8.0000000000000000e+00
20                                     1.0000000000000000e+00
21                                     6.0000000000000000e+00
22                                     8.0000000000000000e+00
23                                     8.0000000000000000e+00
   &QA [&Type "ArrayOfDoubles", &Dim (24,1)] "Mulliken gross atomic charge"
                                                         0

0                                      2.4813419499696820e-01
1                                     -3.7986368846073315e-02
2                                     -3.3749890672446714e-02
3                                     -4.8017163450200684e-02
4                                      8.2906009559020610e-02
5                                     -4.0429182889009141e-01
6                                     -4.1239667534151359e-01
7                                     -2.7051102122913484e-01
8                                     -6.9594451152660497e-02
9                                     -9.6160894288685128e-02
10                                     7.3530114115262890e-02
11                                    -5.6646799580761353e-02
12                                    -2.0619836705553585e-01
13                                     7.9038761894678622e-02
14                                    -5.1309189001514266e-02
15                                    -7.7075957995475619e-02
16                                    -8.2046082510708329e-02
17                                     2.9998601295686900e-01
18                                     1.2871993384848679e-02
19                                    -3.5523157035367703e-01
20                                     1.4320820461935269e-01
21                                     8.4855701717209797e-02
22                                    -4.4312861594999653e-01
23                                    -3.8018611692566218e-01
   &VA [&Type "ArrayOfDoubles", &Dim (24,1)] "Mayer's total valence"
                                                         0

0                                      3.7539490193140912e+00
1                                      1.0589644053457066e+00
2                                      1.0380861032698265e+00
3                                      3.9694219794166772e+00
4                                      4.4803449304502827e+00
5                                      2.0808186473185937e+00
6                                      2.0729777172274626e+00
7                                      2.1860680239469854e+00
8                                      3.9169608363110813e+00
9                                      9.8351538501986047e-01
10                                     3.9166404666128960e+00
11                                     1.0169777425077120e+00
12                                     3.7072966127867053e+00
13                                     3.9051924505525291e+00
14                                     1.0152523647708993e+00
15                                     3.9083642811153521e+00
16                                     9.8517127333329035e-01
17                                     3.7847863374590136e+00
18                                     1.0529492671322975e+00
19                                     2.0001621570999086e+00
20                                     1.0209764217753059e+00
21                                     4.5482260641641883e+00
22                                     2.0362678436210500e+00
23                                     2.1184610804811475e+00
   &BVA [&Type "ArrayOfDoubles", &Dim (24,1)] "Mayer's bonded valence"
                                                         0

0                                      3.7539490193141236e+00
1                                      1.0589644053457072e+00
2                                      1.0380861032698350e+00
3                                      3.9694219794167034e+00
4                                      4.4803449304502854e+00
5                                      2.0808186473185817e+00
6                                      2.0729777172274595e+00
7                                      2.1860680239470174e+00
8                                      3.9169608363110759e+00
9                                      9.8351538501985680e-01
10                                     3.9166404666128720e+00
11                                     1.0169777425077071e+00
12                                     3.7072966127866658e+00
13                                     3.9051924505525588e+00
14                                     1.0152523647709164e+00
15                                     3.9083642811153609e+00
16                                     9.8517127333327537e-01
17                                     3.7847863374590052e+00
18                                     1.0529492671322993e+00
19                                     2.0001621570998527e+00
20                                     1.0209764217752988e+00
21                                     4.5482260641641483e+00
22                                     2.0362678436210349e+00
23                                     2.1184610804811133e+00
   &FA [&Type "ArrayOfDoubles", &Dim (24,1)] "Mayer's free valence"
                                                         0

0                                      0.0000000000000000e+00
1                                      0.0000000000000000e+00
2                                      0.0000000000000000e+00
3                                      0.0000000000000000e+00
4                                      0.0000000000000000e+00
5                                      0.0000000000000000e+00
6                                      0.0000000000000000e+00
7                                      0.0000000000000000e+00
8                                      0.0000000000000000e+00
9                                      0.0000000000000000e+00
10                                     0.0000000000000000e+00
11                                     0.0000000000000000e+00
12                                     0.0000000000000000e+00
13                                     0.0000000000000000e+00
14                                     0.0000000000000000e+00
15                                     0.0000000000000000e+00
16                                     0.0000000000000000e+00
17                                     0.0000000000000000e+00
18                                     0.0000000000000000e+00
19                                     0.0000000000000000e+00
20                                     0.0000000000000000e+00
21                                     0.0000000000000000e+00
22                                     0.0000000000000000e+00
23                                     0.0000000000000000e+00
$End
$VdW_Correction
   &GeometryIndex 1
   &ListStatus       OUT
   &VDW [&Type "Double"]      -5.4140226250497123e-02
$End
$Calculation_Info
   &GeometryIndex 1
   &ListStatus       OUT
   &MULT [&Type "Integer"] 1
   &CHARGE [&Type "Integer"] -2
   &NUMOFATOMS [&Type "Integer"] 24
   &NUMOFELECTRONS [&Type "Integer"] 118
   &NUMOFFCELECTRONS [&Type "Integer"] 1
   &NUMOFCORRELECTRONS [&Type "Integer"] 0
   &NUMOFBASISFUNCTS [&Type "Integer"] 264
   &NUMOFAUXCBASISFUNCTS [&Type "Integer"] 0
   &NUMOFAUXJBASISFUNCTS [&Type "Integer"] 872
   &NUMOFAUXJKBASISFUNCTS [&Type "Integer"] 0
   &NUMOFCABSBASISFUNCTS [&Type "Integer"] 0
   &TOTALENERGY [&Type "Double"]      -8.3617562952760773e+02  "Hartrees"
$End
$SCF_Dipole_Moment
   &GeometryIndex 1
   &ListStatus       OUT
   &METHOD [&Type "String"] "SCF"
   &LEVEL [&Type "String"] "Relaxed density"
   &MULT [&Type "Integer"] 1
   &STATE [&Type "Integer"] -1
   &IRREP [&Type "Integer"] 0
   &NATOMS [&Type "Integer"] 24
   &DODIPOLEATOM [&Type "Boolean"] false
   &DIPOLEELECCONTRIB [&Type "ArrayOfDoubles", &Dim (3,1)] "Electronic contribution"
                                                         0

0                                      2.4418268418146636e+00
1                                      3.9312355874362881e-01
2                                      2.1556575225239638e+00
   &DIPOLENUCCONTRIB [&Type "ArrayOfDoubles", &Dim (3,1)] "Nuclear contribution"
                                                         0

0                                     -4.5790560840374610e+00
1                                     -1.9392416321966621e+00
2                                     -3.0200597075242683e+00
   &DIPOLETOTAL [&Type "ArrayOfDoubles", &Dim (3,1)] "Total"
                                                         0

0                                     -2.1372292422227974e+00
1                                     -1.5461180734530333e+00
2                                     -8.6440218500030452e-01
   &DIPOLEMAGNITUDE [&Type "Double", &Units "a.u."]       2.7758640219404933e+00
$End
