*************************************************
******************* ORCA 6.0.1 ******************
*************************************************
$Calculation_Status
   &GeometryIndex 1
   &ListStatus       OUT
   &VERSION [&Type "String"] "6.0.1"
   &PROGNAME [&Type "String"] "LeanSCF"
   &STATUS [&Type "String"] "NORMAL TERMINATION"
$End
$Geometry
   &GeometryIndex 1
   &ListStatus       OUT
   &NATOMS [&Type "Integer"] 24
   &NCORELESSECP [&Type "Integer"] 0
   &NGHOSTATOMS [&Type "Integer"] 0
   &CartesianCoordinates [&Type "Coordinates", &Dim(24,4), &Units "Bohr"] 
              C     76.778624398246   28.316500390193   84.179310842252
              H     78.205923672076   27.417107680279   83.012201962850
              H     77.097319300793   30.246819546887   84.814946138612
              C     74.829630593081   26.900388109813   85.213515387428
              C     73.032497603312   28.093561061614   87.162052197735
              O     73.556168700066   30.278914056480   87.919484467753
              O     71.190295108051   26.798340227910   87.911978709199
              O     74.335732052952   24.648588827580   84.462951415383
              C     72.251897329041   24.874343085883   80.896287537223
              H     72.043753320392   22.827410646639   80.736557984344
              C     74.224104740843   26.088352431714   79.670738695869
              H     75.724586748472   25.020199751561   78.750426680972
              C     74.519290374630   28.693170868722   79.921168779431
              C     72.456348217302   30.201268658679   80.976753201043
              H     72.728762652978   32.242494323657   81.029537037690
              C     70.337212599326   29.104426895903   81.843363667938
              H     68.820476362474   30.239866430980   82.658894317103
              C     69.909484659322   26.297679140455   81.714200186947
              H     69.359540250768   25.637906850483   83.606874750230
              O     67.976073949468   25.767356269052   79.912695369642
              H     66.490925706575   24.927616926939   80.755062408324
              C     76.611689233099   30.029962802693   78.440925907679
              O     78.303226063041   28.715037314427   77.396658408804
              O     76.431515726044   32.381207711003   78.267603432920
$End
$SCF_Energy
   &GeometryIndex 1
   &ListStatus       OUT
   &SCF_ENERGY [&Type "Double"]      -8.3605834201561709e+02
$End
$DFT_Energy
   &GeometryIndex 1
   &ListStatus       OUT
   &NALPHAEL [&Type "Integer"] 59
   &NBETAEL [&Type "Integer"] 59
   &NTOTALEL [&Type "Integer"] 118
   &EEXCHANGE [&Type "Double"]      -8.3081044333661737e+01
   &ECORR [&Type "Double"]      -4.8412017527486855e+00
   &ECNL [&Type "Double"]       0.0000000000000000e+00
   &EXC [&Type "Double"]      -8.7922246086410425e+01
   &EEMBED [&Type "Double"]       0.0000000000000000e+00
   &FINALEN [&Type "Double"]      -8.3605834201561709e+02  "No Van der Waals correction"
$End
$Mulliken_Population_Analysis
   &GeometryIndex 1
   &ListStatus       OUT
   &NATOMS [&Type "Integer"] 24
   &ATNO [&Type "ArrayOfIntegers", &Dim (24,1)] 
                                                         0

0                                                        6
1                                                        1
2                                                        1
3                                                        6
4                                                        6
5                                                        8
6                                                        8
7                                                        8
8                                                        6
9                                                        1
10                                                       6
11                                                       1
12                                                       6
13                                                       6
14                                                       1
15                                                       6
16                                                       1
17                                                       6
18                                                       1
19                                                       8
20                                                       1
21                                                       6
22                                                       8
23                                                       8
   &ATOMICCHARGES [&Type "ArrayOfDoubles", &Dim (24,1)] 
                                                         0

0                                      6.9211429782737532e-02
1                                     -3.2271661335760538e-02
2                                     -1.4608295343044864e-02
3                                     -3.9475521227426036e-02
4                                      6.9804132238443728e-02
5                                     -4.0656399628102058e-01
6                                     -4.1686920382718995e-01
7                                     -3.2644236895476197e-01
8                                      7.8732630504903867e-02
9                                     -7.1247229184040251e-02
10                                     1.9909371461324987e-02
11                                    -6.4183940613676826e-02
12                                    -1.1258693055058355e-01
13                                     6.5515444451259341e-02
14                                    -5.0070697636536377e-02
15                                    -2.1381806200244213e-02
16                                    -7.0143957259814149e-02
17                                     2.6463853620251765e-01
18                                    -5.0141152072842310e-03
19                                    -3.4822888032739563e-01
20                                     1.3662638565797225e-01
21                                     8.7690317860747768e-02
22                                    -4.1855701601356010e-01
23                                    -3.9448262819764857e-01
$End
$Loewdin_Population_Analysis
   &GeometryIndex 1
   &ListStatus       OUT
   &NATOMS [&Type "Integer"] 24
   &ATNO [&Type "ArrayOfIntegers", &Dim (24,1)] 
                                                         0

0                                                        6
1                                                        1
2                                                        1
3                                                        6
4                                                        6
5                                                        8
6                                                        8
7                                                        8
8                                                        6
9                                                        1
10                                                       6
11                                                       1
12                                                       6
13                                                       6
14                                                       1
15                                                       6
16                                                       1
17                                                       6
18                                                       1
19                                                       8
20                                                       1
21                                                       6
22                                                       8
23                                                       8
   &ATOMICCHARGES [&Type "ArrayOfDoubles", &Dim (24,1)] 
                                                         0

0                                     -5.7550904283233173e-02
1                                      3.7823976871126375e-03
2                                      1.0468367950006385e-02
3                                     -3.3367050703713375e-02
4                                     -7.0629144144321643e-02
5                                     -3.7558178446170665e-01
6                                     -3.8313982233494492e-01
7                                     -2.1241029372026254e-01
8                                      4.8513071859273005e-02
9                                     -5.9007289678136843e-04
10                                    -5.1162337858372098e-02
11                                     7.3117886394176157e-03
12                                    -6.3864980023220497e-03
13                                    -5.7833762828396473e-03
14                                     1.5917358516711388e-02
15                                    -5.0589451128535856e-02
16                                     1.4536231834173519e-03
17                                     4.9072152014034032e-02
18                                     1.4301464549331233e-02
19                                    -1.7720915220955469e-01
20                                     7.0237598636297527e-02
21                                    -4.2602105726593287e-02
22                                    -3.8884116672508107e-01
23                                    -3.6521466255740087e-01
$End
$Mayer_Population_Analysis
   &GeometryIndex 1
   &ListStatus       OUT
   &NATOMS [&Type "Integer"] 24 "Total number of atoms"
   &BONDTHRESH [&Type "Double"]       1.0000000000000001e-01  "The threshold for printing"
   &NBONDORDERSPRINT [&Type "Integer"] 28 "The number of bond orders larger than threshold"
   &BONDORDERS [&Type "ArrayOfDoubles", &Dim (28,1)] "The bond orders"
                                                         0

0                                      9.0701676697922340e-01
1                                      9.2016300379910776e-01
2                                      1.4777114304604986e+00
3                                      1.2694840507073227e-01
4                                      2.9654313554636064e-01
5                                      8.1344941037005136e-01
6                                      1.6048569016951086e+00
7                                      1.8658680806828021e+00
8                                      1.8198990668789823e+00
9                                      1.2434815975376903e-01
10                                     3.0108877949517632e-01
11                                     9.4207640316407615e-01
12                                     1.4302238915556029e+00
13                                     9.9317634476676719e-01
14                                     9.5345330581018684e-01
15                                     1.3813588568353021e+00
16                                     1.0852075303785045e+00
17                                     8.3141529815953374e-01
18                                     9.6861928051858104e-01
19                                     1.7568301097298238e+00
20                                     9.5468807600160632e-01
21                                     9.7815205777593028e-01
22                                     8.6995777463839563e-01
23                                     9.8586799613132348e-01
24                                     9.7321377149045962e-01
25                                     1.8495394651326886e+00
26                                     1.8819882100944187e+00
27                                     1.2368436987541484e-01
   &COMPONENTS [&Type "ArrayOfIntegers", &Dim (28,4)] "The indices and atomic numbers of the bonding atoms"
                                                         0                           1                           2                           3

0                                                        0                           6                           1                           1
1                                                        0                           6                           2                           1
2                                                        0                           6                           3                           6
3                                                        0                           6                           8                           6
4                                                        0                           6                          12                           6
5                                                        3                           6                           4                           6
6                                                        3                           6                           7                           8
7                                                        4                           6                           5                           8
8                                                        4                           6                           6                           8
9                                                        5                           8                           6                           8
10                                                       7                           8                           8                           6
11                                                       8                           6                           9                           1
12                                                       8                           6                          10                           6
13                                                       8                           6                          17                           6
14                                                      10                           6                          11                           1
15                                                      10                           6                          12                           6
16                                                      12                           6                          13                           6
17                                                      12                           6                          21                           6
18                                                      13                           6                          14                           1
19                                                      13                           6                          15                           6
20                                                      15                           6                          16                           1
21                                                      15                           6                          17                           6
22                                                      17                           6                          18                           1
23                                                      17                           6                          19                           8
24                                                      19                           8                          20                           1
25                                                      21                           6                          22                           8
26                                                      21                           6                          23                           8
27                                                      22                           8                          23                           8
   &ATNO [&Type "ArrayOfIntegers", &Dim (24,1)] "Atomic number of the elements"
                                                         0

0                                                        6
1                                                        1
2                                                        1
3                                                        6
4                                                        6
5                                                        8
6                                                        8
7                                                        8
8                                                        6
9                                                        1
10                                                       6
11                                                       1
12                                                       6
13                                                       6
14                                                       1
15                                                       6
16                                                       1
17                                                       6
18                                                       1
19                                                       8
20                                                       1
21                                                       6
22                                                       8
23                                                       8
   &NA [&Type "ArrayOfDoubles", &Dim (24,1)] "Mulliken gross atomic population"
                                                         0

0                                      5.9307885702172589e+00
1                                      1.0322716613357585e+00
2                                      1.0146082953430462e+00
3                                      6.0394755212273985e+00
4                                      5.9301958677615483e+00
5                                      8.4065639962810454e+00
6                                      8.4168692038271828e+00
7                                      8.3264423689547922e+00
8                                      5.9212673694950988e+00
9                                      1.0712472291840394e+00
10                                     5.9800906285386555e+00
11                                     1.0641839406136748e+00
12                                     6.1125869305505915e+00
13                                     5.9344845555487415e+00
14                                     1.0500706976365366e+00
15                                     6.0213818062002407e+00
16                                     1.0701439572598159e+00
17                                     5.7353614637974566e+00
18                                     1.0050141152072856e+00
19                                     8.3482288803273690e+00
20                                     8.6337361434202653e-01
21                                     5.9123096821392584e+00
22                                     8.4185570160135708e+00
23                                     8.3944826281976610e+00
   &ZA [&Type "ArrayOfDoubles", &Dim (24,1)] "Total nuclear charge"
                                                         0

0                                      6.0000000000000000e+00
1                                      1.0000000000000000e+00
2                                      1.0000000000000000e+00
3                                      6.0000000000000000e+00
4                                      6.0000000000000000e+00
5                                      8.0000000000000000e+00
6                                      8.0000000000000000e+00
7                                      8.0000000000000000e+00
8                                      6.0000000000000000e+00
9                                      1.0000000000000000e+00
10                                     6.0000000000000000e+00
11                                     1.0000000000000000e+00
12                                     6.0000000000000000e+00
13                                     6.0000000000000000e+00
14                                     1.0000000000000000e+00
15                                     6.0000000000000000e+00
16                                     1.0000000000000000e+00
17                                     6.0000000000000000e+00
18                                     1.0000000000000000e+00
19                                     8.0000000000000000e+00
20                                     1.0000000000000000e+00
21                                     6.0000000000000000e+00
22                                     8.0000000000000000e+00
23                                     8.0000000000000000e+00
   &QA [&Type "ArrayOfDoubles", &Dim (24,1)] "Mulliken gross atomic charge"
                                                         0

0                                      6.9211429782741085e-02
1                                     -3.2271661335758539e-02
2                                     -1.4608295343046196e-02
3                                     -3.9475521227398502e-02
4                                      6.9804132238451722e-02
5                                     -4.0656399628104545e-01
6                                     -4.1686920382718284e-01
7                                     -3.2644236895479217e-01
8                                      7.8732630504901202e-02
9                                     -7.1247229184039362e-02
10                                     1.9909371461344527e-02
11                                    -6.4183940613674828e-02
12                                    -1.1258693055059155e-01
13                                     6.5515444451258453e-02
14                                    -5.0070697636536599e-02
15                                    -2.1381806200240661e-02
16                                    -7.0143957259815926e-02
17                                     2.6463853620254341e-01
18                                    -5.0141152072855633e-03
19                                    -3.4822888032736898e-01
20                                     1.3662638565797347e-01
21                                     8.7690317860741551e-02
22                                    -4.1855701601357076e-01
23                                    -3.9448262819766100e-01
   &VA [&Type "ArrayOfDoubles", &Dim (24,1)] "Mayer's total valence"
                                                         0

0                                      3.8246432683329723e+00
1                                      1.0095566089175882e+00
2                                      1.0271361273644746e+00
3                                      4.0290592257225475e+00
4                                      4.4928683660811819e+00
5                                      2.0931303211557140e+00
6                                      2.0664962797735873e+00
7                                      2.1249393688655882e+00
8                                      3.8927925684429385e+00
9                                      9.8872650648785765e-01
10                                     3.8988307907100741e+00
11                                     1.0348636384727570e+00
12                                     3.6972346353742482e+00
13                                     3.9143124499170576e+00
14                                     1.0343178737702596e+00
15                                     3.8536241521911858e+00
16                                     9.8454134392888781e-01
17                                     3.8555790300294919e+00
18                                     1.0626402643591575e+00
19                                     1.9970786912300782e+00
20                                     1.0282291852404730e+00
21                                     4.5541398777313766e+00
22                                     2.0742262549631936e+00
23                                     2.1043590583928040e+00
   &BVA [&Type "ArrayOfDoubles", &Dim (24,1)] "Mayer's bonded valence"
                                                         0

0                                      3.8246432683329648e+00
1                                      1.0095566089175807e+00
2                                      1.0271361273644621e+00
3                                      4.0290592257226177e+00
4                                      4.4928683660812219e+00
5                                      2.0931303211556878e+00
6                                      2.0664962797736188e+00
7                                      2.1249393688655349e+00
8                                      3.8927925684429643e+00
9                                      9.8872650648786187e-01
10                                     3.8988307907100785e+00
11                                     1.0348636384727579e+00
12                                     3.6972346353742234e+00
13                                     3.9143124499170945e+00
14                                     1.0343178737702743e+00
15                                     3.8536241521912182e+00
16                                     9.8454134392889403e-01
17                                     3.8555790300295341e+00
18                                     1.0626402643591559e+00
19                                     1.9970786912301390e+00
20                                     1.0282291852404730e+00
21                                     4.5541398777313731e+00
22                                     2.0742262549631927e+00
23                                     2.1043590583928000e+00
   &FA [&Type "ArrayOfDoubles", &Dim (24,1)] "Mayer's free valence"
                                                         0

0                                      0.0000000000000000e+00
1                                      0.0000000000000000e+00
2                                      0.0000000000000000e+00
3                                      0.0000000000000000e+00
4                                      0.0000000000000000e+00
5                                      0.0000000000000000e+00
6                                      0.0000000000000000e+00
7                                      0.0000000000000000e+00
8                                      0.0000000000000000e+00
9                                      0.0000000000000000e+00
10                                     0.0000000000000000e+00
11                                     0.0000000000000000e+00
12                                     0.0000000000000000e+00
13                                     0.0000000000000000e+00
14                                     0.0000000000000000e+00
15                                     0.0000000000000000e+00
16                                     0.0000000000000000e+00
17                                     0.0000000000000000e+00
18                                     0.0000000000000000e+00
19                                     0.0000000000000000e+00
20                                     0.0000000000000000e+00
21                                     0.0000000000000000e+00
22                                     0.0000000000000000e+00
23                                     0.0000000000000000e+00
$End
$VdW_Correction
   &GeometryIndex 1
   &ListStatus       OUT
   &VDW [&Type "Double"]      -5.6074215916475587e-02
$End
$Calculation_Info
   &GeometryIndex 1
   &ListStatus       OUT
   &MULT [&Type "Integer"] 1
   &CHARGE [&Type "Integer"] -2
   &NUMOFATOMS [&Type "Integer"] 24
   &NUMOFELECTRONS [&Type "Integer"] 118
   &NUMOFFCELECTRONS [&Type "Integer"] 1
   &NUMOFCORRELECTRONS [&Type "Integer"] 0
   &NUMOFBASISFUNCTS [&Type "Integer"] 264
   &NUMOFAUXCBASISFUNCTS [&Type "Integer"] 0
   &NUMOFAUXJBASISFUNCTS [&Type "Integer"] 872
   &NUMOFAUXJKBASISFUNCTS [&Type "Integer"] 0
   &NUMOFCABSBASISFUNCTS [&Type "Integer"] 0
   &TOTALENERGY [&Type "Double"]      -8.3611441623153360e+02  "Hartrees"
$End
$SCF_Dipole_Moment
   &GeometryIndex 1
   &ListStatus       OUT
   &METHOD [&Type "String"] "SCF"
   &LEVEL [&Type "String"] "Relaxed density"
   &MULT [&Type "Integer"] 1
   &STATE [&Type "Integer"] -1
   &IRREP [&Type "Integer"] 0
   &NATOMS [&Type "Integer"] 24
   &DODIPOLEATOM [&Type "Boolean"] false
   &DIPOLEELECCONTRIB [&Type "ArrayOfDoubles", &Dim (3,1)] "Electronic contribution"
                                                         0

0                                      1.6057487914946551e+00
1                                      5.5917692683578857e-01
2                                      5.4869299343478350e-01
   &DIPOLENUCCONTRIB [&Type "ArrayOfDoubles", &Dim (3,1)] "Nuclear contribution"
                                                         0

0                                     -3.8123115504843099e+00
1                                     -2.4656485026095041e+00
2                                     -1.3880240332668734e+00
   &DIPOLETOTAL [&Type "ArrayOfDoubles", &Dim (3,1)] "Total"
                                                         0

0                                     -2.2065627589896550e+00
1                                     -1.9064715757737156e+00
2                                     -8.3933103983208990e-01
   &DIPOLEMAGNITUDE [&Type "Double", &Units "a.u."]       3.0344735413278481e+00
$End
