*************************************************
******************* ORCA 6.0.1 ******************
*************************************************
$Calculation_Status
   &GeometryIndex 1
   &ListStatus       OUT
   &VERSION [&Type "String"] "6.0.1"
   &PROGNAME [&Type "String"] "LeanSCF"
   &STATUS [&Type "String"] "NORMAL TERMINATION"
$End
$Geometry
   &GeometryIndex 1
   &ListStatus       OUT
   &NATOMS [&Type "Integer"] 24
   &NCORELESSECP [&Type "Integer"] 0
   &NGHOSTATOMS [&Type "Integer"] 0
   &CartesianCoordinates [&Type "Coordinates", &Dim(24,4), &Units "Bohr"] 
              C     77.885062609564   30.698601045551   77.558139988396
              H     79.058582538729   30.086329778160   75.993446749509
              H     78.491664698553   32.280301819643   78.729770191427
              C     75.689200841948   29.595000983341   78.145844816046
              C     74.113169246258   30.554981859373   80.354934666599
              O     74.988112446263   32.372898400205   81.573808022979
              O     72.042029403480   29.440043440359   80.768784689928
              O     74.740558322719   27.555986484840   76.823036522301
              C     73.527354144742   27.983064591106   74.349385012998
              H     73.062481515797   26.070661743578   73.689870592259
              C     75.468102884279   29.234063291762   72.720441085558
              H     77.070590645844   28.098337885275   72.085493104560
              C     75.555030286439   31.771965489618   72.542806828969
              C     73.449875373251   33.295084753559   73.521684966340
              H     73.659634974116   35.345437608863   73.410191124439
              C     71.378735530474   32.242507296964   74.549695983193
              H     69.861285444935   33.440593665870   75.277240544753
              C     71.004569755957   29.421146179020   74.693315169371
              H     70.354503965888   28.941155741004   76.611387195301
              O     69.194212119661   28.661476273184   72.862170545602
              H     67.848727112309   27.608898816589   73.669083604786
              C     77.860496169823   33.160914198050   71.562038965464
              O     80.028012045431   32.170697703875   71.894630765034
              O     77.512786561182   35.290635550979   70.609616993968
$End
$SCF_Energy
   &GeometryIndex 1
   &ListStatus       OUT
   &SCF_ENERGY [&Type "Double"]      -8.3608750403861302e+02
$End
$DFT_Energy
   &GeometryIndex 1
   &ListStatus       OUT
   &NALPHAEL [&Type "Integer"] 59
   &NBETAEL [&Type "Integer"] 59
   &NTOTALEL [&Type "Integer"] 118
   &EEXCHANGE [&Type "Double"]      -8.3130023872222026e+01
   &ECORR [&Type "Double"]      -4.8478551910689580e+00
   &ECNL [&Type "Double"]       0.0000000000000000e+00
   &EXC [&Type "Double"]      -8.7977879063290985e+01
   &EEMBED [&Type "Double"]       0.0000000000000000e+00
   &FINALEN [&Type "Double"]      -8.3608750403861302e+02  "No Van der Waals correction"
$End
$Mulliken_Population_Analysis
   &GeometryIndex 1
   &ListStatus       OUT
   &NATOMS [&Type "Integer"] 24
   &ATNO [&Type "ArrayOfIntegers", &Dim (24,1)] 
                                                         0

0                                                        6
1                                                        1
2                                                        1
3                                                        6
4                                                        6
5                                                        8
6                                                        8
7                                                        8
8                                                        6
9                                                        1
10                                                       6
11                                                       1
12                                                       6
13                                                       6
14                                                       1
15                                                       6
16                                                       1
17                                                       6
18                                                       1
19                                                       8
20                                                       1
21                                                       6
22                                                       8
23                                                       8
   &ATOMICCHARGES [&Type "ArrayOfDoubles", &Dim (24,1)] 
                                                         0

0                                      1.9503931851141409e-02
1                                     -1.3422718136760547e-02
2                                     -3.2819028974321318e-02
3                                     -1.6546903407300029e-02
4                                      8.5558691925237795e-02
5                                     -4.0047220528454197e-01
6                                     -4.2859295255582452e-01
7                                     -3.7301380191773426e-01
8                                      2.4875131527119443e-01
9                                     -9.1738878532809043e-02
10                                    -7.3413356386174300e-02
11                                    -6.0275002507965025e-02
12                                    -1.3927604522537607e-02
13                                     5.2602929757127548e-02
14                                    -5.9570476153959051e-02
15                                    -2.6641515687645168e-02
16                                    -7.2611446623512155e-02
17                                     2.1182307190215610e-01
18                                    -8.8229245882531782e-03
19                                    -3.3986914458772155e-01
20                                     1.4395870277117062e-01
21                                     7.9133651786404968e-02
22                                    -4.2207728718857140e-01
23                                    -4.0751704820890033e-01
$End
$Loewdin_Population_Analysis
   &GeometryIndex 1
   &ListStatus       OUT
   &NATOMS [&Type "Integer"] 24
   &ATNO [&Type "ArrayOfIntegers", &Dim (24,1)] 
                                                         0

0                                                        6
1                                                        1
2                                                        1
3                                                        6
4                                                        6
5                                                        8
6                                                        8
7                                                        8
8                                                        6
9                                                        1
10                                                       6
11                                                       1
12                                                       6
13                                                       6
14                                                       1
15                                                       6
16                                                       1
17                                                       6
18                                                       1
19                                                       8
20                                                       1
21                                                       6
22                                                       8
23                                                       8
   &ATOMICCHARGES [&Type "ArrayOfDoubles", &Dim (24,1)] 
                                                         0

0                                     -8.3954994549670481e-02
1                                      5.4923745272104085e-03
2                                      9.8018329000222337e-03
3                                     -2.3943064508948453e-02
4                                     -5.8804146130931656e-02
5                                     -3.7285548996530160e-01
6                                     -3.9463090844422766e-01
7                                     -1.5825061930342876e-01
8                                      8.0680181530217610e-02
9                                     -7.8847106318249427e-03
10                                    -5.5514014477933138e-02
11                                     2.3709065274677421e-03
12                                    -5.1522924149240978e-02
13                                    -5.3621914425177053e-03
14                                     1.2900921282966937e-02
15                                    -5.3930143943103914e-02
16                                    -1.5789229969045415e-03
17                                     4.3619327820735521e-02
18                                     1.1204967651457287e-02
19                                    -1.7196734798315916e-01
20                                     7.3059594681040951e-02
21                                    -3.9279111054034033e-02
22                                    -3.8993016917545553e-01
23                                    -3.6972134816450009e-01
$End
$Mayer_Population_Analysis
   &GeometryIndex 1
   &ListStatus       OUT
   &NATOMS [&Type "Integer"] 24 "Total number of atoms"
   &BONDTHRESH [&Type "Double"]       1.0000000000000001e-01  "The threshold for printing"
   &NBONDORDERSPRINT [&Type "Integer"] 27 "The number of bond orders larger than threshold"
   &BONDORDERS [&Type "ArrayOfDoubles", &Dim (27,1)] "The bond orders"
                                                         0

0                                      9.0417366293966583e-01
1                                      9.0311458286745550e-01
2                                      1.9441503374917837e+00
3                                      8.3760505946604769e-01
4                                      1.0241917564014587e+00
5                                      1.8930045517571428e+00
6                                      1.7785725079509964e+00
7                                      1.2335703084375402e-01
8                                      1.2213128057249169e-01
9                                      9.5179829134120608e-01
10                                     8.8934132492592699e-01
11                                     1.0077730640371194e+00
12                                     9.5698709248979585e-01
13                                     9.3615581127448744e-01
14                                     1.7727094435258546e+00
15                                     1.0978247893957600e+00
16                                     8.4269265607691091e-01
17                                     9.6403243839824637e-01
18                                     1.7842792562968972e+00
19                                     9.5317206156609813e-01
20                                     9.6293993878000461e-01
21                                     8.8252328017707615e-01
22                                     1.0233433315500704e+00
23                                     9.7784332349872549e-01
24                                     1.8133989506275707e+00
25                                     1.8549051947245885e+00
26                                     1.2022164068119581e-01
   &COMPONENTS [&Type "ArrayOfIntegers", &Dim (27,4)] "The indices and atomic numbers of the bonding atoms"
                                                         0                           1                           2                           3

0                                                        0                           6                           1                           1
1                                                        0                           6                           2                           1
2                                                        0                           6                           3                           6
3                                                        3                           6                           4                           6
4                                                        3                           6                           7                           8
5                                                        4                           6                           5                           8
6                                                        4                           6                           6                           8
7                                                        5                           8                           6                           8
8                                                        6                           8                          18                           1
9                                                        7                           8                           8                           6
10                                                       8                           6                           9                           1
11                                                       8                           6                          10                           6
12                                                       8                           6                          17                           6
13                                                      10                           6                          11                           1
14                                                      10                           6                          12                           6
15                                                      12                           6                          13                           6
16                                                      12                           6                          21                           6
17                                                      13                           6                          14                           1
18                                                      13                           6                          15                           6
19                                                      15                           6                          16                           1
20                                                      15                           6                          17                           6
21                                                      17                           6                          18                           1
22                                                      17                           6                          19                           8
23                                                      19                           8                          20                           1
24                                                      21                           6                          22                           8
25                                                      21                           6                          23                           8
26                                                      22                           8                          23                           8
   &ATNO [&Type "ArrayOfIntegers", &Dim (24,1)] "Atomic number of the elements"
                                                         0

0                                                        6
1                                                        1
2                                                        1
3                                                        6
4                                                        6
5                                                        8
6                                                        8
7                                                        8
8                                                        6
9                                                        1
10                                                       6
11                                                       1
12                                                       6
13                                                       6
14                                                       1
15                                                       6
16                                                       1
17                                                       6
18                                                       1
19                                                       8
20                                                       1
21                                                       6
22                                                       8
23                                                       8
   &NA [&Type "ArrayOfDoubles", &Dim (24,1)] "Mulliken gross atomic population"
                                                         0

0                                      5.9804960681488586e+00
1                                      1.0134227181367603e+00
2                                      1.0328190289743209e+00
3                                      6.0165469034072974e+00
4                                      5.9144413080747631e+00
5                                      8.4004722052845437e+00
6                                      8.4285929525558174e+00
7                                      8.3730138019177414e+00
8                                      5.7512486847288038e+00
9                                      1.0917388785328088e+00
10                                     6.0734133563861725e+00
11                                     1.0602750025079652e+00
12                                     6.0139276045225341e+00
13                                     5.9473970702428716e+00
14                                     1.0595704761539602e+00
15                                     6.0266415156876461e+00
16                                     1.0726114466235119e+00
17                                     5.7881769280978457e+00
18                                     1.0088229245882527e+00
19                                     8.3398691445877198e+00
20                                     8.5604129722882960e-01
21                                     5.9208663482135950e+00
22                                     8.4220772871885679e+00
23                                     8.4075170482088950e+00
   &ZA [&Type "ArrayOfDoubles", &Dim (24,1)] "Total nuclear charge"
                                                         0

0                                      6.0000000000000000e+00
1                                      1.0000000000000000e+00
2                                      1.0000000000000000e+00
3                                      6.0000000000000000e+00
4                                      6.0000000000000000e+00
5                                      8.0000000000000000e+00
6                                      8.0000000000000000e+00
7                                      8.0000000000000000e+00
8                                      6.0000000000000000e+00
9                                      1.0000000000000000e+00
10                                     6.0000000000000000e+00
11                                     1.0000000000000000e+00
12                                     6.0000000000000000e+00
13                                     6.0000000000000000e+00
14                                     1.0000000000000000e+00
15                                     6.0000000000000000e+00
16                                     1.0000000000000000e+00
17                                     6.0000000000000000e+00
18                                     1.0000000000000000e+00
19                                     8.0000000000000000e+00
20                                     1.0000000000000000e+00
21                                     6.0000000000000000e+00
22                                     8.0000000000000000e+00
23                                     8.0000000000000000e+00
   &QA [&Type "ArrayOfDoubles", &Dim (24,1)] "Mulliken gross atomic charge"
                                                         0

0                                      1.9503931851141409e-02
1                                     -1.3422718136760325e-02
2                                     -3.2819028974320874e-02
3                                     -1.6546903407297364e-02
4                                      8.5558691925236907e-02
5                                     -4.0047220528454375e-01
6                                     -4.2859295255581742e-01
7                                     -3.7301380191774136e-01
8                                      2.4875131527119621e-01
9                                     -9.1738878532808821e-02
10                                    -7.3413356386172524e-02
11                                    -6.0275002507965247e-02
12                                    -1.3927604522534054e-02
13                                     5.2602929757128436e-02
14                                    -5.9570476153960161e-02
15                                    -2.6641515687646056e-02
16                                    -7.2611446623511933e-02
17                                     2.1182307190215433e-01
18                                    -8.8229245882527341e-03
19                                    -3.3986914458771977e-01
20                                     1.4395870277117040e-01
21                                     7.9133651786404968e-02
22                                    -4.2207728718856785e-01
23                                    -4.0751704820889501e-01
   &VA [&Type "ArrayOfDoubles", &Dim (24,1)] "Mayer's total valence"
                                                         0

0                                      3.8582076028823939e+00
1                                      1.0436387389895523e+00
2                                      1.0266720844506891e+00
3                                      3.9006951735920259e+00
4                                      4.5079411923007360e+00
5                                      2.1061909305760675e+00
6                                      2.0544642200781507e+00
7                                      2.0832830170667509e+00
8                                      3.8829276059123563e+00
9                                      9.9340670793439545e-01
10                                     3.9065342313303555e+00
11                                     1.0177727821298124e+00
12                                     3.7657076683207422e+00
13                                     3.9414762209459342e+00
14                                     1.0226736925652826e+00
15                                     3.8306557619711068e+00
16                                     9.7861297523388757e-01
17                                     3.8517088437401652e+00
18                                     1.0874838623309682e+00
19                                     2.0229538258829090e+00
20                                     1.0203267772997775e+00
21                                     4.5095930109955473e+00
22                                     2.0586326086178324e+00
23                                     2.0703483069432904e+00
   &BVA [&Type "ArrayOfDoubles", &Dim (24,1)] "Mayer's bonded valence"
                                                         0

0                                      3.8582076028823873e+00
1                                      1.0436387389895483e+00
2                                      1.0266720844506805e+00
3                                      3.9006951735920006e+00
4                                      4.5079411923007218e+00
5                                      2.1061909305761031e+00
6                                      2.0544642200781400e+00
7                                      2.0832830170667407e+00
8                                      3.8829276059124176e+00
9                                      9.9340670793440344e-01
10                                     3.9065342313304070e+00
11                                     1.0177727821298193e+00
12                                     3.7657076683207591e+00
13                                     3.9414762209459147e+00
14                                     1.0226736925652966e+00
15                                     3.8306557619710881e+00
16                                     9.7861297523388047e-01
17                                     3.8517088437401599e+00
18                                     1.0874838623309635e+00
19                                     2.0229538258829347e+00
20                                     1.0203267772997791e+00
21                                     4.5095930109955882e+00
22                                     2.0586326086178595e+00
23                                     2.0703483069433020e+00
   &FA [&Type "ArrayOfDoubles", &Dim (24,1)] "Mayer's free valence"
                                                         0

0                                      0.0000000000000000e+00
1                                      0.0000000000000000e+00
2                                      0.0000000000000000e+00
3                                      0.0000000000000000e+00
4                                      0.0000000000000000e+00
5                                      0.0000000000000000e+00
6                                      0.0000000000000000e+00
7                                      0.0000000000000000e+00
8                                      0.0000000000000000e+00
9                                      0.0000000000000000e+00
10                                     0.0000000000000000e+00
11                                     0.0000000000000000e+00
12                                     0.0000000000000000e+00
13                                     0.0000000000000000e+00
14                                     0.0000000000000000e+00
15                                     0.0000000000000000e+00
16                                     0.0000000000000000e+00
17                                     0.0000000000000000e+00
18                                     0.0000000000000000e+00
19                                     0.0000000000000000e+00
20                                     0.0000000000000000e+00
21                                     0.0000000000000000e+00
22                                     0.0000000000000000e+00
23                                     0.0000000000000000e+00
$End
$VdW_Correction
   &GeometryIndex 1
   &ListStatus       OUT
   &VDW [&Type "Double"]      -5.3530259326470403e-02
$End
$Calculation_Info
   &GeometryIndex 1
   &ListStatus       OUT
   &MULT [&Type "Integer"] 1
   &CHARGE [&Type "Integer"] -2
   &NUMOFATOMS [&Type "Integer"] 24
   &NUMOFELECTRONS [&Type "Integer"] 118
   &NUMOFFCELECTRONS [&Type "Integer"] 1
   &NUMOFCORRELECTRONS [&Type "Integer"] 0
   &NUMOFBASISFUNCTS [&Type "Integer"] 264
   &NUMOFAUXCBASISFUNCTS [&Type "Integer"] 0
   &NUMOFAUXJBASISFUNCTS [&Type "Integer"] 872
   &NUMOFAUXJKBASISFUNCTS [&Type "Integer"] 0
   &NUMOFCABSBASISFUNCTS [&Type "Integer"] 0
   &TOTALENERGY [&Type "Double"]      -8.3614103429793954e+02  "Hartrees"
$End
$SCF_Dipole_Moment
   &GeometryIndex 1
   &ListStatus       OUT
   &METHOD [&Type "String"] "SCF"
   &LEVEL [&Type "String"] "Relaxed density"
   &MULT [&Type "Integer"] 1
   &STATE [&Type "Integer"] -1
   &IRREP [&Type "Integer"] 0
   &NATOMS [&Type "Integer"] 24
   &DODIPOLEATOM [&Type "Boolean"] false
   &DIPOLEELECCONTRIB [&Type "ArrayOfDoubles", &Dim (3,1)] "Electronic contribution"
                                                         0

0                                      1.2627433092887079e+00
1                                      2.0768609169013200e-01
2                                      2.8577846597840328e-01
   &DIPOLENUCCONTRIB [&Type "ArrayOfDoubles", &Dim (3,1)] "Nuclear contribution"
                                                         0

0                                     -3.7744740422642167e+00
1                                     -2.3500889393041575e+00
2                                     -1.5192442497053804e+00
   &DIPOLETOTAL [&Type "ArrayOfDoubles", &Dim (3,1)] "Total"
                                                         0

0                                     -2.5117307329755088e+00
1                                     -2.1424028476140253e+00
2                                     -1.2334657837269771e+00
   &DIPOLEMAGNITUDE [&Type "Double", &Units "a.u."]       3.5242189313468564e+00
$End
