*************************************************
******************* ORCA 6.0.1 ******************
*************************************************
$Calculation_Status
   &GeometryIndex 1
   &ListStatus       OUT
   &VERSION [&Type "String"] "6.0.1"
   &PROGNAME [&Type "String"] "LeanSCF"
   &STATUS [&Type "String"] "NORMAL TERMINATION"
$End
$Geometry
   &GeometryIndex 1
   &ListStatus       OUT
   &NATOMS [&Type "Integer"] 24
   &NCORELESSECP [&Type "Integer"] 0
   &NGHOSTATOMS [&Type "Integer"] 0
   &CartesianCoordinates [&Type "Coordinates", &Dim(24,4), &Units "Bohr"] 
              C     84.192687447804   33.746069092683   64.685026650025
              H     85.008310333193   32.557530069321   63.220815168575
              H     85.011202262444   35.609486719111   65.007338168166
              C     82.548750307499   32.707074265230   66.455952182790
              C     81.768151606460   34.136859573723   68.862435753173
              O     82.743957930761   36.258262459042   69.289791616235
              O     80.237335519748   33.026773190592   70.299740607128
              O     81.446061089639   30.596303016106   66.068260552402
              C     78.363747602493   31.236656936022   63.570091468975
              H     77.651756648644   29.311016941767   63.766932350482
              C     80.020032008148   31.823947840864   61.636979669478
              H     80.860358181025   30.326751305740   60.514744841591
              C     80.998934437978   34.262995242453   61.443050498188
              C     79.676051396557   36.329146193980   62.738781671539
              H     80.337819522789   38.241694765370   62.340393235379
              C     77.768926452622   35.873165821457   64.352018023659
              H     76.798785941962   37.430348435909   65.303950438092
              C     76.845126309261   33.242693868786   64.927846630034
              H     76.994133867256   32.905732584655   66.982414284675
              O     74.293905127463   33.046721712915   64.117064258913
              H     73.314456627298   31.839265148657   65.237951782930
              C     82.800079769278   34.834416836587   59.251356972573
              O     84.116302935713   33.045506117942   58.383760219509
              O     82.776459045174   37.049714607603   58.428125106974
$End
$SCF_Energy
   &GeometryIndex 1
   &ListStatus       OUT
   &SCF_ENERGY [&Type "Double"]      -8.3605829517479481e+02
$End
$DFT_Energy
   &GeometryIndex 1
   &ListStatus       OUT
   &NALPHAEL [&Type "Integer"] 59
   &NBETAEL [&Type "Integer"] 59
   &NTOTALEL [&Type "Integer"] 118
   &EEXCHANGE [&Type "Double"]      -8.3087082555213868e+01
   &ECORR [&Type "Double"]      -4.8433707047617860e+00
   &ECNL [&Type "Double"]       0.0000000000000000e+00
   &EXC [&Type "Double"]      -8.7930453259975650e+01
   &EEMBED [&Type "Double"]       0.0000000000000000e+00
   &FINALEN [&Type "Double"]      -8.3605829517479481e+02  "No Van der Waals correction"
$End
$Mulliken_Population_Analysis
   &GeometryIndex 1
   &ListStatus       OUT
   &NATOMS [&Type "Integer"] 24
   &ATNO [&Type "ArrayOfIntegers", &Dim (24,1)] 
                                                         0

0                                                        6
1                                                        1
2                                                        1
3                                                        6
4                                                        6
5                                                        8
6                                                        8
7                                                        8
8                                                        6
9                                                        1
10                                                       6
11                                                       1
12                                                       6
13                                                       6
14                                                       1
15                                                       6
16                                                       1
17                                                       6
18                                                       1
19                                                       8
20                                                       1
21                                                       6
22                                                       8
23                                                       8
   &ATOMICCHARGES [&Type "ArrayOfDoubles", &Dim (24,1)] 
                                                         0

0                                      8.2962386787150955e-02
1                                     -2.1675300389886409e-02
2                                     -2.1591594310930828e-02
3                                     -4.6079226491699821e-02
4                                      6.4281654375810682e-02
5                                     -4.0458561304629903e-01
6                                     -4.2022169906421247e-01
7                                     -3.1690765389028996e-01
8                                      6.5088187077071424e-02
9                                     -7.6865790199712958e-02
10                                     3.4044560917457112e-02
11                                    -6.5354925878296832e-02
12                                    -1.3954011067790528e-01
13                                     8.5600642729385612e-02
14                                    -5.4944519803246550e-02
15                                    -3.9716190602192114e-02
16                                    -7.0996245002973524e-02
17                                     2.7503468053250035e-01
18                                     4.7873195932479629e-03
19                                    -3.5486722953061545e-01
20                                     1.3921141756616107e-01
21                                     9.8831786820463563e-02
22                                    -4.2094327636180751e-01
23                                    -3.9555326114924227e-01
$End
$Loewdin_Population_Analysis
   &GeometryIndex 1
   &ListStatus       OUT
   &NATOMS [&Type "Integer"] 24
   &ATNO [&Type "ArrayOfIntegers", &Dim (24,1)] 
                                                         0

0                                                        6
1                                                        1
2                                                        1
3                                                        6
4                                                        6
5                                                        8
6                                                        8
7                                                        8
8                                                        6
9                                                        1
10                                                       6
11                                                       1
12                                                       6
13                                                       6
14                                                       1
15                                                       6
16                                                       1
17                                                       6
18                                                       1
19                                                       8
20                                                       1
21                                                       6
22                                                       8
23                                                       8
   &ATOMICCHARGES [&Type "ArrayOfDoubles", &Dim (24,1)] 
                                                         0

0                                     -5.3074988154071079e-02
1                                      8.8749727619741314e-03
2                                      8.4045639911323189e-03
3                                     -3.5846200003955886e-02
4                                     -7.3398287683021479e-02
5                                     -3.7759872946826256e-01
6                                     -3.8536020305193119e-01
7                                     -1.9821369477493889e-01
8                                      4.5751627804665240e-02
9                                     -2.4569617424541335e-03
10                                    -5.2466674090184462e-02
11                                     6.1711077844340823e-03
12                                    -1.6223113686746338e-02
13                                    -1.0402652609826646e-03
14                                     1.4199576527512581e-02
15                                    -5.8179332597163125e-02
16                                     1.0405939983328949e-03
17                                     4.7708096604566208e-02
18                                     1.6767653633490198e-02
19                                    -1.7796989268221175e-01
20                                     7.3592088349185847e-02
21                                    -3.8879830635802470e-02
22                                    -3.8698513420299641e-01
23                                    -3.6481697342065011e-01
$End
$Mayer_Population_Analysis
   &GeometryIndex 1
   &ListStatus       OUT
   &NATOMS [&Type "Integer"] 24 "Total number of atoms"
   &BONDTHRESH [&Type "Double"]       1.0000000000000001e-01  "The threshold for printing"
   &NBONDORDERSPRINT [&Type "Integer"] 29 "The number of bond orders larger than threshold"
   &BONDORDERS [&Type "ArrayOfDoubles", &Dim (29,1)] "The bond orders"
                                                         0

0                                      8.9427311039515456e-01
1                                      9.2259176655205788e-01
2                                      1.4450210728061972e+00
3                                      1.1927084380454382e-01
4                                      3.5280266838761370e-01
5                                      8.1596443615655856e-01
6                                      1.6129399348711724e+00
7                                      1.8785768769390405e+00
8                                      1.7962356457120248e+00
9                                      1.2183257346360199e-01
10                                     1.0469950340795374e-01
11                                     3.0785392964988156e-01
12                                     9.3919795373031167e-01
13                                     1.4467699029427286e+00
14                                     9.8965021718508195e-01
15                                     9.5132076433026536e-01
16                                     1.3724938367134565e+00
17                                     1.0479766723984376e+00
18                                     8.2884908347101871e-01
19                                     9.7145460672412620e-01
20                                     1.7716741439372594e+00
21                                     9.5865267600187853e-01
22                                     9.8364368271108638e-01
23                                     8.6502463931155704e-01
24                                     9.7317466301984012e-01
25                                     9.6912298181952339e-01
26                                     1.8130317156154354e+00
27                                     1.8875717597608614e+00
28                                     1.1877742234996555e-01
   &COMPONENTS [&Type "ArrayOfIntegers", &Dim (29,4)] "The indices and atomic numbers of the bonding atoms"
                                                         0                           1                           2                           3

0                                                        0                           6                           1                           1
1                                                        0                           6                           2                           1
2                                                        0                           6                           3                           6
3                                                        0                           6                           8                           6
4                                                        0                           6                          12                           6
5                                                        3                           6                           4                           6
6                                                        3                           6                           7                           8
7                                                        4                           6                           5                           8
8                                                        4                           6                           6                           8
9                                                        5                           8                           6                           8
10                                                       6                           8                          18                           1
11                                                       7                           8                           8                           6
12                                                       8                           6                           9                           1
13                                                       8                           6                          10                           6
14                                                       8                           6                          17                           6
15                                                      10                           6                          11                           1
16                                                      10                           6                          12                           6
17                                                      12                           6                          13                           6
18                                                      12                           6                          21                           6
19                                                      13                           6                          14                           1
20                                                      13                           6                          15                           6
21                                                      15                           6                          16                           1
22                                                      15                           6                          17                           6
23                                                      17                           6                          18                           1
24                                                      17                           6                          19                           8
25                                                      19                           8                          20                           1
26                                                      21                           6                          22                           8
27                                                      21                           6                          23                           8
28                                                      22                           8                          23                           8
   &ATNO [&Type "ArrayOfIntegers", &Dim (24,1)] "Atomic number of the elements"
                                                         0

0                                                        6
1                                                        1
2                                                        1
3                                                        6
4                                                        6
5                                                        8
6                                                        8
7                                                        8
8                                                        6
9                                                        1
10                                                       6
11                                                       1
12                                                       6
13                                                       6
14                                                       1
15                                                       6
16                                                       1
17                                                       6
18                                                       1
19                                                       8
20                                                       1
21                                                       6
22                                                       8
23                                                       8
   &NA [&Type "ArrayOfDoubles", &Dim (24,1)] "Mulliken gross atomic population"
                                                         0

0                                      5.9170376132128668e+00
1                                      1.0216753003898855e+00
2                                      1.0215915943109330e+00
3                                      6.0460792264917007e+00
4                                      5.9357183456241867e+00
5                                      8.4045856130462973e+00
6                                      8.4202216990641841e+00
7                                      8.3169076538902846e+00
8                                      5.9349118129229055e+00
9                                      1.0768657901997132e+00
10                                     5.9659554390825527e+00
11                                     1.0653549258782944e+00
12                                     6.1395401106779115e+00
13                                     5.9143993572705833e+00
14                                     1.0549445198032481e+00
15                                     6.0397161906021894e+00
16                                     1.0709962450029744e+00
17                                     5.7249653194674908e+00
18                                     9.9521268040675093e-01
19                                     8.3548672295305995e+00
20                                     8.6078858243383694e-01
21                                     5.9011682131795560e+00
22                                     8.4209432763618235e+00
23                                     8.3955532611492565e+00
   &ZA [&Type "ArrayOfDoubles", &Dim (24,1)] "Total nuclear charge"
                                                         0

0                                      6.0000000000000000e+00
1                                      1.0000000000000000e+00
2                                      1.0000000000000000e+00
3                                      6.0000000000000000e+00
4                                      6.0000000000000000e+00
5                                      8.0000000000000000e+00
6                                      8.0000000000000000e+00
7                                      8.0000000000000000e+00
8                                      6.0000000000000000e+00
9                                      1.0000000000000000e+00
10                                     6.0000000000000000e+00
11                                     1.0000000000000000e+00
12                                     6.0000000000000000e+00
13                                     6.0000000000000000e+00
14                                     1.0000000000000000e+00
15                                     6.0000000000000000e+00
16                                     1.0000000000000000e+00
17                                     6.0000000000000000e+00
18                                     1.0000000000000000e+00
19                                     8.0000000000000000e+00
20                                     1.0000000000000000e+00
21                                     6.0000000000000000e+00
22                                     8.0000000000000000e+00
23                                     8.0000000000000000e+00
   &QA [&Type "ArrayOfDoubles", &Dim (24,1)] "Mulliken gross atomic charge"
                                                         0

0                                      8.2962386787133191e-02
1                                     -2.1675300389885521e-02
2                                     -2.1591594310933049e-02
3                                     -4.6079226491700709e-02
4                                      6.4281654375813346e-02
5                                     -4.0458561304629725e-01
6                                     -4.2022169906418405e-01
7                                     -3.1690765389028464e-01
8                                      6.5088187077094517e-02
9                                     -7.6865790199713180e-02
10                                     3.4044560917447342e-02
11                                    -6.5354925878294390e-02
12                                    -1.3954011067791150e-01
13                                     8.5600642729416698e-02
14                                    -5.4944519803248104e-02
15                                    -3.9716190602189450e-02
16                                    -7.0996245002974412e-02
17                                     2.7503468053250923e-01
18                                     4.7873195932490731e-03
19                                    -3.5486722953059946e-01
20                                     1.3921141756616306e-01
21                                     9.8831786820444023e-02
22                                    -4.2094327636182349e-01
23                                    -3.9555326114925649e-01
   &VA [&Type "ArrayOfDoubles", &Dim (24,1)] "Mayer's total valence"
                                                         0

0                                      3.7987737101394554e+00
1                                      1.0384869031355850e+00
2                                      1.0197625834616197e+00
3                                      4.0162127246674917e+00
4                                      4.4835297651522898e+00
5                                      2.0935119491261549e+00
6                                      2.0495621185996553e+00
7                                      2.1327575158976400e+00
8                                      3.9206393223648135e+00
9                                      9.8826980352691296e-01
10                                     3.9212211845845273e+00
11                                     1.0328213769983590e+00
12                                     3.7118313751491105e+00
13                                     3.8852042713855406e+00
14                                     1.0261612449944579e+00
15                                     3.8586762945796669e+00
16                                     9.8338582180025180e-01
17                                     3.8338265194073387e+00
18                                     1.0719760659888198e+00
19                                     1.9987060371278489e+00
20                                     1.0241778044561960e+00
21                                     4.5273378381694291e+00
22                                     2.0612946416052185e+00
23                                     2.1061564390928509e+00
   &BVA [&Type "ArrayOfDoubles", &Dim (24,1)] "Mayer's bonded valence"
                                                         0

0                                      3.7987737101393964e+00
1                                      1.0384869031355823e+00
2                                      1.0197625834616124e+00
3                                      4.0162127246675139e+00
4                                      4.4835297651523272e+00
5                                      2.0935119491261966e+00
6                                      2.0495621185997175e+00
7                                      2.1327575158977341e+00
8                                      3.9206393223648992e+00
9                                      9.8826980352689919e-01
10                                     3.9212211845845215e+00
11                                     1.0328213769983643e+00
12                                     3.7118313751491030e+00
13                                     3.8852042713855957e+00
14                                     1.0261612449944466e+00
15                                     3.8586762945796775e+00
16                                     9.8338582180025003e-01
17                                     3.8338265194073924e+00
18                                     1.0719760659888262e+00
19                                     1.9987060371278802e+00
20                                     1.0241778044562000e+00
21                                     4.5273378381693581e+00
22                                     2.0612946416051803e+00
23                                     2.1061564390927781e+00
   &FA [&Type "ArrayOfDoubles", &Dim (24,1)] "Mayer's free valence"
                                                         0

0                                      0.0000000000000000e+00
1                                      0.0000000000000000e+00
2                                      0.0000000000000000e+00
3                                      0.0000000000000000e+00
4                                      0.0000000000000000e+00
5                                      0.0000000000000000e+00
6                                      0.0000000000000000e+00
7                                      0.0000000000000000e+00
8                                      0.0000000000000000e+00
9                                      0.0000000000000000e+00
10                                     0.0000000000000000e+00
11                                     0.0000000000000000e+00
12                                     0.0000000000000000e+00
13                                     0.0000000000000000e+00
14                                     0.0000000000000000e+00
15                                     0.0000000000000000e+00
16                                     0.0000000000000000e+00
17                                     0.0000000000000000e+00
18                                     0.0000000000000000e+00
19                                     0.0000000000000000e+00
20                                     0.0000000000000000e+00
21                                     0.0000000000000000e+00
22                                     0.0000000000000000e+00
23                                     0.0000000000000000e+00
$End
$VdW_Correction
   &GeometryIndex 1
   &ListStatus       OUT
   &VDW [&Type "Double"]      -5.6547556048099384e-02
$End
$Calculation_Info
   &GeometryIndex 1
   &ListStatus       OUT
   &MULT [&Type "Integer"] 1
   &CHARGE [&Type "Integer"] -2
   &NUMOFATOMS [&Type "Integer"] 24
   &NUMOFELECTRONS [&Type "Integer"] 118
   &NUMOFFCELECTRONS [&Type "Integer"] 1
   &NUMOFCORRELECTRONS [&Type "Integer"] 0
   &NUMOFBASISFUNCTS [&Type "Integer"] 264
   &NUMOFAUXCBASISFUNCTS [&Type "Integer"] 0
   &NUMOFAUXJBASISFUNCTS [&Type "Integer"] 872
   &NUMOFAUXJKBASISFUNCTS [&Type "Integer"] 0
   &NUMOFCABSBASISFUNCTS [&Type "Integer"] 0
   &TOTALENERGY [&Type "Double"]      -8.3611484273084295e+02  "Hartrees"
$End
$SCF_Dipole_Moment
   &GeometryIndex 1
   &ListStatus       OUT
   &METHOD [&Type "String"] "SCF"
   &LEVEL [&Type "String"] "Relaxed density"
   &MULT [&Type "Integer"] 1
   &STATE [&Type "Integer"] -1
   &IRREP [&Type "Integer"] 0
   &NATOMS [&Type "Integer"] 24
   &DODIPOLEATOM [&Type "Boolean"] false
   &DIPOLEELECCONTRIB [&Type "ArrayOfDoubles", &Dim (3,1)] "Electronic contribution"
                                                         0

0                                      1.9442876238047171e+00
1                                     -9.2598995765724709e-02
2                                      1.1554601292904124e-02
   &DIPOLENUCCONTRIB [&Type "ArrayOfDoubles", &Dim (3,1)] "Nuclear contribution"
                                                         0

0                                     -4.5637248535346373e+00
1                                     -1.1458742831394808e+00
2                                     -9.5386381180205149e-02
   &DIPOLETOTAL [&Type "ArrayOfDoubles", &Dim (3,1)] "Total"
                                                         0

0                                     -2.6194372297299200e+00
1                                     -1.2384732789052055e+00
2                                     -8.3831779887301019e-02
   &DIPOLEMAGNITUDE [&Type "Double", &Units "a.u."]       2.8986712870514384e+00
$End
