*************************************************
******************* ORCA 6.0.1 ******************
*************************************************
$Calculation_Status
   &GeometryIndex 1
   &ListStatus       OUT
   &VERSION [&Type "String"] "6.0.1"
   &PROGNAME [&Type "String"] "LeanSCF"
   &STATUS [&Type "String"] "NORMAL TERMINATION"
$End
$Geometry
   &GeometryIndex 1
   &ListStatus       OUT
   &NATOMS [&Type "Integer"] 24
   &NCORELESSECP [&Type "Integer"] 0
   &NGHOSTATOMS [&Type "Integer"] 0
   &CartesianCoordinates [&Type "Coordinates", &Dim(24,4), &Units "Bohr"] 
              C     73.737113745607   31.454491499119   80.526899744786
              H     75.549361108038   30.458605826543   80.619496325348
              H     73.978998690749   33.478388188549   80.923742232910
              C     72.106280092033   30.160029097383   82.505443007002
              C     70.118288199148   31.567875067155   84.187299266192
              O     70.252458754656   33.924363556154   84.363043796646
              O     68.563043590931   30.190264715526   85.313576042009
              O     72.319819145166   27.894247462812   82.796460831626
              C     69.439876517070   27.572994020045   77.788686576734
              H     68.963665531322   25.573663770356   77.605383141744
              C     71.807703362874   28.370458448560   77.444756420361
              H     73.340271257484   27.058988511618   77.040355027702
              C     72.593829434585   31.084105176871   77.771679041529
              C     70.345055335219   32.826432672346   77.658295473494
              H     70.768353989217   34.827652648169   77.384285184075
              C     67.986677120085   32.034637422233   78.079704401358
              H     66.450329773207   33.406578595460   78.196867421661
              C     67.279919545998   29.298313980315   78.459539354276
              H     66.803708560250   29.024303690897   80.483436043706
              O     65.146418740801   28.720057783335   76.947758447139
              H     63.842507708396   27.735510467562   77.922857132243
              C     74.602608314943   31.747399049877   75.657075497671
              O     76.431863212579   30.252625677945   75.281019997021
              O     74.241670623364   33.710824503021   74.396628166346
$End
$SCF_Energy
   &GeometryIndex 1
   &ListStatus       OUT
   &SCF_ENERGY [&Type "Double"]      -8.3611540855730414e+02
$End
$DFT_Energy
   &GeometryIndex 1
   &ListStatus       OUT
   &NALPHAEL [&Type "Integer"] 59
   &NBETAEL [&Type "Integer"] 59
   &NTOTALEL [&Type "Integer"] 118
   &EEXCHANGE [&Type "Double"]      -8.3123893795511776e+01
   &ECORR [&Type "Double"]      -4.8441825210482641e+00
   &ECNL [&Type "Double"]       0.0000000000000000e+00
   &EXC [&Type "Double"]      -8.7968076316560044e+01
   &EEMBED [&Type "Double"]       0.0000000000000000e+00
   &FINALEN [&Type "Double"]      -8.3611540855730414e+02  "No Van der Waals correction"
$End
$Mulliken_Population_Analysis
   &GeometryIndex 1
   &ListStatus       OUT
   &NATOMS [&Type "Integer"] 24
   &ATNO [&Type "ArrayOfIntegers", &Dim (24,1)] 
                                                         0

0                                                        6
1                                                        1
2                                                        1
3                                                        6
4                                                        6
5                                                        8
6                                                        8
7                                                        8
8                                                        6
9                                                        1
10                                                       6
11                                                       1
12                                                       6
13                                                       6
14                                                       1
15                                                       6
16                                                       1
17                                                       6
18                                                       1
19                                                       8
20                                                       1
21                                                       6
22                                                       8
23                                                       8
   &ATOMICCHARGES [&Type "ArrayOfDoubles", &Dim (24,1)] 
                                                         0

0                                      2.5755245303167751e-01
1                                     -4.9253257847053256e-02
2                                     -3.4280891528748691e-02
3                                     -6.7026904514507102e-02
4                                      6.3708259322838856e-02
5                                     -3.9958098073838855e-01
6                                     -4.0682830350510812e-01
7                                     -2.4607850368541229e-01
8                                     -6.0670632136057279e-02
9                                     -9.6754452100725530e-02
10                                     6.0588945347577194e-02
11                                    -5.3073560940999354e-02
12                                    -2.2731898630476532e-01
13                                     9.3077180901975254e-02
14                                    -4.9047569748514208e-02
15                                    -7.4696656822958118e-02
16                                    -8.0158834850230676e-02
17                                     2.9936852701058747e-01
18                                     7.1850398061983345e-03
19                                    -3.5795432765220347e-01
20                                     1.4197998117175969e-01
21                                     9.7422188319922221e-02
22                                    -4.2776506671630266e-01
23                                    -3.9039364582063918e-01
$End
$Loewdin_Population_Analysis
   &GeometryIndex 1
   &ListStatus       OUT
   &NATOMS [&Type "Integer"] 24
   &ATNO [&Type "ArrayOfIntegers", &Dim (24,1)] 
                                                         0

0                                                        6
1                                                        1
2                                                        1
3                                                        6
4                                                        6
5                                                        8
6                                                        8
7                                                        8
8                                                        6
9                                                        1
10                                                       6
11                                                       1
12                                                       6
13                                                       6
14                                                       1
15                                                       6
16                                                       1
17                                                       6
18                                                       1
19                                                       8
20                                                       1
21                                                       6
22                                                       8
23                                                       8
   &ATOMICCHARGES [&Type "ArrayOfDoubles", &Dim (24,1)] 
                                                         0

0                                     -3.1258622184064500e-02
1                                      1.0387966001074944e-02
2                                      1.3370131723746015e-02
3                                      3.4278969962995731e-02
4                                     -8.7512437146061828e-02
5                                     -3.6979903908555123e-01
6                                     -3.7015193820379899e-01
7                                     -1.7666431095482160e-01
8                                     -7.6526701511531847e-02
9                                     -9.4393361507498774e-03
10                                     5.8227493910854022e-03
11                                     9.0126989661239998e-03
12                                    -7.9649553985782440e-02
13                                     1.5738185482381262e-02
14                                     1.2844687171643887e-02
15                                    -7.4252608290798605e-02
16                                    -2.0156552027770225e-03
17                                     4.9764692983407244e-02
18                                     1.4291483757987500e-02
19                                    -1.7951528089169777e-01
20                                     7.4119403135805118e-02
21                                    -2.2108705504153114e-02
22                                    -3.9462743205122841e-01
23                                    -3.6610934741335299e-01
$End
$Mayer_Population_Analysis
   &GeometryIndex 1
   &ListStatus       OUT
   &NATOMS [&Type "Integer"] 24 "Total number of atoms"
   &BONDTHRESH [&Type "Double"]       1.0000000000000001e-01  "The threshold for printing"
   &NBONDORDERSPRINT [&Type "Integer"] 26 "The number of bond orders larger than threshold"
   &BONDORDERS [&Type "ArrayOfDoubles", &Dim (26,1)] "The bond orders"
                                                         0

0                                      8.7926597909368465e-01
1                                      9.0976483271720388e-01
2                                      9.6272697270382668e-01
3                                      9.9670221170598050e-01
4                                      7.9087365676570509e-01
5                                      2.0698097024131012e+00
6                                      1.8577352452898619e+00
7                                      1.8328830002866590e+00
8                                      1.3426423393091347e-01
9                                      9.5381563996086172e-01
10                                     1.8685997404009400e+00
11                                     9.7578720943537833e-01
12                                     9.5920004158319272e-01
13                                     9.8840640114520839e-01
14                                     9.7137186524116725e-01
15                                     7.6854488196313198e-01
16                                     9.5543512056429480e-01
17                                     1.8790343198321460e+00
18                                     9.5597022373825891e-01
19                                     9.7523292448856835e-01
20                                     8.6416571710845347e-01
21                                     9.7626026493962470e-01
22                                     9.7382751867620698e-01
23                                     1.8322508205752595e+00
24                                     1.9056444349752240e+00
25                                     1.1293406321762155e-01
   &COMPONENTS [&Type "ArrayOfIntegers", &Dim (26,4)] "The indices and atomic numbers of the bonding atoms"
                                                         0                           1                           2                           3

0                                                        0                           6                           1                           1
1                                                        0                           6                           2                           1
2                                                        0                           6                           3                           6
3                                                        0                           6                          12                           6
4                                                        3                           6                           4                           6
5                                                        3                           6                           7                           8
6                                                        4                           6                           5                           8
7                                                        4                           6                           6                           8
8                                                        5                           8                           6                           8
9                                                        8                           6                           9                           1
10                                                       8                           6                          10                           6
11                                                       8                           6                          17                           6
12                                                      10                           6                          11                           1
13                                                      10                           6                          12                           6
14                                                      12                           6                          13                           6
15                                                      12                           6                          21                           6
16                                                      13                           6                          14                           1
17                                                      13                           6                          15                           6
18                                                      15                           6                          16                           1
19                                                      15                           6                          17                           6
20                                                      17                           6                          18                           1
21                                                      17                           6                          19                           8
22                                                      19                           8                          20                           1
23                                                      21                           6                          22                           8
24                                                      21                           6                          23                           8
25                                                      22                           8                          23                           8
   &ATNO [&Type "ArrayOfIntegers", &Dim (24,1)] "Atomic number of the elements"
                                                         0

0                                                        6
1                                                        1
2                                                        1
3                                                        6
4                                                        6
5                                                        8
6                                                        8
7                                                        8
8                                                        6
9                                                        1
10                                                       6
11                                                       1
12                                                       6
13                                                       6
14                                                       1
15                                                       6
16                                                       1
17                                                       6
18                                                       1
19                                                       8
20                                                       1
21                                                       6
22                                                       8
23                                                       8
   &NA [&Type "ArrayOfDoubles", &Dim (24,1)] "Mulliken gross atomic population"
                                                         0

0                                      5.7424475469683234e+00
1                                      1.0492532578470546e+00
2                                      1.0342808915287469e+00
3                                      6.0670269045145089e+00
4                                      5.9362917406771594e+00
5                                      8.3995809807383885e+00
6                                      8.4068283035051046e+00
7                                      8.2460785036854105e+00
8                                      6.0606706321360528e+00
9                                      1.0967544521007249e+00
10                                     5.9394110546524210e+00
11                                     1.0530735609409998e+00
12                                     6.2273189863047680e+00
13                                     5.9069228190980283e+00
14                                     1.0490475697485147e+00
15                                     6.0746966568229563e+00
16                                     1.0801588348502307e+00
17                                     5.7006314729894125e+00
18                                     9.9281496019380233e-01
19                                     8.3579543276521999e+00
20                                     8.5802001882824019e-01
21                                     5.9025778116800751e+00
22                                     8.4277650667163009e+00
23                                     8.3903936458206463e+00
   &ZA [&Type "ArrayOfDoubles", &Dim (24,1)] "Total nuclear charge"
                                                         0

0                                      6.0000000000000000e+00
1                                      1.0000000000000000e+00
2                                      1.0000000000000000e+00
3                                      6.0000000000000000e+00
4                                      6.0000000000000000e+00
5                                      8.0000000000000000e+00
6                                      8.0000000000000000e+00
7                                      8.0000000000000000e+00
8                                      6.0000000000000000e+00
9                                      1.0000000000000000e+00
10                                     6.0000000000000000e+00
11                                     1.0000000000000000e+00
12                                     6.0000000000000000e+00
13                                     6.0000000000000000e+00
14                                     1.0000000000000000e+00
15                                     6.0000000000000000e+00
16                                     1.0000000000000000e+00
17                                     6.0000000000000000e+00
18                                     1.0000000000000000e+00
19                                     8.0000000000000000e+00
20                                     1.0000000000000000e+00
21                                     6.0000000000000000e+00
22                                     8.0000000000000000e+00
23                                     8.0000000000000000e+00
   &QA [&Type "ArrayOfDoubles", &Dim (24,1)] "Mulliken gross atomic charge"
                                                         0

0                                      2.5755245303167662e-01
1                                     -4.9253257847054588e-02
2                                     -3.4280891528746915e-02
3                                     -6.7026904514508878e-02
4                                      6.3708259322840632e-02
5                                     -3.9958098073838855e-01
6                                     -4.0682830350510457e-01
7                                     -2.4607850368541051e-01
8                                     -6.0670632136052838e-02
9                                     -9.6754452100724864e-02
10                                     6.0588945347578971e-02
11                                    -5.3073560940999798e-02
12                                    -2.2731898630476799e-01
13                                     9.3077180901971701e-02
14                                    -4.9047569748514652e-02
15                                    -7.4696656822956342e-02
16                                    -8.0158834850230676e-02
17                                     2.9936852701058747e-01
18                                     7.1850398061976684e-03
19                                    -3.5795432765219992e-01
20                                     1.4197998117175981e-01
21                                     9.7422188319924885e-02
22                                    -4.2776506671630088e-01
23                                    -3.9039364582064628e-01
   &VA [&Type "ArrayOfDoubles", &Dim (24,1)] "Mayer's total valence"
                                                         0

0                                      3.7400547528017070e+00
1                                      1.0317894381726995e+00
2                                      1.0234035452758321e+00
3                                      3.9578917463854948e+00
4                                      4.4878947465171013e+00
5                                      2.0845818468209734e+00
6                                      2.0636157440691285e+00
7                                      2.1998569997524826e+00
8                                      3.9200362279005421e+00
9                                      9.8151235357987154e-01
10                                     3.9138470849388804e+00
11                                     1.0359910503506893e+00
12                                     3.7162271135950098e+00
13                                     3.9163260615336122e+00
14                                     1.0258900555183559e+00
15                                     3.9156336045187996e+00
16                                     9.8512828139582298e-01
17                                     3.7929847454418431e+00
18                                     1.0326389178982716e+00
19                                     1.9950601150094811e+00
20                                     1.0207707041218910e+00
21                                     4.5271049757932103e+00
22                                     2.0508853317174078e+00
23                                     2.1049095560634923e+00
   &BVA [&Type "ArrayOfDoubles", &Dim (24,1)] "Mayer's bonded valence"
                                                         0

0                                      3.7400547528017549e+00
1                                      1.0317894381727162e+00
2                                      1.0234035452758388e+00
3                                      3.9578917463854948e+00
4                                      4.4878947465171155e+00
5                                      2.0845818468209352e+00
6                                      2.0636157440691658e+00
7                                      2.1998569997524839e+00
8                                      3.9200362279005798e+00
9                                      9.8151235357987698e-01
10                                     3.9138470849389373e+00
11                                     1.0359910503506966e+00
12                                     3.7162271135950884e+00
13                                     3.9163260615336322e+00
14                                     1.0258900555183625e+00
15                                     3.9156336045187663e+00
16                                     9.8512828139580833e-01
17                                     3.7929847454418719e+00
18                                     1.0326389178982789e+00
19                                     1.9950601150094354e+00
20                                     1.0207707041218932e+00
21                                     4.5271049757932182e+00
22                                     2.0508853317174136e+00
23                                     2.1049095560633884e+00
   &FA [&Type "ArrayOfDoubles", &Dim (24,1)] "Mayer's free valence"
                                                         0

0                                      0.0000000000000000e+00
1                                      0.0000000000000000e+00
2                                      0.0000000000000000e+00
3                                      0.0000000000000000e+00
4                                      0.0000000000000000e+00
5                                      0.0000000000000000e+00
6                                      0.0000000000000000e+00
7                                      0.0000000000000000e+00
8                                      0.0000000000000000e+00
9                                      0.0000000000000000e+00
10                                     0.0000000000000000e+00
11                                     0.0000000000000000e+00
12                                     0.0000000000000000e+00
13                                     0.0000000000000000e+00
14                                     0.0000000000000000e+00
15                                     0.0000000000000000e+00
16                                     0.0000000000000000e+00
17                                     0.0000000000000000e+00
18                                     0.0000000000000000e+00
19                                     0.0000000000000000e+00
20                                     0.0000000000000000e+00
21                                     0.0000000000000000e+00
22                                     0.0000000000000000e+00
23                                     0.0000000000000000e+00
$End
$VdW_Correction
   &GeometryIndex 1
   &ListStatus       OUT
   &VDW [&Type "Double"]      -5.3843442527877657e-02
$End
$Calculation_Info
   &GeometryIndex 1
   &ListStatus       OUT
   &MULT [&Type "Integer"] 1
   &CHARGE [&Type "Integer"] -2
   &NUMOFATOMS [&Type "Integer"] 24
   &NUMOFELECTRONS [&Type "Integer"] 118
   &NUMOFFCELECTRONS [&Type "Integer"] 1
   &NUMOFCORRELECTRONS [&Type "Integer"] 0
   &NUMOFBASISFUNCTS [&Type "Integer"] 264
   &NUMOFAUXCBASISFUNCTS [&Type "Integer"] 0
   &NUMOFAUXJBASISFUNCTS [&Type "Integer"] 872
   &NUMOFAUXJKBASISFUNCTS [&Type "Integer"] 0
   &NUMOFCABSBASISFUNCTS [&Type "Integer"] 0
   &TOTALENERGY [&Type "Double"]      -8.3616925199983200e+02  "Hartrees"
$End
$SCF_Dipole_Moment
   &GeometryIndex 1
   &ListStatus       OUT
   &METHOD [&Type "String"] "SCF"
   &LEVEL [&Type "String"] "Relaxed density"
   &MULT [&Type "Integer"] 1
   &STATE [&Type "Integer"] -1
   &IRREP [&Type "Integer"] 0
   &NATOMS [&Type "Integer"] 24
   &DODIPOLEATOM [&Type "Boolean"] false
   &DIPOLEELECCONTRIB [&Type "ArrayOfDoubles", &Dim (3,1)] "Electronic contribution"
                                                         0

0                                      2.4298505834551025e+00
1                                      5.5621802805093168e-01
2                                      1.9450817899563118e+00
   &DIPOLENUCCONTRIB [&Type "ArrayOfDoubles", &Dim (3,1)] "Nuclear contribution"
                                                         0

0                                     -4.2422335261328783e+00
1                                     -1.8781182545992614e+00
2                                     -2.3118879579196800e+00
   &DIPOLETOTAL [&Type "ArrayOfDoubles", &Dim (3,1)] "Total"
                                                         0

0                                     -1.8123829426777758e+00
1                                     -1.3219002265483297e+00
2                                     -3.6680616796336829e-01
   &DIPOLEMAGNITUDE [&Type "Double", &Units "a.u."]       2.2730373742448342e+00
$End
