*************************************************
******************* ORCA 6.0.1 ******************
*************************************************
$Calculation_Status
   &GeometryIndex 1
   &ListStatus       OUT
   &VERSION [&Type "String"] "6.0.1"
   &PROGNAME [&Type "String"] "LeanSCF"
   &STATUS [&Type "String"] "NORMAL TERMINATION"
$End
$Geometry
   &GeometryIndex 1
   &ListStatus       OUT
   &NATOMS [&Type "Integer"] 24
   &NCORELESSECP [&Type "Integer"] 0
   &NGHOSTATOMS [&Type "Integer"] 0
   &CartesianCoordinates [&Type "Coordinates", &Dim(24,4), &Units "Bohr"] 
              C     77.743467219147   30.848106907258   77.103148178984
              H     79.101263003195   29.987987573530   75.838283610912
              H     78.194832660925   32.635781743328   78.017662359419
              C     75.740221211482   29.466016292142   78.060734100368
              C     74.152888837971   30.591318412087   80.213633741194
              O     75.069615260773   32.438925252575   81.363314530266
              O     72.084759957790   29.503890210147   80.692000692696
              O     75.051853512654   27.359956457356   77.076029685991
              C     73.264987325669   27.898221650506   73.684717882430
              H     73.010271597471   25.882064325605   73.333286814903
              C     75.294389449788   29.163058147759   72.587496314833
              H     76.841904596867   28.099233384589   71.735538442275
              C     75.666601323624   31.710264402034   73.141480895339
              C     73.515216985574   33.190071247911   74.082376586533
              H     73.783300596235   35.229779373188   74.234168911023
              C     71.325717060790   32.081776730659   74.731218410295
              H     69.748506273765   33.217784426238   75.426437966517
              C     70.901210256686   29.274164585507   74.556783896215
              H     70.440422194040   28.585024043094   76.466830121842
              O     68.890826199269   28.754257627961   72.850837371789
              H     67.587345190310   27.650788663301   73.673969530260
              C     77.875914203867   33.118944698809   71.959562303523
              O     80.055760557048   32.109798700000   71.981807042573
              O     77.406172193683   35.240854383056   71.046766657233
$End
$SCF_Energy
   &GeometryIndex 1
   &ListStatus       OUT
   &SCF_ENERGY [&Type "Double"]      -8.3605876443571537e+02
$End
$DFT_Energy
   &GeometryIndex 1
   &ListStatus       OUT
   &NALPHAEL [&Type "Integer"] 59
   &NBETAEL [&Type "Integer"] 59
   &NTOTALEL [&Type "Integer"] 118
   &EEXCHANGE [&Type "Double"]      -8.3093244381537346e+01
   &ECORR [&Type "Double"]      -4.8448601870427446e+00
   &ECNL [&Type "Double"]       0.0000000000000000e+00
   &EXC [&Type "Double"]      -8.7938104568580087e+01
   &EEMBED [&Type "Double"]       0.0000000000000000e+00
   &FINALEN [&Type "Double"]      -8.3605876443571537e+02  "No Van der Waals correction"
$End
$Mulliken_Population_Analysis
   &GeometryIndex 1
   &ListStatus       OUT
   &NATOMS [&Type "Integer"] 24
   &ATNO [&Type "ArrayOfIntegers", &Dim (24,1)] 
                                                         0

0                                                        6
1                                                        1
2                                                        1
3                                                        6
4                                                        6
5                                                        8
6                                                        8
7                                                        8
8                                                        6
9                                                        1
10                                                       6
11                                                       1
12                                                       6
13                                                       6
14                                                       1
15                                                       6
16                                                       1
17                                                       6
18                                                       1
19                                                       8
20                                                       1
21                                                       6
22                                                       8
23                                                       8
   &ATOMICCHARGES [&Type "ArrayOfDoubles", &Dim (24,1)] 
                                                         0

0                                      9.0022017626157691e-02
1                                     -2.2844748936789339e-02
2                                     -2.2280427306792694e-02
3                                     -4.5028832814935527e-02
4                                      7.6081064076539917e-02
5                                     -4.0309389744576052e-01
6                                     -4.2419775385475944e-01
7                                     -3.3239375573955243e-01
8                                      6.8423149304771336e-02
9                                     -7.7281084685037804e-02
10                                     2.4068651873178304e-02
11                                    -6.5075262327283001e-02
12                                    -1.2083764847264966e-01
13                                     8.0952426788350351e-02
14                                    -5.6318310630387947e-02
15                                    -4.1230559977995185e-02
16                                    -7.5426912181460137e-02
17                                     2.7966433742353836e-01
18                                     9.7442800737146396e-04
19                                    -3.4908666131259203e-01
20                                     1.3920393553187349e-01
21                                     9.7188617192571769e-02
22                                    -4.2760193583563399e-01
23                                    -3.9388083630262649e-01
$End
$Loewdin_Population_Analysis
   &GeometryIndex 1
   &ListStatus       OUT
   &NATOMS [&Type "Integer"] 24
   &ATNO [&Type "ArrayOfIntegers", &Dim (24,1)] 
                                                         0

0                                                        6
1                                                        1
2                                                        1
3                                                        6
4                                                        6
5                                                        8
6                                                        8
7                                                        8
8                                                        6
9                                                        1
10                                                       6
11                                                       1
12                                                       6
13                                                       6
14                                                       1
15                                                       6
16                                                       1
17                                                       6
18                                                       1
19                                                       8
20                                                       1
21                                                       6
22                                                       8
23                                                       8
   &ATOMICCHARGES [&Type "ArrayOfDoubles", &Dim (24,1)] 
                                                         0

0                                     -4.5188858119977304e-02
1                                      4.7376125239918521e-03
2                                      9.2395377297089798e-03
3                                     -3.8842834310120367e-02
4                                     -6.7416302948835494e-02
5                                     -3.7038267621923815e-01
6                                     -3.8850252142950481e-01
7                                     -2.0767126866409669e-01
8                                      5.4064425385257131e-02
9                                     -3.1214471727911697e-03
10                                    -6.7150434912875312e-02
11                                     5.2474173828777060e-03
12                                    -1.2056893906821742e-02
13                                    -4.1128200592241981e-03
14                                     1.4898192229862217e-02
15                                    -5.2902678472725562e-02
16                                    -8.6742672532613696e-04
17                                     4.7154961689985342e-02
18                                     1.5608790237823578e-02
19                                    -1.7693317315409729e-01
20                                     7.0794494163460397e-02
21                                    -3.6476334415986855e-02
22                                    -3.9157189494162381e-01
23                                    -3.5854786588959975e-01
$End
$Mayer_Population_Analysis
   &GeometryIndex 1
   &ListStatus       OUT
   &NATOMS [&Type "Integer"] 24 "Total number of atoms"
   &BONDTHRESH [&Type "Double"]       1.0000000000000001e-01  "The threshold for printing"
   &NBONDORDERSPRINT [&Type "Integer"] 29 "The number of bond orders larger than threshold"
   &BONDORDERS [&Type "ArrayOfDoubles", &Dim (29,1)] "The bond orders"
                                                         0

0                                      8.9737215570210116e-01
1                                      9.2083953147952713e-01
2                                      1.4709957469930337e+00
3                                      1.0693288847803370e-01
4                                      3.3064150805675857e-01
5                                      8.2138759412309470e-01
6                                      1.5542868312742122e+00
7                                      1.8654097244345145e+00
8                                      1.7961765798646634e+00
9                                      1.2761772972464180e-01
10                                     1.1235077339863195e-01
11                                     3.6608684187791757e-01
12                                     9.3268414615279926e-01
13                                     1.4323966542338051e+00
14                                     9.8720189011297643e-01
15                                     9.4849727009510798e-01
16                                     1.4000706503005849e+00
17                                     1.0527023844707886e+00
18                                     8.2817162029536329e-01
19                                     9.7394406208760220e-01
20                                     1.7747501999001298e+00
21                                     9.5294110781429986e-01
22                                     9.7623783132138175e-01
23                                     8.5991561016967311e-01
24                                     9.9077140278348419e-01
25                                     9.7505126584845048e-01
26                                     1.8048612748267796e+00
27                                     1.8749507938410572e+00
28                                     1.1564203158742249e-01
   &COMPONENTS [&Type "ArrayOfIntegers", &Dim (29,4)] "The indices and atomic numbers of the bonding atoms"
                                                         0                           1                           2                           3

0                                                        0                           6                           1                           1
1                                                        0                           6                           2                           1
2                                                        0                           6                           3                           6
3                                                        0                           6                           8                           6
4                                                        0                           6                          12                           6
5                                                        3                           6                           4                           6
6                                                        3                           6                           7                           8
7                                                        4                           6                           5                           8
8                                                        4                           6                           6                           8
9                                                        5                           8                           6                           8
10                                                       6                           8                          18                           1
11                                                       7                           8                           8                           6
12                                                       8                           6                           9                           1
13                                                       8                           6                          10                           6
14                                                       8                           6                          17                           6
15                                                      10                           6                          11                           1
16                                                      10                           6                          12                           6
17                                                      12                           6                          13                           6
18                                                      12                           6                          21                           6
19                                                      13                           6                          14                           1
20                                                      13                           6                          15                           6
21                                                      15                           6                          16                           1
22                                                      15                           6                          17                           6
23                                                      17                           6                          18                           1
24                                                      17                           6                          19                           8
25                                                      19                           8                          20                           1
26                                                      21                           6                          22                           8
27                                                      21                           6                          23                           8
28                                                      22                           8                          23                           8
   &ATNO [&Type "ArrayOfIntegers", &Dim (24,1)] "Atomic number of the elements"
                                                         0

0                                                        6
1                                                        1
2                                                        1
3                                                        6
4                                                        6
5                                                        8
6                                                        8
7                                                        8
8                                                        6
9                                                        1
10                                                       6
11                                                       1
12                                                       6
13                                                       6
14                                                       1
15                                                       6
16                                                       1
17                                                       6
18                                                       1
19                                                       8
20                                                       1
21                                                       6
22                                                       8
23                                                       8
   &NA [&Type "ArrayOfDoubles", &Dim (24,1)] "Mulliken gross atomic population"
                                                         0

0                                      5.9099779823738556e+00
1                                      1.0228447489367902e+00
2                                      1.0222804273067936e+00
3                                      6.0450288328149506e+00
4                                      5.9239189359234539e+00
5                                      8.4030938974457694e+00
6                                      8.4241977538547594e+00
7                                      8.3323937557395791e+00
8                                      5.9315768506952296e+00
9                                      1.0772810846850396e+00
10                                     5.9759313481268315e+00
11                                     1.0650752623272819e+00
12                                     6.1208376484726639e+00
13                                     5.9190475732116408e+00
14                                     1.0563183106303888e+00
15                                     6.0412305599779863e+00
16                                     1.0754269121814584e+00
17                                     5.7203356625764705e+00
18                                     9.9902557199262676e-01
19                                     8.3490866613126080e+00
20                                     8.6079606446812618e-01
21                                     5.9028113828074291e+00
22                                     8.4276019358356429e+00
23                                     8.3938808363026336e+00
   &ZA [&Type "ArrayOfDoubles", &Dim (24,1)] "Total nuclear charge"
                                                         0

0                                      6.0000000000000000e+00
1                                      1.0000000000000000e+00
2                                      1.0000000000000000e+00
3                                      6.0000000000000000e+00
4                                      6.0000000000000000e+00
5                                      8.0000000000000000e+00
6                                      8.0000000000000000e+00
7                                      8.0000000000000000e+00
8                                      6.0000000000000000e+00
9                                      1.0000000000000000e+00
10                                     6.0000000000000000e+00
11                                     1.0000000000000000e+00
12                                     6.0000000000000000e+00
13                                     6.0000000000000000e+00
14                                     1.0000000000000000e+00
15                                     6.0000000000000000e+00
16                                     1.0000000000000000e+00
17                                     6.0000000000000000e+00
18                                     1.0000000000000000e+00
19                                     8.0000000000000000e+00
20                                     1.0000000000000000e+00
21                                     6.0000000000000000e+00
22                                     8.0000000000000000e+00
23                                     8.0000000000000000e+00
   &QA [&Type "ArrayOfDoubles", &Dim (24,1)] "Mulliken gross atomic charge"
                                                         0

0                                      9.0022017626144368e-02
1                                     -2.2844748936790227e-02
2                                     -2.2280427306793582e-02
3                                     -4.5028832814950626e-02
4                                      7.6081064076546134e-02
5                                     -4.0309389744576940e-01
6                                     -4.2419775385475944e-01
7                                     -3.3239375573957908e-01
8                                      6.8423149304770448e-02
9                                     -7.7281084685039581e-02
10                                     2.4068651873168534e-02
11                                    -6.5075262327281891e-02
12                                    -1.2083764847266387e-01
13                                     8.0952426788359233e-02
14                                    -5.6318310630388835e-02
15                                    -4.1230559977986303e-02
16                                    -7.5426912181458361e-02
17                                     2.7966433742352947e-01
18                                     9.7442800737324031e-04
19                                    -3.4908666131260802e-01
20                                     1.3920393553187382e-01
21                                     9.7188617192570881e-02
22                                    -4.2760193583564288e-01
23                                    -3.9388083630263360e-01
   &VA [&Type "ArrayOfDoubles", &Dim (24,1)] "Mayer's total valence"
                                                         0

0                                      3.8045093434213659e+00
1                                      1.0526040007004314e+00
2                                      1.0289532318473134e+00
3                                      3.9954938812746863e+00
4                                      4.4756452728868652e+00
5                                      2.0979184121096326e+00
6                                      2.0650849626282155e+00
7                                      2.1189799257376478e+00
8                                      3.9445159301219599e+00
9                                      9.8964815889541025e-01
10                                     3.9317756693555101e+00
11                                     1.0152042228004148e+00
12                                     3.7399374237740610e+00
13                                     3.9058293915300140e+00
14                                     1.0188183850510100e+00
15                                     3.8650906533976133e+00
16                                     9.8319473433041660e-01
17                                     3.8313736415599031e+00
18                                     1.0815059037430850e+00
19                                     2.0022277344409605e+00
20                                     1.0257092665968404e+00
21                                     4.5125010895415185e+00
22                                     2.0515750069790686e+00
23                                     2.0998782784800611e+00
   &BVA [&Type "ArrayOfDoubles", &Dim (24,1)] "Mayer's bonded valence"
                                                         0

0                                      3.8045093434213468e+00
1                                      1.0526040007004325e+00
2                                      1.0289532318473182e+00
3                                      3.9954938812746241e+00
4                                      4.4756452728869078e+00
5                                      2.0979184121096295e+00
6                                      2.0650849626282173e+00
7                                      2.1189799257376487e+00
8                                      3.9445159301218968e+00
9                                      9.8964815889538882e-01
10                                     3.9317756693554906e+00
11                                     1.0152042228004219e+00
12                                     3.7399374237740246e+00
13                                     3.9058293915299287e+00
14                                     1.0188183850509949e+00
15                                     3.8650906533975973e+00
16                                     9.8319473433041349e-01
17                                     3.8313736415598569e+00
18                                     1.0815059037430759e+00
19                                     2.0022277344409884e+00
20                                     1.0257092665968468e+00
21                                     4.5125010895414901e+00
22                                     2.0515750069790402e+00
23                                     2.0998782784800243e+00
   &FA [&Type "ArrayOfDoubles", &Dim (24,1)] "Mayer's free valence"
                                                         0

0                                      0.0000000000000000e+00
1                                      0.0000000000000000e+00
2                                      0.0000000000000000e+00
3                                      0.0000000000000000e+00
4                                      0.0000000000000000e+00
5                                      0.0000000000000000e+00
6                                      0.0000000000000000e+00
7                                      0.0000000000000000e+00
8                                      0.0000000000000000e+00
9                                      0.0000000000000000e+00
10                                     0.0000000000000000e+00
11                                     0.0000000000000000e+00
12                                     0.0000000000000000e+00
13                                     0.0000000000000000e+00
14                                     0.0000000000000000e+00
15                                     0.0000000000000000e+00
16                                     0.0000000000000000e+00
17                                     0.0000000000000000e+00
18                                     0.0000000000000000e+00
19                                     0.0000000000000000e+00
20                                     0.0000000000000000e+00
21                                     0.0000000000000000e+00
22                                     0.0000000000000000e+00
23                                     0.0000000000000000e+00
$End
$VdW_Correction
   &GeometryIndex 1
   &ListStatus       OUT
   &VDW [&Type "Double"]      -5.6522555781699679e-02
$End
$Calculation_Info
   &GeometryIndex 1
   &ListStatus       OUT
   &MULT [&Type "Integer"] 1
   &CHARGE [&Type "Integer"] -2
   &NUMOFATOMS [&Type "Integer"] 24
   &NUMOFELECTRONS [&Type "Integer"] 118
   &NUMOFFCELECTRONS [&Type "Integer"] 1
   &NUMOFCORRELECTRONS [&Type "Integer"] 0
   &NUMOFBASISFUNCTS [&Type "Integer"] 264
   &NUMOFAUXCBASISFUNCTS [&Type "Integer"] 0
   &NUMOFAUXJBASISFUNCTS [&Type "Integer"] 872
   &NUMOFAUXJKBASISFUNCTS [&Type "Integer"] 0
   &NUMOFCABSBASISFUNCTS [&Type "Integer"] 0
   &TOTALENERGY [&Type "Double"]      -8.3611528699149710e+02  "Hartrees"
$End
$SCF_Dipole_Moment
   &GeometryIndex 1
   &ListStatus       OUT
   &METHOD [&Type "String"] "SCF"
   &LEVEL [&Type "String"] "Relaxed density"
   &MULT [&Type "Integer"] 1
   &STATE [&Type "Integer"] -1
   &IRREP [&Type "Integer"] 0
   &NATOMS [&Type "Integer"] 24
   &DODIPOLEATOM [&Type "Boolean"] false
   &DIPOLEELECCONTRIB [&Type "ArrayOfDoubles", &Dim (3,1)] "Electronic contribution"
                                                         0

0                                      1.7116988223250165e+00
1                                      6.0431177213139642e-01
2                                      8.1646186565926204e-01
   &DIPOLENUCCONTRIB [&Type "ArrayOfDoubles", &Dim (3,1)] "Nuclear contribution"
                                                         0

0                                     -4.0269259793786603e+00
1                                     -2.4731660879863639e+00
2                                     -2.0334086757782046e+00
   &DIPOLETOTAL [&Type "ArrayOfDoubles", &Dim (3,1)] "Total"
                                                         0

0                                     -2.3152271570536440e+00
1                                     -1.8688543158549675e+00
2                                     -1.2169468101189427e+00
   &DIPOLEMAGNITUDE [&Type "Double", &Units "a.u."]       3.2146310490174619e+00
$End
