*************************************************
******************* ORCA 6.0.1 ******************
*************************************************
$Calculation_Status
   &GeometryIndex 1
   &ListStatus       OUT
   &VERSION [&Type "String"] "6.0.1"
   &PROGNAME [&Type "String"] "LeanSCF"
   &STATUS [&Type "String"] "NORMAL TERMINATION"
$End
$Geometry
   &GeometryIndex 1
   &ListStatus       OUT
   &NATOMS [&Type "Integer"] 24
   &NCORELESSECP [&Type "Integer"] 0
   &NGHOSTATOMS [&Type "Integer"] 0
   &CartesianCoordinates [&Type "Coordinates", &Dim(24,4), &Units "Bohr"] 
              C     83.098817013053   35.791412976469   63.927545384422
              H     84.226983515004   34.230499189850   63.154647395648
              H     84.321469821700   37.410908273239   64.284703623733
              C     82.072695722334   34.910800598061   66.438991416403
              C     81.751442279567   36.711709603688   68.721780586180
              O     83.510777310248   38.242387772164   69.107284717500
              O     79.810693540030   36.392345887055   70.050258058327
              O     81.522785417363   32.703600473641   66.724340062625
              C     77.081929002648   33.888458759610   63.084727528693
              H     75.972659762036   32.151800442536   62.967564508390
              C     79.222988712381   34.139792335421   61.777037044020
              H     79.914628477396   32.622342249883   60.567612318310
              C     80.902955245437   36.428250683600   61.986796644885
              C     79.447866122317   38.665686426163   63.007248757202
              H     80.277455895109   40.521397489673   62.665208326963
              C     77.282239972844   38.425691207155   64.282813897599
              H     76.314700192276   40.092429657273   65.034924898900
              C     76.016123463116   35.923693805843   64.770363240151
              H     76.373281702427   35.422916380354   66.779142120509
              O     73.396963041501   36.216601356601   64.356513216822
              H     72.435092439336   34.901351967392   65.361847520068
              C     82.133166958619   37.055639760062   59.335510878993
              O     82.866380698581   35.284966372578   57.944672444427
              O     82.363713546958   39.336539203705   58.770482764951
$End
$SCF_Energy
   &GeometryIndex 1
   &ListStatus       OUT
   &SCF_ENERGY [&Type "Double"]      -8.3612270134784933e+02
$End
$DFT_Energy
   &GeometryIndex 1
   &ListStatus       OUT
   &NALPHAEL [&Type "Integer"] 59
   &NBETAEL [&Type "Integer"] 59
   &NTOTALEL [&Type "Integer"] 118
   &EEXCHANGE [&Type "Double"]      -8.3136401922151393e+01
   &ECORR [&Type "Double"]      -4.8452694949699895e+00
   &ECNL [&Type "Double"]       0.0000000000000000e+00
   &EXC [&Type "Double"]      -8.7981671417121376e+01
   &EEMBED [&Type "Double"]       0.0000000000000000e+00
   &FINALEN [&Type "Double"]      -8.3612270134784933e+02  "No Van der Waals correction"
$End
$Mulliken_Population_Analysis
   &GeometryIndex 1
   &ListStatus       OUT
   &NATOMS [&Type "Integer"] 24
   &ATNO [&Type "ArrayOfIntegers", &Dim (24,1)] 
                                                         0

0                                                        6
1                                                        1
2                                                        1
3                                                        6
4                                                        6
5                                                        8
6                                                        8
7                                                        8
8                                                        6
9                                                        1
10                                                       6
11                                                       1
12                                                       6
13                                                       6
14                                                       1
15                                                       6
16                                                       1
17                                                       6
18                                                       1
19                                                       8
20                                                       1
21                                                       6
22                                                       8
23                                                       8
   &ATOMICCHARGES [&Type "ArrayOfDoubles", &Dim (24,1)] 
                                                         0

0                                      2.3400756603556783e-01
1                                     -5.0549922815633419e-02
2                                     -2.8446987089375764e-02
3                                     -3.4304606966513163e-02
4                                      9.7229765728187090e-02
5                                     -4.1311928242429552e-01
6                                     -4.0838752858431882e-01
7                                     -2.7446751326542262e-01
8                                     -7.5230299639605036e-02
9                                     -1.0230913815291842e-01
10                                     5.6721800912675313e-02
11                                    -5.6899906923513210e-02
12                                    -2.0609435717506575e-01
13                                     6.0626283329735742e-02
14                                    -4.3026740198190971e-02
15                                    -7.4239908585462366e-02
16                                    -7.5657920368997988e-02
17                                     3.2080804616933190e-01
18                                     8.1786200512158347e-03
19                                    -3.5925594863866550e-01
20                                     1.4103946435948989e-01
21                                     9.1366387251095915e-02
22                                    -4.1184554927357198e-01
23                                    -3.9614232373571845e-01
$End
$Loewdin_Population_Analysis
   &GeometryIndex 1
   &ListStatus       OUT
   &NATOMS [&Type "Integer"] 24
   &ATNO [&Type "ArrayOfIntegers", &Dim (24,1)] 
                                                         0

0                                                        6
1                                                        1
2                                                        1
3                                                        6
4                                                        6
5                                                        8
6                                                        8
7                                                        8
8                                                        6
9                                                        1
10                                                       6
11                                                       1
12                                                       6
13                                                       6
14                                                       1
15                                                       6
16                                                       1
17                                                       6
18                                                       1
19                                                       8
20                                                       1
21                                                       6
22                                                       8
23                                                       8
   &ATOMICCHARGES [&Type "ArrayOfDoubles", &Dim (24,1)] 
                                                         0

0                                     -2.9273099228963595e-02
1                                      9.5018057715168247e-03
2                                      1.5178445998109358e-02
3                                      3.6978695985938614e-02
4                                     -7.3797278275185008e-02
5                                     -3.6506815338695020e-01
6                                     -3.6639512975184907e-01
7                                     -1.9455863012637664e-01
8                                     -7.8307166892948032e-02
9                                     -1.2653170284696147e-02
10                                     2.2990184078182097e-03
11                                     7.1957742877757358e-03
12                                    -7.8513712824105575e-02
13                                     5.4752671072861858e-03
14                                     1.3047838974429737e-02
15                                    -6.5010349128561629e-02
16                                    -2.9277341931233103e-04
17                                     4.5240618796289489e-02
18                                     1.2914629343611095e-02
19                                    -1.7902035555364471e-01
20                                     7.5127066657220465e-02
21                                    -2.7964188048613892e-02
22                                    -3.8209309192355434e-01
23                                    -3.7001206248523388e-01
$End
$Mayer_Population_Analysis
   &GeometryIndex 1
   &ListStatus       OUT
   &NATOMS [&Type "Integer"] 24 "Total number of atoms"
   &BONDTHRESH [&Type "Double"]       1.0000000000000001e-01  "The threshold for printing"
   &NBONDORDERSPRINT [&Type "Integer"] 26 "The number of bond orders larger than threshold"
   &BONDORDERS [&Type "ArrayOfDoubles", &Dim (26,1)] "The bond orders"
                                                         0

0                                      8.9073647298914704e-01
1                                      9.0966339957893028e-01
2                                      9.7374188968366282e-01
3                                      1.0067026875446106e+00
4                                      8.1957793523921596e-01
5                                      2.0461328097650391e+00
6                                      1.8222122710948734e+00
7                                      1.8153079841733586e+00
8                                      1.3060861882660829e-01
9                                      9.4803385901288950e-01
10                                     1.8845276810543989e+00
11                                     9.7220887385258703e-01
12                                     9.5845363162004216e-01
13                                     9.7480483433631260e-01
14                                     9.6887645588912075e-01
15                                     7.7017964483947510e-01
16                                     9.5879431031404105e-01
17                                     1.8726382440268063e+00
18                                     9.5950630451154084e-01
19                                     9.8101720918238966e-01
20                                     8.5089800151491912e-01
21                                     9.6350900356684432e-01
22                                     9.7406299278838737e-01
23                                     1.8577146934638846e+00
24                                     1.8922584735642549e+00
25                                     1.1083796635148069e-01
   &COMPONENTS [&Type "ArrayOfIntegers", &Dim (26,4)] "The indices and atomic numbers of the bonding atoms"
                                                         0                           1                           2                           3

0                                                        0                           6                           1                           1
1                                                        0                           6                           2                           1
2                                                        0                           6                           3                           6
3                                                        0                           6                          12                           6
4                                                        3                           6                           4                           6
5                                                        3                           6                           7                           8
6                                                        4                           6                           5                           8
7                                                        4                           6                           6                           8
8                                                        5                           8                           6                           8
9                                                        8                           6                           9                           1
10                                                       8                           6                          10                           6
11                                                       8                           6                          17                           6
12                                                      10                           6                          11                           1
13                                                      10                           6                          12                           6
14                                                      12                           6                          13                           6
15                                                      12                           6                          21                           6
16                                                      13                           6                          14                           1
17                                                      13                           6                          15                           6
18                                                      15                           6                          16                           1
19                                                      15                           6                          17                           6
20                                                      17                           6                          18                           1
21                                                      17                           6                          19                           8
22                                                      19                           8                          20                           1
23                                                      21                           6                          22                           8
24                                                      21                           6                          23                           8
25                                                      22                           8                          23                           8
   &ATNO [&Type "ArrayOfIntegers", &Dim (24,1)] "Atomic number of the elements"
                                                         0

0                                                        6
1                                                        1
2                                                        1
3                                                        6
4                                                        6
5                                                        8
6                                                        8
7                                                        8
8                                                        6
9                                                        1
10                                                       6
11                                                       1
12                                                       6
13                                                       6
14                                                       1
15                                                       6
16                                                       1
17                                                       6
18                                                       1
19                                                       8
20                                                       1
21                                                       6
22                                                       8
23                                                       8
   &NA [&Type "ArrayOfDoubles", &Dim (24,1)] "Mulliken gross atomic population"
                                                         0

0                                      5.7659924339644366e+00
1                                      1.0505499228156328e+00
2                                      1.0284469870893764e+00
3                                      6.0343046069665149e+00
4                                      5.9027702342718156e+00
5                                      8.4131192824242973e+00
6                                      8.4083875285843224e+00
7                                      8.2744675132654226e+00
8                                      6.0752302996396006e+00
9                                      1.1023091381529186e+00
10                                     5.9432781990873229e+00
11                                     1.0568999069235130e+00
12                                     6.2060943571750631e+00
13                                     5.9393737166702625e+00
14                                     1.0430267401981912e+00
15                                     6.0742399085854597e+00
16                                     1.0756579203689982e+00
17                                     5.6791919538306654e+00
18                                     9.9182137994878428e-01
19                                     8.3592559486386637e+00
20                                     8.5896053564051023e-01
21                                     5.9086336127489050e+00
22                                     8.4118455492735738e+00
23                                     8.3961423237357167e+00
   &ZA [&Type "ArrayOfDoubles", &Dim (24,1)] "Total nuclear charge"
                                                         0

0                                      6.0000000000000000e+00
1                                      1.0000000000000000e+00
2                                      1.0000000000000000e+00
3                                      6.0000000000000000e+00
4                                      6.0000000000000000e+00
5                                      8.0000000000000000e+00
6                                      8.0000000000000000e+00
7                                      8.0000000000000000e+00
8                                      6.0000000000000000e+00
9                                      1.0000000000000000e+00
10                                     6.0000000000000000e+00
11                                     1.0000000000000000e+00
12                                     6.0000000000000000e+00
13                                     6.0000000000000000e+00
14                                     1.0000000000000000e+00
15                                     6.0000000000000000e+00
16                                     1.0000000000000000e+00
17                                     6.0000000000000000e+00
18                                     1.0000000000000000e+00
19                                     8.0000000000000000e+00
20                                     1.0000000000000000e+00
21                                     6.0000000000000000e+00
22                                     8.0000000000000000e+00
23                                     8.0000000000000000e+00
   &QA [&Type "ArrayOfDoubles", &Dim (24,1)] "Mulliken gross atomic charge"
                                                         0

0                                      2.3400756603556339e-01
1                                     -5.0549922815632753e-02
2                                     -2.8446987089376430e-02
3                                     -3.4304606966514939e-02
4                                      9.7229765728184425e-02
5                                     -4.1311928242429730e-01
6                                     -4.0838752858432237e-01
7                                     -2.7446751326542262e-01
8                                     -7.5230299639600595e-02
9                                     -1.0230913815291864e-01
10                                     5.6721800912677089e-02
11                                    -5.6899906923512988e-02
12                                    -2.0609435717506308e-01
13                                     6.0626283329737518e-02
14                                    -4.3026740198191193e-02
15                                    -7.4239908585459702e-02
16                                    -7.5657920368998210e-02
17                                     3.2080804616933456e-01
18                                     8.1786200512157237e-03
19                                    -3.5925594863866372e-01
20                                     1.4103946435948977e-01
21                                     9.1366387251095027e-02
22                                    -4.1184554927357375e-01
23                                    -3.9614232373571667e-01
   &VA [&Type "ArrayOfDoubles", &Dim (24,1)] "Mayer's total valence"
                                                         0

0                                      3.7718083711163550e+00
1                                      1.0264519262122367e+00
2                                      1.0331752062283173e+00
3                                      3.9706714257754290e+00
4                                      4.4704765611506847e+00
5                                      2.0677616189469044e+00
6                                      2.0771383448912393e+00
7                                      2.1803219276082695e+00
8                                      3.9428933276815368e+00
9                                      9.7870724190619252e-01
10                                     3.9120150876120485e+00
11                                     1.0350572212250873e+00
12                                     3.6997307697528043e+00
13                                     3.8823181052723301e+00
14                                     1.0390624129266788e+00
15                                     3.9361233838440324e+00
16                                     9.8624525979576094e-01
17                                     3.7529860759011289e+00
18                                     1.0583720061459481e+00
19                                     2.0000347158718235e+00
20                                     1.0199101129053991e+00
21                                     4.5434290596478224e+00
22                                     2.0697986830852502e+00
23                                     2.0965215342787675e+00
   &BVA [&Type "ArrayOfDoubles", &Dim (24,1)] "Mayer's bonded valence"
                                                         0

0                                      3.7718083711163346e+00
1                                      1.0264519262122367e+00
2                                      1.0331752062283144e+00
3                                      3.9706714257753983e+00
4                                      4.4704765611506883e+00
5                                      2.0677616189469692e+00
6                                      2.0771383448912530e+00
7                                      2.1803219276082668e+00
8                                      3.9428933276815643e+00
9                                      9.7870724190619574e-01
10                                     3.9120150876120734e+00
11                                     1.0350572212250868e+00
12                                     3.6997307697528083e+00
13                                     3.8823181052723021e+00
14                                     1.0390624129266683e+00
15                                     3.9361233838440097e+00
16                                     9.8624525979575628e-01
17                                     3.7529860759011093e+00
18                                     1.0583720061459410e+00
19                                     2.0000347158718057e+00
20                                     1.0199101129054027e+00
21                                     4.5434290596477886e+00
22                                     2.0697986830852457e+00
23                                     2.0965215342788106e+00
   &FA [&Type "ArrayOfDoubles", &Dim (24,1)] "Mayer's free valence"
                                                         0

0                                      0.0000000000000000e+00
1                                      0.0000000000000000e+00
2                                      0.0000000000000000e+00
3                                      0.0000000000000000e+00
4                                      0.0000000000000000e+00
5                                      0.0000000000000000e+00
6                                      0.0000000000000000e+00
7                                      0.0000000000000000e+00
8                                      0.0000000000000000e+00
9                                      0.0000000000000000e+00
10                                     0.0000000000000000e+00
11                                     0.0000000000000000e+00
12                                     0.0000000000000000e+00
13                                     0.0000000000000000e+00
14                                     0.0000000000000000e+00
15                                     0.0000000000000000e+00
16                                     0.0000000000000000e+00
17                                     0.0000000000000000e+00
18                                     0.0000000000000000e+00
19                                     0.0000000000000000e+00
20                                     0.0000000000000000e+00
21                                     0.0000000000000000e+00
22                                     0.0000000000000000e+00
23                                     0.0000000000000000e+00
$End
$VdW_Correction
   &GeometryIndex 1
   &ListStatus       OUT
   &VDW [&Type "Double"]      -5.3804014563266458e-02
$End
$Calculation_Info
   &GeometryIndex 1
   &ListStatus       OUT
   &MULT [&Type "Integer"] 1
   &CHARGE [&Type "Integer"] -2
   &NUMOFATOMS [&Type "Integer"] 24
   &NUMOFELECTRONS [&Type "Integer"] 118
   &NUMOFFCELECTRONS [&Type "Integer"] 1
   &NUMOFCORRELECTRONS [&Type "Integer"] 0
   &NUMOFBASISFUNCTS [&Type "Integer"] 264
   &NUMOFAUXCBASISFUNCTS [&Type "Integer"] 0
   &NUMOFAUXJBASISFUNCTS [&Type "Integer"] 872
   &NUMOFAUXJKBASISFUNCTS [&Type "Integer"] 0
   &NUMOFCABSBASISFUNCTS [&Type "Integer"] 0
   &TOTALENERGY [&Type "Double"]      -8.3617650536241263e+02  "Hartrees"
$End
$SCF_Dipole_Moment
   &GeometryIndex 1
   &ListStatus       OUT
   &METHOD [&Type "String"] "SCF"
   &LEVEL [&Type "String"] "Relaxed density"
   &MULT [&Type "Integer"] 1
   &STATE [&Type "Integer"] -1
   &IRREP [&Type "Integer"] 0
   &NATOMS [&Type "Integer"] 24
   &DODIPOLEATOM [&Type "Boolean"] false
   &DIPOLEELECCONTRIB [&Type "ArrayOfDoubles", &Dim (3,1)] "Electronic contribution"
                                                         0

0                                      3.2439122880909861e+00
1                                      1.6261006099831959e-01
2                                      1.0878414484588321e+00
   &DIPOLENUCCONTRIB [&Type "ArrayOfDoubles", &Dim (3,1)] "Nuclear contribution"
                                                         0

0                                     -5.6175710944758777e+00
1                                     -1.3343761139198165e+00
2                                     -8.1628531446109776e-01
   &DIPOLETOTAL [&Type "ArrayOfDoubles", &Dim (3,1)] "Total"
                                                         0

0                                     -2.3736588063848916e+00
1                                     -1.1717660529214968e+00
2                                      2.7155613399773437e-01
   &DIPOLEMAGNITUDE [&Type "Double", &Units "a.u."]       2.6610213350928942e+00
$End
