*************************************************
******************* ORCA 6.0.1 ******************
*************************************************
$Calculation_Status
   &GeometryIndex 1
   &ListStatus       OUT
   &VERSION [&Type "String"] "6.0.1"
   &PROGNAME [&Type "String"] "LeanSCF"
   &STATUS [&Type "String"] "NORMAL TERMINATION"
$End
$Geometry
   &GeometryIndex 1
   &ListStatus       OUT
   &NATOMS [&Type "Integer"] 24
   &NCORELESSECP [&Type "Integer"] 0
   &NGHOSTATOMS [&Type "Integer"] 0
   &CartesianCoordinates [&Type "Coordinates", &Dim(24,4), &Units "Bohr"] 
              C     75.213439400184   38.158956756617   88.576674383684
              H     76.972710680769   37.356887792584   87.870242916815
              H     75.142913806517   40.196503308602   88.861141222772
              C     73.480341039960   36.575094760499   89.808062463080
              C     71.222182199125   37.582372292350   91.369938308487
              O     71.199861481298   39.872927516399   91.980923675265
              O     69.547604440664   36.042312796487   92.004497732177
              O     73.601782775140   34.200400634553   89.522632148045
              C     71.854327765888   33.275517080942   85.755882591770
              H     71.987176126241   31.245677663162   86.090934735597
              C     73.816402010302   34.536514980397   84.600155100378
              H     75.596472661353   33.583005113611   84.198050183810
              C     73.713247300542   37.168439034219   84.285571853227
              C     71.270611841480   38.440984310769   84.569554481034
              H     71.185917660807   40.437962207356   84.055521655347
              C     69.225887193753   37.198168655748   85.418667850984
              H     67.433381504301   38.193346678621   85.652488900772
              C     69.251591693395   34.419111883075   86.031797277738
              H     68.623570794821   34.171627431184   88.004522083030
              O     67.602432855502   33.160883254267   84.332744759044
              H     66.635471495396   31.759447585733   85.245461563345
              C     75.803164042753   38.383900575163   82.699342828330
              O     77.893739477906   37.273125827688   82.574063901310
              O     75.263241799896   40.385666199998   81.525671427839
$End
$SCF_Energy
   &GeometryIndex 1
   &ListStatus       OUT
   &SCF_ENERGY [&Type "Double"]      -8.3605852931946151e+02
$End
$DFT_Energy
   &GeometryIndex 1
   &ListStatus       OUT
   &NALPHAEL [&Type "Integer"] 59
   &NBETAEL [&Type "Integer"] 59
   &NTOTALEL [&Type "Integer"] 118
   &EEXCHANGE [&Type "Double"]      -8.3077100105513239e+01
   &ECORR [&Type "Double"]      -4.8408085111767072e+00
   &ECNL [&Type "Double"]       0.0000000000000000e+00
   &EXC [&Type "Double"]      -8.7917908616689942e+01
   &EEMBED [&Type "Double"]       0.0000000000000000e+00
   &FINALEN [&Type "Double"]      -8.3605852931946151e+02  "No Van der Waals correction"
$End
$Mulliken_Population_Analysis
   &GeometryIndex 1
   &ListStatus       OUT
   &NATOMS [&Type "Integer"] 24
   &ATNO [&Type "ArrayOfIntegers", &Dim (24,1)] 
                                                         0

0                                                        6
1                                                        1
2                                                        1
3                                                        6
4                                                        6
5                                                        8
6                                                        8
7                                                        8
8                                                        6
9                                                        1
10                                                       6
11                                                       1
12                                                       6
13                                                       6
14                                                       1
15                                                       6
16                                                       1
17                                                       6
18                                                       1
19                                                       8
20                                                       1
21                                                       6
22                                                       8
23                                                       8
   &ATOMICCHARGES [&Type "ArrayOfDoubles", &Dim (24,1)] 
                                                         0

0                                      7.2034078679110713e-02
1                                     -2.4590115058375606e-02
2                                     -2.3183767015095169e-02
3                                     -3.8336549372812279e-02
4                                      5.9546150413910759e-02
5                                     -4.0707180899912743e-01
6                                     -4.0473241519313596e-01
7                                     -3.1234281282117493e-01
8                                      5.5249525645576725e-02
9                                     -7.6325731275996622e-02
10                                     2.8380159267979543e-02
11                                    -5.9734053571030898e-02
12                                    -1.1825293159514239e-01
13                                     7.0839346868717179e-02
14                                    -5.4830374588267894e-02
15                                    -3.9988831986968343e-02
16                                    -7.0434552891439184e-02
17                                     2.8130750665611259e-01
18                                     2.8661715990419001e-03
19                                    -3.5527481158842811e-01
20                                     1.4125543226206183e-01
21                                     9.1718377910639859e-02
22                                    -4.1138552799641026e-01
23                                    -4.0671246534970606e-01
$End
$Loewdin_Population_Analysis
   &GeometryIndex 1
   &ListStatus       OUT
   &NATOMS [&Type "Integer"] 24
   &ATNO [&Type "ArrayOfIntegers", &Dim (24,1)] 
                                                         0

0                                                        6
1                                                        1
2                                                        1
3                                                        6
4                                                        6
5                                                        8
6                                                        8
7                                                        8
8                                                        6
9                                                        1
10                                                       6
11                                                       1
12                                                       6
13                                                       6
14                                                       1
15                                                       6
16                                                       1
17                                                       6
18                                                       1
19                                                       8
20                                                       1
21                                                       6
22                                                       8
23                                                       8
   &ATOMICCHARGES [&Type "ArrayOfDoubles", &Dim (24,1)] 
                                                         0

0                                     -5.7569099792190492e-02
1                                      8.2907754868243311e-03
2                                      6.4497099740545849e-03
3                                     -2.9476131462781829e-02
4                                     -7.5890880580651299e-02
5                                     -3.7857960539348667e-01
6                                     -3.7405849538504299e-01
7                                     -2.0282120149975036e-01
8                                      3.1856286474542195e-02
9                                     -2.1307089557003334e-03
10                                    -4.4174339007685859e-02
11                                     8.5366712200096728e-03
12                                    -1.0002500398738512e-02
13                                    -6.4864664588144549e-03
14                                     1.3949296871361261e-02
15                                    -5.3153233117370746e-02
16                                     1.3289165264649405e-03
17                                     4.5027544268775088e-02
18                                     1.5602731811220183e-02
19                                    -1.8023776106583611e-01
20                                     7.7618401992619934e-02
21                                    -3.9359058396864377e-02
22                                    -3.7809534797000310e-01
23                                    -3.7662550514088089e-01
$End
$Mayer_Population_Analysis
   &GeometryIndex 1
   &ListStatus       OUT
   &NATOMS [&Type "Integer"] 24 "Total number of atoms"
   &BONDTHRESH [&Type "Double"]       1.0000000000000001e-01  "The threshold for printing"
   &NBONDORDERSPRINT [&Type "Integer"] 29 "The number of bond orders larger than threshold"
   &BONDORDERS [&Type "ArrayOfDoubles", &Dim (29,1)] "The bond orders"
                                                         0

0                                      9.0227796621718603e-01
1                                      9.2645633320532661e-01
2                                      1.3967019088192922e+00
3                                      1.2657150784523016e-01
4                                      3.7826039923638199e-01
5                                      8.0564607466803306e-01
6                                      1.6790922929253811e+00
7                                      1.8723637592736533e+00
8                                      1.8099169492218625e+00
9                                      1.2041919523993090e-01
10                                     1.1752219450939794e-01
11                                     2.3162283399329150e-01
12                                     9.4567547801577145e-01
13                                     1.5032671882342536e+00
14                                     9.8732608391845189e-01
15                                     9.5479902202398903e-01
16                                     1.3240345829221569e+00
17                                     1.0540175067704649e+00
18                                     8.3436191921682146e-01
19                                     9.7164746131469903e-01
20                                     1.7713892092138122e+00
21                                     9.5842670430436094e-01
22                                     9.8153198475894332e-01
23                                     8.5590803139595639e-01
24                                     9.7706687209832865e-01
25                                     9.6782370034672316e-01
26                                     1.8307411961013220e+00
27                                     1.8747395119418466e+00
28                                     1.2010302811898650e-01
   &COMPONENTS [&Type "ArrayOfIntegers", &Dim (29,4)] "The indices and atomic numbers of the bonding atoms"
                                                         0                           1                           2                           3

0                                                        0                           6                           1                           1
1                                                        0                           6                           2                           1
2                                                        0                           6                           3                           6
3                                                        0                           6                           8                           6
4                                                        0                           6                          12                           6
5                                                        3                           6                           4                           6
6                                                        3                           6                           7                           8
7                                                        4                           6                           5                           8
8                                                        4                           6                           6                           8
9                                                        5                           8                           6                           8
10                                                       6                           8                          18                           1
11                                                       7                           8                           8                           6
12                                                       8                           6                           9                           1
13                                                       8                           6                          10                           6
14                                                       8                           6                          17                           6
15                                                      10                           6                          11                           1
16                                                      10                           6                          12                           6
17                                                      12                           6                          13                           6
18                                                      12                           6                          21                           6
19                                                      13                           6                          14                           1
20                                                      13                           6                          15                           6
21                                                      15                           6                          16                           1
22                                                      15                           6                          17                           6
23                                                      17                           6                          18                           1
24                                                      17                           6                          19                           8
25                                                      19                           8                          20                           1
26                                                      21                           6                          22                           8
27                                                      21                           6                          23                           8
28                                                      22                           8                          23                           8
   &ATNO [&Type "ArrayOfIntegers", &Dim (24,1)] "Atomic number of the elements"
                                                         0

0                                                        6
1                                                        1
2                                                        1
3                                                        6
4                                                        6
5                                                        8
6                                                        8
7                                                        8
8                                                        6
9                                                        1
10                                                       6
11                                                       1
12                                                       6
13                                                       6
14                                                       1
15                                                       6
16                                                       1
17                                                       6
18                                                       1
19                                                       8
20                                                       1
21                                                       6
22                                                       8
23                                                       8
   &NA [&Type "ArrayOfDoubles", &Dim (24,1)] "Mulliken gross atomic population"
                                                         0

0                                      5.9279659213208902e+00
1                                      1.0245901150583772e+00
2                                      1.0231837670150947e+00
3                                      6.0383365493728460e+00
4                                      5.9404538495860857e+00
5                                      8.4070718089991399e+00
6                                      8.4047324151931271e+00
7                                      8.3123428128211412e+00
8                                      5.9447504743544366e+00
9                                      1.0763257312759988e+00
10                                     5.9716198407320213e+00
11                                     1.0597340535710285e+00
12                                     6.1182529315951317e+00
13                                     5.9291606531312775e+00
14                                     1.0548303745882697e+00
15                                     6.0399888319869879e+00
16                                     1.0704345528914396e+00
17                                     5.7186924933438705e+00
18                                     9.9713382840095854e-01
19                                     8.3552748115884192e+00
20                                     8.5874456773793828e-01
21                                     5.9082816220893779e+00
22                                     8.4113855279964316e+00
23                                     8.4067124653496990e+00
   &ZA [&Type "ArrayOfDoubles", &Dim (24,1)] "Total nuclear charge"
                                                         0

0                                      6.0000000000000000e+00
1                                      1.0000000000000000e+00
2                                      1.0000000000000000e+00
3                                      6.0000000000000000e+00
4                                      6.0000000000000000e+00
5                                      8.0000000000000000e+00
6                                      8.0000000000000000e+00
7                                      8.0000000000000000e+00
8                                      6.0000000000000000e+00
9                                      1.0000000000000000e+00
10                                     6.0000000000000000e+00
11                                     1.0000000000000000e+00
12                                     6.0000000000000000e+00
13                                     6.0000000000000000e+00
14                                     1.0000000000000000e+00
15                                     6.0000000000000000e+00
16                                     1.0000000000000000e+00
17                                     6.0000000000000000e+00
18                                     1.0000000000000000e+00
19                                     8.0000000000000000e+00
20                                     1.0000000000000000e+00
21                                     6.0000000000000000e+00
22                                     8.0000000000000000e+00
23                                     8.0000000000000000e+00
   &QA [&Type "ArrayOfDoubles", &Dim (24,1)] "Mulliken gross atomic charge"
                                                         0

0                                      7.2034078679109825e-02
1                                     -2.4590115058377160e-02
2                                     -2.3183767015094725e-02
3                                     -3.8336549372846029e-02
4                                      5.9546150413914312e-02
5                                     -4.0707180899913986e-01
6                                     -4.0473241519312708e-01
7                                     -3.1234281282114118e-01
8                                      5.5249525645563402e-02
9                                     -7.6325731275998843e-02
10                                     2.8380159267978655e-02
11                                    -5.9734053571028456e-02
12                                    -1.1825293159513173e-01
13                                     7.0839346868722508e-02
14                                    -5.4830374588269670e-02
15                                    -3.9988831986987883e-02
16                                    -7.0434552891439628e-02
17                                     2.8130750665612947e-01
18                                     2.8661715990414560e-03
19                                    -3.5527481158841923e-01
20                                     1.4125543226206172e-01
21                                     9.1718377910622095e-02
22                                    -4.1138552799643158e-01
23                                    -4.0671246534969896e-01
   &VA [&Type "ArrayOfDoubles", &Dim (24,1)] "Mayer's total valence"
                                                         0

0                                      3.8152512757866619e+00
1                                      1.0238237695580292e+00
2                                      1.0147585799192791e+00
3                                      4.0174064785385948e+00
4                                      4.4871413847706103e+00
5                                      2.0835288729597661e+00
6                                      2.0710449781912796e+00
7                                      2.1329768530789504e+00
8                                      3.9043173154517703e+00
9                                      9.8762611595581196e-01
10                                     3.9272791196551093e+00
11                                     1.0364443049315042e+00
12                                     3.6848574422280578e+00
13                                     3.8937868859010178e+00
14                                     1.0268199473001829e+00
15                                     3.8703882923187152e+00
16                                     9.8369018049544554e-01
17                                     3.8203515413008451e+00
18                                     1.0799776126662655e+00
19                                     1.9961037339905618e+00
20                                     1.0222669675805680e+00
21                                     4.5398540165530559e+00
22                                     2.0699900508983187e+00
23                                     2.0962689348012891e+00
   &BVA [&Type "ArrayOfDoubles", &Dim (24,1)] "Mayer's bonded valence"
                                                         0

0                                      3.8152512757866495e+00
1                                      1.0238237695580257e+00
2                                      1.0147585799192709e+00
3                                      4.0174064785385157e+00
4                                      4.4871413847705970e+00
5                                      2.0835288729597008e+00
6                                      2.0710449781913076e+00
7                                      2.1329768530790529e+00
8                                      3.9043173154517281e+00
9                                      9.8762611595580496e-01
10                                     3.9272791196551222e+00
11                                     1.0364443049315104e+00
12                                     3.6848574422280858e+00
13                                     3.8937868859010374e+00
14                                     1.0268199473001742e+00
15                                     3.8703882923186956e+00
16                                     9.8369018049543833e-01
17                                     3.8203515413008655e+00
18                                     1.0799776126662564e+00
19                                     1.9961037339905265e+00
20                                     1.0222669675805602e+00
21                                     4.5398540165530079e+00
22                                     2.0699900508982858e+00
23                                     2.0962689348013135e+00
   &FA [&Type "ArrayOfDoubles", &Dim (24,1)] "Mayer's free valence"
                                                         0

0                                      0.0000000000000000e+00
1                                      0.0000000000000000e+00
2                                      0.0000000000000000e+00
3                                      0.0000000000000000e+00
4                                      0.0000000000000000e+00
5                                      0.0000000000000000e+00
6                                      0.0000000000000000e+00
7                                      0.0000000000000000e+00
8                                      0.0000000000000000e+00
9                                      0.0000000000000000e+00
10                                     0.0000000000000000e+00
11                                     0.0000000000000000e+00
12                                     0.0000000000000000e+00
13                                     0.0000000000000000e+00
14                                     0.0000000000000000e+00
15                                     0.0000000000000000e+00
16                                     0.0000000000000000e+00
17                                     0.0000000000000000e+00
18                                     0.0000000000000000e+00
19                                     0.0000000000000000e+00
20                                     0.0000000000000000e+00
21                                     0.0000000000000000e+00
22                                     0.0000000000000000e+00
23                                     0.0000000000000000e+00
$End
$VdW_Correction
   &GeometryIndex 1
   &ListStatus       OUT
   &VDW [&Type "Double"]      -5.5727270452370664e-02
$End
$Calculation_Info
   &GeometryIndex 1
   &ListStatus       OUT
   &MULT [&Type "Integer"] 1
   &CHARGE [&Type "Integer"] -2
   &NUMOFATOMS [&Type "Integer"] 24
   &NUMOFELECTRONS [&Type "Integer"] 118
   &NUMOFFCELECTRONS [&Type "Integer"] 1
   &NUMOFCORRELECTRONS [&Type "Integer"] 0
   &NUMOFBASISFUNCTS [&Type "Integer"] 264
   &NUMOFAUXCBASISFUNCTS [&Type "Integer"] 0
   &NUMOFAUXJBASISFUNCTS [&Type "Integer"] 872
   &NUMOFAUXJKBASISFUNCTS [&Type "Integer"] 0
   &NUMOFCABSBASISFUNCTS [&Type "Integer"] 0
   &TOTALENERGY [&Type "Double"]      -8.3611425658991391e+02  "Hartrees"
$End
$SCF_Dipole_Moment
   &GeometryIndex 1
   &ListStatus       OUT
   &METHOD [&Type "String"] "SCF"
   &LEVEL [&Type "String"] "Relaxed density"
   &MULT [&Type "Integer"] 1
   &STATE [&Type "Integer"] -1
   &IRREP [&Type "Integer"] 0
   &NATOMS [&Type "Integer"] 24
   &DODIPOLEATOM [&Type "Boolean"] false
   &DIPOLEELECCONTRIB [&Type "ArrayOfDoubles", &Dim (3,1)] "Electronic contribution"
                                                         0

0                                      1.4910947921130517e+00
1                                      8.2222597091133354e-01
2                                      7.3101932524334812e-01
   &DIPOLENUCCONTRIB [&Type "ArrayOfDoubles", &Dim (3,1)] "Nuclear contribution"
                                                         0

0                                     -3.0706872758974271e+00
1                                     -3.1175903276349999e+00
2                                     -1.3817643642482551e+00
   &DIPOLETOTAL [&Type "ArrayOfDoubles", &Dim (3,1)] "Total"
                                                         0

0                                     -1.5795924837843753e+00
1                                     -2.2953643567236663e+00
2                                     -6.5074503900490699e-01
   &DIPOLEMAGNITUDE [&Type "Double", &Units "a.u."]       2.8613421764505973e+00
$End
