*************************************************
******************* ORCA 6.0.1 ******************
*************************************************
$Calculation_Status
   &GeometryIndex 1
   &ListStatus       OUT
   &VERSION [&Type "String"] "6.0.1"
   &PROGNAME [&Type "String"] "LeanSCF"
   &STATUS [&Type "String"] "NORMAL TERMINATION"
$End
$Geometry
   &GeometryIndex 1
   &ListStatus       OUT
   &NATOMS [&Type "Integer"] 24
   &NCORELESSECP [&Type "Integer"] 0
   &NGHOSTATOMS [&Type "Integer"] 0
   &CartesianCoordinates [&Type "Coordinates", &Dim(24,4), &Units "Bohr"] 
              C     75.099606288164   38.134673382531   87.543452880036
              H     77.076259824246   37.492166496998   87.611483020857
              H     75.058032313218   40.186915963969   87.832580978526
              C     73.697429496795   36.779739744509   89.639159162555
              C     71.543141704125   37.943811043005   91.203852401441
              O     72.076044473890   39.971487184702   92.271547667107
              O     69.540032002168   36.694702068483   91.406053097771
              O     74.305921311918   34.629231404107   90.187179741392
              C     71.737783495919   33.253510778612   85.045234930992
              H     71.754791031124   31.193709292638   84.986653420840
              C     73.852387039776   34.574429346223   84.648392442869
              H     75.653296045403   33.635235457664   84.287454751290
              C     73.969550060080   37.414687725507   84.863821222136
              C     71.367397173670   38.561751488797   84.672958882610
              H     71.280469771510   40.568640643021   84.198637622995
              C     69.254683355946   37.238943195052   85.075470549135
              H     67.419759279908   38.187585714281   85.003660956046
              C     69.209329928732   34.438369064581   85.604593866633
              H     68.797369631537   34.205932750109   87.641718639000
              O     67.293147628936   33.300753931960   84.138166386710
              H     66.467337308412   31.868341522448   85.103816441144
              C     75.827150849724   38.467265182101   82.804019736161
              O     77.913408501573   37.369334298293   82.571583421689
              O     75.148739167646   40.347542685353   81.520895691229
$End
$SCF_Energy
   &GeometryIndex 1
   &ListStatus       OUT
   &SCF_ENERGY [&Type "Double"]      -8.3612288641652333e+02
$End
$DFT_Energy
   &GeometryIndex 1
   &ListStatus       OUT
   &NALPHAEL [&Type "Integer"] 59
   &NBETAEL [&Type "Integer"] 59
   &NTOTALEL [&Type "Integer"] 118
   &EEXCHANGE [&Type "Double"]      -8.3137375386233145e+01
   &ECORR [&Type "Double"]      -4.8456056047326088e+00
   &ECNL [&Type "Double"]       0.0000000000000000e+00
   &EXC [&Type "Double"]      -8.7982980990965757e+01
   &EEMBED [&Type "Double"]       0.0000000000000000e+00
   &FINALEN [&Type "Double"]      -8.3612288641652333e+02  "No Van der Waals correction"
$End
$Mulliken_Population_Analysis
   &GeometryIndex 1
   &ListStatus       OUT
   &NATOMS [&Type "Integer"] 24
   &ATNO [&Type "ArrayOfIntegers", &Dim (24,1)] 
                                                         0

0                                                        6
1                                                        1
2                                                        1
3                                                        6
4                                                        6
5                                                        8
6                                                        8
7                                                        8
8                                                        6
9                                                        1
10                                                       6
11                                                       1
12                                                       6
13                                                       6
14                                                       1
15                                                       6
16                                                       1
17                                                       6
18                                                       1
19                                                       8
20                                                       1
21                                                       6
22                                                       8
23                                                       8
   &ATOMICCHARGES [&Type "ArrayOfDoubles", &Dim (24,1)] 
                                                         0

0                                      2.2844194463771128e-01
1                                     -4.3449573410293318e-02
2                                     -3.4614343168473560e-02
3                                     -8.1854880949920883e-03
4                                      1.0120899654958215e-01
5                                     -4.1794517971343836e-01
6                                     -4.0379173839484750e-01
7                                     -2.9358656429876007e-01
8                                     -7.2402548920519116e-02
9                                     -1.0212293901646374e-01
10                                     5.7737293863278083e-02
11                                    -5.3087801473546525e-02
12                                    -2.0410546243857741e-01
13                                     6.1801003067850857e-02
14                                    -5.1380164813283224e-02
15                                    -6.9043039201315715e-02
16                                    -8.1132276315941443e-02
17                                     3.1965345519976740e-01
18                                     6.8007905728750817e-03
19                                    -3.6012626087765476e-01
20                                     1.4278544735776300e-01
21                                     9.3719359053011431e-02
22                                    -4.1528277174310979e-01
23                                    -4.0189213842069371e-01
$End
$Loewdin_Population_Analysis
   &GeometryIndex 1
   &ListStatus       OUT
   &NATOMS [&Type "Integer"] 24
   &ATNO [&Type "ArrayOfIntegers", &Dim (24,1)] 
                                                         0

0                                                        6
1                                                        1
2                                                        1
3                                                        6
4                                                        6
5                                                        8
6                                                        8
7                                                        8
8                                                        6
9                                                        1
10                                                       6
11                                                       1
12                                                       6
13                                                       6
14                                                       1
15                                                       6
16                                                       1
17                                                       6
18                                                       1
19                                                       8
20                                                       1
21                                                       6
22                                                       8
23                                                       8
   &ATOMICCHARGES [&Type "ArrayOfDoubles", &Dim (24,1)] 
                                                         0

0                                     -2.8727816063631728e-02
1                                      1.2091327462759760e-02
2                                      1.3301444078024027e-02
3                                      4.1995098765555738e-02
4                                     -7.4752476603631379e-02
5                                     -3.6077742384850175e-01
6                                     -3.6100129519143387e-01
7                                     -2.0466487420427448e-01
8                                     -7.6061352504086521e-02
9                                     -1.2111717436314118e-02
10                                     3.0808760896343657e-03
11                                     8.9090764735887396e-03
12                                    -7.9197086203071976e-02
13                                     5.0332530148722299e-04
14                                     1.0513102574867261e-02
15                                    -6.1589835409898264e-02
16                                    -2.2316989053821068e-03
17                                     4.4733104597423079e-02
18                                     1.2168714988834983e-02
19                                    -1.8021447486086473e-01
20                                     7.6565022179057363e-02
21                                    -2.4574943077350753e-02
22                                    -3.8010575559579607e-01
23                                    -3.7785034260704187e-01
$End
$Mayer_Population_Analysis
   &GeometryIndex 1
   &ListStatus       OUT
   &NATOMS [&Type "Integer"] 24 "Total number of atoms"
   &BONDTHRESH [&Type "Double"]       1.0000000000000001e-01  "The threshold for printing"
   &NBONDORDERSPRINT [&Type "Integer"] 27 "The number of bond orders larger than threshold"
   &BONDORDERS [&Type "ArrayOfDoubles", &Dim (27,1)] "The bond orders"
                                                         0

0                                      8.8735876013806292e-01
1                                      9.1606176668775297e-01
2                                      9.8220428431771734e-01
3                                      1.0073283791206782e+00
4                                      8.3244613509961596e-01
5                                      2.0124773294688749e+00
6                                      1.8193880420955408e+00
7                                      1.8067894648703005e+00
8                                      1.2475772299095289e-01
9                                      1.1001488043212464e-01
10                                     9.4941886224254746e-01
11                                     1.8753737524947516e+00
12                                     9.7163552561428712e-01
13                                     9.5895699633822917e-01
14                                     9.8155583739838403e-01
15                                     9.6268497035743006e-01
16                                     7.7630646168733863e-01
17                                     9.5851030938249493e-01
18                                     1.8800874439006341e+00
19                                     9.5520742251720681e-01
20                                     9.7475350834398877e-01
21                                     8.4592992461300298e-01
22                                     9.7042122839862288e-01
23                                     9.7382637482262702e-01
24                                     1.8373078860994907e+00
25                                     1.9010390641983581e+00
26                                     1.1347295440000535e-01
   &COMPONENTS [&Type "ArrayOfIntegers", &Dim (27,4)] "The indices and atomic numbers of the bonding atoms"
                                                         0                           1                           2                           3

0                                                        0                           6                           1                           1
1                                                        0                           6                           2                           1
2                                                        0                           6                           3                           6
3                                                        0                           6                          12                           6
4                                                        3                           6                           4                           6
5                                                        3                           6                           7                           8
6                                                        4                           6                           5                           8
7                                                        4                           6                           6                           8
8                                                        5                           8                           6                           8
9                                                        6                           8                          18                           1
10                                                       8                           6                           9                           1
11                                                       8                           6                          10                           6
12                                                       8                           6                          17                           6
13                                                      10                           6                          11                           1
14                                                      10                           6                          12                           6
15                                                      12                           6                          13                           6
16                                                      12                           6                          21                           6
17                                                      13                           6                          14                           1
18                                                      13                           6                          15                           6
19                                                      15                           6                          16                           1
20                                                      15                           6                          17                           6
21                                                      17                           6                          18                           1
22                                                      17                           6                          19                           8
23                                                      19                           8                          20                           1
24                                                      21                           6                          22                           8
25                                                      21                           6                          23                           8
26                                                      22                           8                          23                           8
   &ATNO [&Type "ArrayOfIntegers", &Dim (24,1)] "Atomic number of the elements"
                                                         0

0                                                        6
1                                                        1
2                                                        1
3                                                        6
4                                                        6
5                                                        8
6                                                        8
7                                                        8
8                                                        6
9                                                        1
10                                                       6
11                                                       1
12                                                       6
13                                                       6
14                                                       1
15                                                       6
16                                                       1
17                                                       6
18                                                       1
19                                                       8
20                                                       1
21                                                       6
22                                                       8
23                                                       8
   &NA [&Type "ArrayOfDoubles", &Dim (24,1)] "Mulliken gross atomic population"
                                                         0

0                                      5.7715580553622932e+00
1                                      1.0434495734102929e+00
2                                      1.0346143431684727e+00
3                                      6.0081854880949903e+00
4                                      5.8987910034504214e+00
5                                      8.4179451797134401e+00
6                                      8.4037917383948511e+00
7                                      8.2935865642987547e+00
8                                      6.0724025489205156e+00
9                                      1.1021229390164637e+00
10                                     5.9422627061367228e+00
11                                     1.0530878014735465e+00
12                                     6.2041054624385774e+00
13                                     5.9381989969321500e+00
14                                     1.0513801648132828e+00
15                                     6.0690430392013166e+00
16                                     1.0811322763159412e+00
17                                     5.6803465448002344e+00
18                                     9.9319920942712481e-01
19                                     8.3601262608776512e+00
20                                     8.5721455264223712e-01
21                                     5.9062806409469868e+00
22                                     8.4152827717431151e+00
23                                     8.4018921384206919e+00
   &ZA [&Type "ArrayOfDoubles", &Dim (24,1)] "Total nuclear charge"
                                                         0

0                                      6.0000000000000000e+00
1                                      1.0000000000000000e+00
2                                      1.0000000000000000e+00
3                                      6.0000000000000000e+00
4                                      6.0000000000000000e+00
5                                      8.0000000000000000e+00
6                                      8.0000000000000000e+00
7                                      8.0000000000000000e+00
8                                      6.0000000000000000e+00
9                                      1.0000000000000000e+00
10                                     6.0000000000000000e+00
11                                     1.0000000000000000e+00
12                                     6.0000000000000000e+00
13                                     6.0000000000000000e+00
14                                     1.0000000000000000e+00
15                                     6.0000000000000000e+00
16                                     1.0000000000000000e+00
17                                     6.0000000000000000e+00
18                                     1.0000000000000000e+00
19                                     8.0000000000000000e+00
20                                     1.0000000000000000e+00
21                                     6.0000000000000000e+00
22                                     8.0000000000000000e+00
23                                     8.0000000000000000e+00
   &QA [&Type "ArrayOfDoubles", &Dim (24,1)] "Mulliken gross atomic charge"
                                                         0

0                                      2.2844194463770684e-01
1                                     -4.3449573410292874e-02
2                                     -3.4614343168472672e-02
3                                     -8.1854880949903119e-03
4                                      1.0120899654957860e-01
5                                     -4.1794517971344014e-01
6                                     -4.0379173839485105e-01
7                                     -2.9358656429875474e-01
8                                     -7.2402548920515564e-02
9                                     -1.0212293901646374e-01
10                                     5.7737293863277195e-02
11                                    -5.3087801473546525e-02
12                                    -2.0410546243857741e-01
13                                     6.1801003067849969e-02
14                                    -5.1380164813282780e-02
15                                    -6.9043039201316603e-02
16                                    -8.1132276315941221e-02
17                                     3.1965345519976562e-01
18                                     6.8007905728751927e-03
19                                    -3.6012626087765121e-01
20                                     1.4278544735776288e-01
21                                     9.3719359053013207e-02
22                                    -4.1528277174311512e-01
23                                    -4.0189213842069194e-01
   &VA [&Type "ArrayOfDoubles", &Dim (24,1)] "Mayer's total valence"
                                                         0

0                                      3.7949742934312116e+00
1                                      1.0381563627110619e+00
2                                      1.0137211797739232e+00
3                                      3.9635199219627864e+00
4                                      4.4816243263047459e+00
5                                      2.0601540486770595e+00
6                                      2.0842381962348799e+00
7                                      2.1667304983673805e+00
8                                      3.9288046087472184e+00
9                                      9.7948652628291066e-01
10                                     3.9153548975897889e+00
11                                     1.0354731316124273e+00
12                                     3.6987760752162750e+00
13                                     3.8901466022362863e+00
14                                     1.0303821819042596e+00
15                                     3.9413698318780250e+00
16                                     9.8509506647600842e-01
17                                     3.7500143681700631e+00
18                                     1.0690353982046583e+00
19                                     1.9958637618352939e+00
20                                     1.0187486731240016e+00
21                                     4.5401238092374090e+00
22                                     2.0630262719198580e+00
23                                     2.0972513614291008e+00
   &BVA [&Type "ArrayOfDoubles", &Dim (24,1)] "Mayer's bonded valence"
                                                         0

0                                      3.7949742934311987e+00
1                                      1.0381563627110519e+00
2                                      1.0137211797739174e+00
3                                      3.9635199219628210e+00
4                                      4.4816243263047379e+00
5                                      2.0601540486770205e+00
6                                      2.0842381962348320e+00
7                                      2.1667304983674072e+00
8                                      3.9288046087472956e+00
9                                      9.7948652628292787e-01
10                                     3.9153548975898333e+00
11                                     1.0354731316124339e+00
12                                     3.6987760752163368e+00
13                                     3.8901466022363409e+00
14                                     1.0303821819042744e+00
15                                     3.9413698318780543e+00
16                                     9.8509506647600198e-01
17                                     3.7500143681700564e+00
18                                     1.0690353982046543e+00
19                                     1.9958637618352828e+00
20                                     1.0187486731239983e+00
21                                     4.5401238092373841e+00
22                                     2.0630262719198349e+00
23                                     2.0972513614290875e+00
   &FA [&Type "ArrayOfDoubles", &Dim (24,1)] "Mayer's free valence"
                                                         0

0                                      0.0000000000000000e+00
1                                      0.0000000000000000e+00
2                                      0.0000000000000000e+00
3                                      0.0000000000000000e+00
4                                      0.0000000000000000e+00
5                                      0.0000000000000000e+00
6                                      0.0000000000000000e+00
7                                      0.0000000000000000e+00
8                                      0.0000000000000000e+00
9                                      0.0000000000000000e+00
10                                     0.0000000000000000e+00
11                                     0.0000000000000000e+00
12                                     0.0000000000000000e+00
13                                     0.0000000000000000e+00
14                                     0.0000000000000000e+00
15                                     0.0000000000000000e+00
16                                     0.0000000000000000e+00
17                                     0.0000000000000000e+00
18                                     0.0000000000000000e+00
19                                     0.0000000000000000e+00
20                                     0.0000000000000000e+00
21                                     0.0000000000000000e+00
22                                     0.0000000000000000e+00
23                                     0.0000000000000000e+00
$End
$VdW_Correction
   &GeometryIndex 1
   &ListStatus       OUT
   &VDW [&Type "Double"]      -5.3793766179623538e-02
$End
$Calculation_Info
   &GeometryIndex 1
   &ListStatus       OUT
   &MULT [&Type "Integer"] 1
   &CHARGE [&Type "Integer"] -2
   &NUMOFATOMS [&Type "Integer"] 24
   &NUMOFELECTRONS [&Type "Integer"] 118
   &NUMOFFCELECTRONS [&Type "Integer"] 1
   &NUMOFCORRELECTRONS [&Type "Integer"] 0
   &NUMOFBASISFUNCTS [&Type "Integer"] 264
   &NUMOFAUXCBASISFUNCTS [&Type "Integer"] 0
   &NUMOFAUXJBASISFUNCTS [&Type "Integer"] 872
   &NUMOFAUXJKBASISFUNCTS [&Type "Integer"] 0
   &NUMOFCABSBASISFUNCTS [&Type "Integer"] 0
   &TOTALENERGY [&Type "Double"]      -8.3617668018270297e+02  "Hartrees"
$End
$SCF_Dipole_Moment
   &GeometryIndex 1
   &ListStatus       OUT
   &METHOD [&Type "String"] "SCF"
   &LEVEL [&Type "String"] "Relaxed density"
   &MULT [&Type "Integer"] 1
   &STATE [&Type "Integer"] -1
   &IRREP [&Type "Integer"] 0
   &NATOMS [&Type "Integer"] 24
   &DODIPOLEATOM [&Type "Boolean"] false
   &DIPOLEELECCONTRIB [&Type "ArrayOfDoubles", &Dim (3,1)] "Electronic contribution"
                                                         0

0                                      2.0342422214210090e+00
1                                      1.5754574021547996e+00
2                                      2.2105351226761298e+00
   &DIPOLENUCCONTRIB [&Type "ArrayOfDoubles", &Dim (3,1)] "Nuclear contribution"
                                                         0

0                                     -3.5826395603392172e+00
1                                     -3.5434296145099182e+00
2                                     -2.5757754225954557e+00
   &DIPOLETOTAL [&Type "ArrayOfDoubles", &Dim (3,1)] "Total"
                                                         0

0                                     -1.5483973389182082e+00
1                                     -1.9679722123551187e+00
2                                     -3.6524029991932583e-01
   &DIPOLEMAGNITUDE [&Type "Double", &Units "a.u."]       2.5305828230777285e+00
$End
