*************************************************
******************* ORCA 6.0.1 ******************
*************************************************
$Calculation_Status
   &GeometryIndex 1
   &ListStatus       OUT
   &VERSION [&Type "String"] "6.0.1"
   &PROGNAME [&Type "String"] "LeanSCF"
   &STATUS [&Type "String"] "NORMAL TERMINATION"
$End
$Geometry
   &GeometryIndex 1
   &ListStatus       OUT
   &NATOMS [&Type "Integer"] 24
   &NCORELESSECP [&Type "Integer"] 0
   &NGHOSTATOMS [&Type "Integer"] 0
   &CartesianCoordinates [&Type "Coordinates", &Dim(24,4), &Units "Bohr"] 
              C     79.616051748236   40.026289242586   79.417630504175
              H     81.426409384533   39.054970009751   79.141730488622
              H     79.878723680851   42.089870180828   79.379835981496
              C     78.582371552981   39.149456316447   81.925297083888
              C     77.046024206103   40.914460525529   83.688411566837
              O     77.915298227707   43.095204484074   83.945414321050
              O     75.156298072182   39.999833076711   84.793901355180
              O     78.994331850176   36.991389071509   82.596149861430
              C     75.061811765486   35.555197209728   78.365053047580
              H     74.636623385354   33.535079972567   78.495444150821
              C     77.212320105888   36.386676708654   77.344600935263
              H     78.637173610865   35.075206771712   76.624615278239
              C     77.845378360752   39.175912482321   77.180194761612
              C     75.475661788815   40.761392708681   77.297357781915
              H     75.594714535252   42.653008568737   76.471547461391
              C     73.374286327894   39.943141292693   78.429303736134
              H     71.701878699374   41.146896840001   78.620166075660
              C     73.141850013422   37.320201418811   79.521565441540
              H     73.568928119688   37.454371974319   81.571918296845
              O     70.647411516646   36.490611646019   79.190863368104
              H     70.360173144290   34.846549909508   80.268007264439
              C     79.283459948666   39.516063186427   74.638513111488
              O     81.513336786693   38.652458343225   74.544026804792
              O     78.170411255786   40.549743381682   72.852721914932
$End
$SCF_Energy
   &GeometryIndex 1
   &ListStatus       OUT
   &SCF_ENERGY [&Type "Double"]      -8.3611805986909735e+02
$End
$DFT_Energy
   &GeometryIndex 1
   &ListStatus       OUT
   &NALPHAEL [&Type "Integer"] 59
   &NBETAEL [&Type "Integer"] 59
   &NTOTALEL [&Type "Integer"] 118
   &EEXCHANGE [&Type "Double"]      -8.3129352838789373e+01
   &ECORR [&Type "Double"]      -4.8461529452047492e+00
   &ECNL [&Type "Double"]       0.0000000000000000e+00
   &EXC [&Type "Double"]      -8.7975505783994123e+01
   &EEMBED [&Type "Double"]       0.0000000000000000e+00
   &FINALEN [&Type "Double"]      -8.3611805986909735e+02  "No Van der Waals correction"
$End
$Mulliken_Population_Analysis
   &GeometryIndex 1
   &ListStatus       OUT
   &NATOMS [&Type "Integer"] 24
   &ATNO [&Type "ArrayOfIntegers", &Dim (24,1)] 
                                                         0

0                                                        6
1                                                        1
2                                                        1
3                                                        6
4                                                        6
5                                                        8
6                                                        8
7                                                        8
8                                                        6
9                                                        1
10                                                       6
11                                                       1
12                                                       6
13                                                       6
14                                                       1
15                                                       6
16                                                       1
17                                                       6
18                                                       1
19                                                       8
20                                                       1
21                                                       6
22                                                       8
23                                                       8
   &ATOMICCHARGES [&Type "ArrayOfDoubles", &Dim (24,1)] 
                                                         0

0                                      2.6199639320354429e-01
1                                     -4.2657150565418966e-02
2                                     -4.0388151781314718e-02
3                                     -3.9002419354991602e-02
4                                      9.7905478022201287e-02
5                                     -4.1398099974161617e-01
6                                     -4.0244099151382073e-01
7                                     -2.7974954743184632e-01
8                                     -9.0768587253521105e-02
9                                     -1.0195896205131572e-01
10                                     6.4881750309377040e-02
11                                    -5.2295741247063265e-02
12                                    -2.1153841420997122e-01
13                                     8.2273576093346179e-02
14                                    -5.5182437985829891e-02
15                                    -8.5679823699681634e-02
16                                    -7.1757048203896723e-02
17                                     3.1295496354870167e-01
18                                     2.1523958591113113e-02
19                                    -3.7065425698949106e-01
20                                     1.5436047503315886e-01
21                                     7.5321625178131235e-02
22                                    -4.3488288051374901e-01
23                                    -3.7828080743598491e-01
$End
$Loewdin_Population_Analysis
   &GeometryIndex 1
   &ListStatus       OUT
   &NATOMS [&Type "Integer"] 24
   &ATNO [&Type "ArrayOfIntegers", &Dim (24,1)] 
                                                         0

0                                                        6
1                                                        1
2                                                        1
3                                                        6
4                                                        6
5                                                        8
6                                                        8
7                                                        8
8                                                        6
9                                                        1
10                                                       6
11                                                       1
12                                                       6
13                                                       6
14                                                       1
15                                                       6
16                                                       1
17                                                       6
18                                                       1
19                                                       8
20                                                       1
21                                                       6
22                                                       8
23                                                       8
   &ATOMICCHARGES [&Type "ArrayOfDoubles", &Dim (24,1)] 
                                                         0

0                                     -3.2958851657092225e-02
1                                      1.2903736937722843e-02
2                                      1.2509098550467779e-02
3                                      3.7357657546666090e-02
4                                     -7.3572948465422172e-02
5                                     -3.6377907814179622e-01
6                                     -3.6351522885105858e-01
7                                     -2.0038889416750649e-01
8                                     -7.7696060911341291e-02
9                                     -1.2780941524120237e-02
10                                     4.5250135434740102e-03
11                                     1.0152666912837449e-02
12                                    -7.8632318155414715e-02
13                                     5.3995299918234707e-03
14                                     1.1124344935048991e-02
15                                    -6.2802475154037474e-02
16                                     4.6659029008899733e-04
17                                     3.7597357491286232e-02
18                                     1.6505823741316372e-02
19                                    -1.8962355018021704e-01
20                                     9.3803642742701254e-02
21                                    -3.2207219274123844e-02
22                                    -3.9653446792073055e-01
23                                    -3.5785342828051547e-01
$End
$Mayer_Population_Analysis
   &GeometryIndex 1
   &ListStatus       OUT
   &NATOMS [&Type "Integer"] 24 "Total number of atoms"
   &BONDTHRESH [&Type "Double"]       1.0000000000000001e-01  "The threshold for printing"
   &NBONDORDERSPRINT [&Type "Integer"] 27 "The number of bond orders larger than threshold"
   &BONDORDERS [&Type "ArrayOfDoubles", &Dim (27,1)] "The bond orders"
                                                         0

0                                      8.6947646412928081e-01
1                                      9.1345341325782137e-01
2                                      9.7453713191275204e-01
3                                      1.0056853187913430e+00
4                                      8.1779155699647887e-01
5                                      2.0365306404609251e+00
6                                      1.8274238856658305e+00
7                                      1.8005961112204738e+00
8                                      1.2838886106527794e-01
9                                      1.2938828463868141e-01
10                                     9.4542256898273380e-01
11                                     1.8825939820406559e+00
12                                     9.7907854983509179e-01
13                                     9.5904059209359649e-01
14                                     9.8102196541613629e-01
15                                     9.6087102886813536e-01
16                                     7.7846816796681262e-01
17                                     9.6184999502856505e-01
18                                     1.8675620886605224e+00
19                                     9.6043227851381874e-01
20                                     9.8370713205875648e-01
21                                     8.4072253804655406e-01
22                                     9.6943674606787211e-01
23                                     9.6157582550894338e-01
24                                     1.8104691771785486e+00
25                                     1.9407965194830734e+00
26                                     1.1223994242097897e-01
   &COMPONENTS [&Type "ArrayOfIntegers", &Dim (27,4)] "The indices and atomic numbers of the bonding atoms"
                                                         0                           1                           2                           3

0                                                        0                           6                           1                           1
1                                                        0                           6                           2                           1
2                                                        0                           6                           3                           6
3                                                        0                           6                          12                           6
4                                                        3                           6                           4                           6
5                                                        3                           6                           7                           8
6                                                        4                           6                           5                           8
7                                                        4                           6                           6                           8
8                                                        5                           8                           6                           8
9                                                        6                           8                          18                           1
10                                                       8                           6                           9                           1
11                                                       8                           6                          10                           6
12                                                       8                           6                          17                           6
13                                                      10                           6                          11                           1
14                                                      10                           6                          12                           6
15                                                      12                           6                          13                           6
16                                                      12                           6                          21                           6
17                                                      13                           6                          14                           1
18                                                      13                           6                          15                           6
19                                                      15                           6                          16                           1
20                                                      15                           6                          17                           6
21                                                      17                           6                          18                           1
22                                                      17                           6                          19                           8
23                                                      19                           8                          20                           1
24                                                      21                           6                          22                           8
25                                                      21                           6                          23                           8
26                                                      22                           8                          23                           8
   &ATNO [&Type "ArrayOfIntegers", &Dim (24,1)] "Atomic number of the elements"
                                                         0

0                                                        6
1                                                        1
2                                                        1
3                                                        6
4                                                        6
5                                                        8
6                                                        8
7                                                        8
8                                                        6
9                                                        1
10                                                       6
11                                                       1
12                                                       6
13                                                       6
14                                                       1
15                                                       6
16                                                       1
17                                                       6
18                                                       1
19                                                       8
20                                                       1
21                                                       6
22                                                       8
23                                                       8
   &NA [&Type "ArrayOfDoubles", &Dim (24,1)] "Mulliken gross atomic population"
                                                         0

0                                      5.7380036067964584e+00
1                                      1.0426571505654194e+00
2                                      1.0403881517813141e+00
3                                      6.0390024193549898e+00
4                                      5.9020945219777987e+00
5                                      8.4139809997416162e+00
6                                      8.4024409915138243e+00
7                                      8.2797495474318481e+00
8                                      6.0907685872535282e+00
9                                      1.1019589620513157e+00
10                                     5.9351182496906238e+00
11                                     1.0522957412470637e+00
12                                     6.2115384142099677e+00
13                                     5.9177264239066529e+00
14                                     1.0551824379858303e+00
15                                     6.0856798236996799e+00
16                                     1.0717570482038967e+00
17                                     5.6870450364512974e+00
18                                     9.7847604140888633e-01
19                                     8.3706542569894875e+00
20                                     8.4563952496684125e-01
21                                     5.9246783748218697e+00
22                                     8.4348828805137543e+00
23                                     8.3782808074359849e+00
   &ZA [&Type "ArrayOfDoubles", &Dim (24,1)] "Total nuclear charge"
                                                         0

0                                      6.0000000000000000e+00
1                                      1.0000000000000000e+00
2                                      1.0000000000000000e+00
3                                      6.0000000000000000e+00
4                                      6.0000000000000000e+00
5                                      8.0000000000000000e+00
6                                      8.0000000000000000e+00
7                                      8.0000000000000000e+00
8                                      6.0000000000000000e+00
9                                      1.0000000000000000e+00
10                                     6.0000000000000000e+00
11                                     1.0000000000000000e+00
12                                     6.0000000000000000e+00
13                                     6.0000000000000000e+00
14                                     1.0000000000000000e+00
15                                     6.0000000000000000e+00
16                                     1.0000000000000000e+00
17                                     6.0000000000000000e+00
18                                     1.0000000000000000e+00
19                                     8.0000000000000000e+00
20                                     1.0000000000000000e+00
21                                     6.0000000000000000e+00
22                                     8.0000000000000000e+00
23                                     8.0000000000000000e+00
   &QA [&Type "ArrayOfDoubles", &Dim (24,1)] "Mulliken gross atomic charge"
                                                         0

0                                      2.6199639320354162e-01
1                                     -4.2657150565419411e-02
2                                     -4.0388151781314052e-02
3                                     -3.9002419354989826e-02
4                                      9.7905478022201287e-02
5                                     -4.1398099974161617e-01
6                                     -4.0244099151382429e-01
7                                     -2.7974954743184810e-01
8                                     -9.0768587253528210e-02
9                                     -1.0195896205131572e-01
10                                     6.4881750309376152e-02
11                                    -5.2295741247063710e-02
12                                    -2.1153841420996766e-01
13                                     8.2273576093347067e-02
14                                    -5.5182437985830335e-02
15                                    -8.5679823699679858e-02
16                                    -7.1757048203896723e-02
17                                     3.1295496354870256e-01
18                                     2.1523958591113668e-02
19                                    -3.7065425698948751e-01
20                                     1.5436047503315875e-01
21                                     7.5321625178130347e-02
22                                    -4.3488288051375434e-01
23                                    -3.7828080743598491e-01
   &VA [&Type "ArrayOfDoubles", &Dim (24,1)] "Mayer's total valence"
                                                         0

0                                      3.7601444795571926e+00
1                                      1.0624467624078822e+00
2                                      1.0207872539808451e+00
3                                      3.9654795956464031e+00
4                                      4.4588954217241232e+00
5                                      2.0663110673626424e+00
6                                      2.0840047184389885e+00
7                                      2.1791590593122225e+00
8                                      3.9474397547618749e+00
9                                      9.7876246829029778e-01
10                                     3.9276205482594948e+00
11                                     1.0183627716445796e+00
12                                     3.7008674778992177e+00
13                                     3.8998511518748207e+00
14                                     1.0127512600507524e+00
15                                     3.9303478702631218e+00
16                                     9.8777454202281012e-01
17                                     3.7539324847203313e+00
18                                     1.0891909058914264e+00
19                                     1.9997442814810182e+00
20                                     1.0068417579628077e+00
21                                     4.5632339873397134e+00
22                                     2.0442146825122003e+00
23                                     2.1205400051585048e+00
   &BVA [&Type "ArrayOfDoubles", &Dim (24,1)] "Mayer's bonded valence"
                                                         0

0                                      3.7601444795571997e+00
1                                      1.0624467624078822e+00
2                                      1.0207872539808465e+00
3                                      3.9654795956464159e+00
4                                      4.4588954217241135e+00
5                                      2.0663110673626335e+00
6                                      2.0840047184389210e+00
7                                      2.1791590593122017e+00
8                                      3.9474397547618860e+00
9                                      9.7876246829030067e-01
10                                     3.9276205482594855e+00
11                                     1.0183627716445742e+00
12                                     3.7008674778992061e+00
13                                     3.8998511518748047e+00
14                                     1.0127512600507371e+00
15                                     3.9303478702631085e+00
16                                     9.8777454202281745e-01
17                                     3.7539324847202975e+00
18                                     1.0891909058914238e+00
19                                     1.9997442814810125e+00
20                                     1.0068417579628046e+00
21                                     4.5632339873397205e+00
22                                     2.0442146825122069e+00
23                                     2.1205400051585421e+00
   &FA [&Type "ArrayOfDoubles", &Dim (24,1)] "Mayer's free valence"
                                                         0

0                                      0.0000000000000000e+00
1                                      0.0000000000000000e+00
2                                      0.0000000000000000e+00
3                                      0.0000000000000000e+00
4                                      0.0000000000000000e+00
5                                      0.0000000000000000e+00
6                                      0.0000000000000000e+00
7                                      0.0000000000000000e+00
8                                      0.0000000000000000e+00
9                                      0.0000000000000000e+00
10                                     0.0000000000000000e+00
11                                     0.0000000000000000e+00
12                                     0.0000000000000000e+00
13                                     0.0000000000000000e+00
14                                     0.0000000000000000e+00
15                                     0.0000000000000000e+00
16                                     0.0000000000000000e+00
17                                     0.0000000000000000e+00
18                                     0.0000000000000000e+00
19                                     0.0000000000000000e+00
20                                     0.0000000000000000e+00
21                                     0.0000000000000000e+00
22                                     0.0000000000000000e+00
23                                     0.0000000000000000e+00
$End
$VdW_Correction
   &GeometryIndex 1
   &ListStatus       OUT
   &VDW [&Type "Double"]      -5.4369236843572866e-02
$End
$Calculation_Info
   &GeometryIndex 1
   &ListStatus       OUT
   &MULT [&Type "Integer"] 1
   &CHARGE [&Type "Integer"] -2
   &NUMOFATOMS [&Type "Integer"] 24
   &NUMOFELECTRONS [&Type "Integer"] 118
   &NUMOFFCELECTRONS [&Type "Integer"] 1
   &NUMOFCORRELECTRONS [&Type "Integer"] 0
   &NUMOFBASISFUNCTS [&Type "Integer"] 264
   &NUMOFAUXCBASISFUNCTS [&Type "Integer"] 0
   &NUMOFAUXJBASISFUNCTS [&Type "Integer"] 872
   &NUMOFAUXJKBASISFUNCTS [&Type "Integer"] 0
   &NUMOFCABSBASISFUNCTS [&Type "Integer"] 0
   &TOTALENERGY [&Type "Double"]      -8.3617242910594098e+02  "Hartrees"
$End
$SCF_Dipole_Moment
   &GeometryIndex 1
   &ListStatus       OUT
   &METHOD [&Type "String"] "SCF"
   &LEVEL [&Type "String"] "Relaxed density"
   &MULT [&Type "Integer"] 1
   &STATE [&Type "Integer"] -1
   &IRREP [&Type "Integer"] 0
   &NATOMS [&Type "Integer"] 24
   &DODIPOLEATOM [&Type "Boolean"] false
   &DIPOLEELECCONTRIB [&Type "ArrayOfDoubles", &Dim (3,1)] "Electronic contribution"
                                                         0

0                                      2.5376315793517117e+00
1                                      1.4332918948313347e+00
2                                      1.4915541694460226e+00
   &DIPOLENUCCONTRIB [&Type "ArrayOfDoubles", &Dim (3,1)] "Nuclear contribution"
                                                         0

0                                     -4.2645140992986228e+00
1                                     -3.1662315177706759e+00
2                                     -1.3050274956343060e+00
   &DIPOLETOTAL [&Type "ArrayOfDoubles", &Dim (3,1)] "Total"
                                                         0

0                                     -1.7268825199469111e+00
1                                     -1.7329396229393412e+00
2                                      1.8652667381171661e-01
   &DIPOLEMAGNITUDE [&Type "Double", &Units "a.u."]       2.4535678459122749e+00
$End
