*************************************************
******************* ORCA 6.0.1 ******************
*************************************************
$Calculation_Status
   &GeometryIndex 1
   &ListStatus       OUT
   &VERSION [&Type "String"] "6.0.1"
   &PROGNAME [&Type "String"] "LeanSCF"
   &STATUS [&Type "String"] "NORMAL TERMINATION"
$End
$Geometry
   &GeometryIndex 1
   &ListStatus       OUT
   &NATOMS [&Type "Integer"] 24
   &NCORELESSECP [&Type "Integer"] 0
   &NGHOSTATOMS [&Type "Integer"] 0
   &CartesianCoordinates [&Type "Coordinates", &Dim(24,4), &Units "Bohr"] 
              C     81.483101168550   31.142686687022   87.307237113296
              H     83.091258108517   29.834996202349   87.473533013081
              H     82.203086825574   33.058868986818   86.974645313726
              C     80.022342867029   30.953714073630   89.744983826054
              C     78.948978422962   33.279966944487   91.226529115048
              O     79.810693540030   35.445593093961   90.765435938372
              O     77.327593400058   32.764071709927   92.851693590221
              O     79.604713391433   28.869346147915   90.602919490854
              C     76.121948126616   27.675039231277   86.296233631648
              H     75.197872047128   25.859012416578   86.647722692557
              C     78.485995520151   27.792202251580   85.409952074839
              H     79.531014072210   26.070661743578   84.994212325376
              C     79.820142170700   30.275302391552   84.954528076564
              C     77.894511240234   32.333214151393   84.506662982824
              H     78.533238673499   33.905466294815   83.321804696856
              C     75.566368643243   32.242507296964   85.479871941794
              H     74.270016515373   33.826097797190   85.205861652375
              C     74.612056945613   30.003181828268   86.970865861458
              H     74.952207649719   30.411362673195   89.004211181557
              O     72.009904059203   29.723502360447   86.536228850656
              H     71.301256758983   28.232508440783   87.598254937920
              C     81.768449814773   30.095778408830   82.735989595340
              O     82.872049876983   28.034087196722   82.382610808297
              O     82.163402576762   32.081880575581   81.515226512827
$End
$SCF_Energy
   &GeometryIndex 1
   &ListStatus       OUT
   &SCF_ENERGY [&Type "Double"]      -8.3611571965814426e+02
$End
$DFT_Energy
   &GeometryIndex 1
   &ListStatus       OUT
   &NALPHAEL [&Type "Integer"] 59
   &NBETAEL [&Type "Integer"] 59
   &NTOTALEL [&Type "Integer"] 118
   &EEXCHANGE [&Type "Double"]      -8.3125979291928758e+01
   &ECORR [&Type "Double"]      -4.8455689972448939e+00
   &ECNL [&Type "Double"]       0.0000000000000000e+00
   &EXC [&Type "Double"]      -8.7971548289173654e+01
   &EEMBED [&Type "Double"]       0.0000000000000000e+00
   &FINALEN [&Type "Double"]      -8.3611571965814426e+02  "No Van der Waals correction"
$End
$Mulliken_Population_Analysis
   &GeometryIndex 1
   &ListStatus       OUT
   &NATOMS [&Type "Integer"] 24
   &ATNO [&Type "ArrayOfIntegers", &Dim (24,1)] 
                                                         0

0                                                        6
1                                                        1
2                                                        1
3                                                        6
4                                                        6
5                                                        8
6                                                        8
7                                                        8
8                                                        6
9                                                        1
10                                                       6
11                                                       1
12                                                       6
13                                                       6
14                                                       1
15                                                       6
16                                                       1
17                                                       6
18                                                       1
19                                                       8
20                                                       1
21                                                       6
22                                                       8
23                                                       8
   &ATOMICCHARGES [&Type "ArrayOfDoubles", &Dim (24,1)] 
                                                         0

0                                      2.4439422760360063e-01
1                                     -4.5363905139536032e-02
2                                     -2.5930629397586058e-02
3                                     -5.8971807681068356e-02
4                                      6.2573650434183392e-02
5                                     -4.0337940166548947e-01
6                                     -3.9833046824251817e-01
7                                     -2.4538597185829758e-01
8                                     -9.1197241816946217e-02
9                                     -1.0162096663348552e-01
10                                     6.6471128546170100e-02
11                                    -5.6858662547643934e-02
12                                    -2.1756144410265943e-01
13                                     5.6228008005087204e-02
14                                    -3.7127776897569076e-02
15                                    -8.5984964369165695e-02
16                                    -7.0019028205541733e-02
17                                     3.1995139280392859e-01
18                                     2.2863627601350744e-02
19                                    -3.6603868827763542e-01
20                                     1.5410687596716355e-01
21                                     9.1718623990563408e-02
22                                    -4.0922280114526188e-01
23                                    -4.0531377697157112e-01
$End
$Loewdin_Population_Analysis
   &GeometryIndex 1
   &ListStatus       OUT
   &NATOMS [&Type "Integer"] 24
   &ATNO [&Type "ArrayOfIntegers", &Dim (24,1)] 
                                                         0

0                                                        6
1                                                        1
2                                                        1
3                                                        6
4                                                        6
5                                                        8
6                                                        8
7                                                        8
8                                                        6
9                                                        1
10                                                       6
11                                                       1
12                                                       6
13                                                       6
14                                                       1
15                                                       6
16                                                       1
17                                                       6
18                                                       1
19                                                       8
20                                                       1
21                                                       6
22                                                       8
23                                                       8
   &ATOMICCHARGES [&Type "ArrayOfDoubles", &Dim (24,1)] 
                                                         0

0                                     -2.7934816066914614e-02
1                                      1.4072960629436637e-02
2                                      1.7442420091998034e-02
3                                      2.9203741134042005e-02
4                                     -8.8252978066442722e-02
5                                     -3.7454327336451776e-01
6                                     -3.6230813142021567e-01
7                                     -1.7733395703377397e-01
8                                     -8.2356051072871139e-02
9                                     -1.3660325985138666e-02
10                                     3.8589882520652097e-03
11                                     6.6280114760007836e-03
12                                    -7.8012040120436055e-02
13                                     5.5003463588176871e-03
14                                     1.3685802435732031e-02
15                                    -7.0435460807292571e-02
16                                     7.3949014854057804e-04
17                                     4.0832470227941009e-02
18                                     1.9810967197477658e-02
19                                    -1.8631719608618802e-01
20                                     8.9535350923726664e-02
21                                    -2.8154881691687450e-02
22                                    -3.7907710079920065e-01
23                                    -3.7292433636103439e-01
$End
$Mayer_Population_Analysis
   &GeometryIndex 1
   &ListStatus       OUT
   &NATOMS [&Type "Integer"] 24 "Total number of atoms"
   &BONDTHRESH [&Type "Double"]       1.0000000000000001e-01  "The threshold for printing"
   &NBONDORDERSPRINT [&Type "Integer"] 26 "The number of bond orders larger than threshold"
   &BONDORDERS [&Type "ArrayOfDoubles", &Dim (26,1)] "The bond orders"
                                                         0

0                                      8.8684278582636056e-01
1                                      9.0955064427753041e-01
2                                      9.5671975406383647e-01
3                                      9.9888653444313757e-01
4                                      7.9094008200813026e-01
5                                      2.0660701005791382e+00
6                                      1.8613164332370431e+00
7                                      1.8326704459589793e+00
8                                      1.3556670592744655e-01
9                                      9.4378519319857757e-01
10                                     1.8746202350341821e+00
11                                     9.8492511239061020e-01
12                                     9.5651818521035425e-01
13                                     9.7931016340169841e-01
14                                     9.8076784834760433e-01
15                                     7.8265786725189923e-01
16                                     9.5521590181130389e-01
17                                     1.8671217643657032e+00
18                                     9.6272336487419508e-01
19                                     9.7511077411167602e-01
20                                     8.5762551501350603e-01
21                                     9.7910815814037189e-01
22                                     9.6173706346615706e-01
23                                     1.8640452922823338e+00
24                                     1.8644953056614062e+00
25                                     1.1426045474120884e-01
   &COMPONENTS [&Type "ArrayOfIntegers", &Dim (26,4)] "The indices and atomic numbers of the bonding atoms"
                                                         0                           1                           2                           3

0                                                        0                           6                           1                           1
1                                                        0                           6                           2                           1
2                                                        0                           6                           3                           6
3                                                        0                           6                          12                           6
4                                                        3                           6                           4                           6
5                                                        3                           6                           7                           8
6                                                        4                           6                           5                           8
7                                                        4                           6                           6                           8
8                                                        5                           8                           6                           8
9                                                        8                           6                           9                           1
10                                                       8                           6                          10                           6
11                                                       8                           6                          17                           6
12                                                      10                           6                          11                           1
13                                                      10                           6                          12                           6
14                                                      12                           6                          13                           6
15                                                      12                           6                          21                           6
16                                                      13                           6                          14                           1
17                                                      13                           6                          15                           6
18                                                      15                           6                          16                           1
19                                                      15                           6                          17                           6
20                                                      17                           6                          18                           1
21                                                      17                           6                          19                           8
22                                                      19                           8                          20                           1
23                                                      21                           6                          22                           8
24                                                      21                           6                          23                           8
25                                                      22                           8                          23                           8
   &ATNO [&Type "ArrayOfIntegers", &Dim (24,1)] "Atomic number of the elements"
                                                         0

0                                                        6
1                                                        1
2                                                        1
3                                                        6
4                                                        6
5                                                        8
6                                                        8
7                                                        8
8                                                        6
9                                                        1
10                                                       6
11                                                       1
12                                                       6
13                                                       6
14                                                       1
15                                                       6
16                                                       1
17                                                       6
18                                                       1
19                                                       8
20                                                       1
21                                                       6
22                                                       8
23                                                       8
   &NA [&Type "ArrayOfDoubles", &Dim (24,1)] "Mulliken gross atomic population"
                                                         0

0                                      5.7556057723963985e+00
1                                      1.0453639051395367e+00
2                                      1.0259306293975863e+00
3                                      6.0589718076810657e+00
4                                      5.9374263495658193e+00
5                                      8.4033794016654912e+00
6                                      8.3983304682425199e+00
7                                      8.2453859718583100e+00
8                                      6.0911972418169462e+00
9                                      1.1016209666334857e+00
10                                     5.9335288714538272e+00
11                                     1.0568586625476439e+00
12                                     6.2175614441026603e+00
13                                     5.9437719919949128e+00
14                                     1.0371277768975693e+00
15                                     6.0859849643691666e+00
16                                     1.0700190282055415e+00
17                                     5.6800486071960714e+00
18                                     9.7713637239864948e-01
19                                     8.3660386882776372e+00
20                                     8.4589312403283690e-01
21                                     5.9082813760094357e+00
22                                     8.4092228011452619e+00
23                                     8.4053137769715764e+00
   &ZA [&Type "ArrayOfDoubles", &Dim (24,1)] "Total nuclear charge"
                                                         0

0                                      6.0000000000000000e+00
1                                      1.0000000000000000e+00
2                                      1.0000000000000000e+00
3                                      6.0000000000000000e+00
4                                      6.0000000000000000e+00
5                                      8.0000000000000000e+00
6                                      8.0000000000000000e+00
7                                      8.0000000000000000e+00
8                                      6.0000000000000000e+00
9                                      1.0000000000000000e+00
10                                     6.0000000000000000e+00
11                                     1.0000000000000000e+00
12                                     6.0000000000000000e+00
13                                     6.0000000000000000e+00
14                                     1.0000000000000000e+00
15                                     6.0000000000000000e+00
16                                     1.0000000000000000e+00
17                                     6.0000000000000000e+00
18                                     1.0000000000000000e+00
19                                     8.0000000000000000e+00
20                                     1.0000000000000000e+00
21                                     6.0000000000000000e+00
22                                     8.0000000000000000e+00
23                                     8.0000000000000000e+00
   &QA [&Type "ArrayOfDoubles", &Dim (24,1)] "Mulliken gross atomic charge"
                                                         0

0                                      2.4439422760360152e-01
1                                     -4.5363905139536698e-02
2                                     -2.5930629397586280e-02
3                                     -5.8971807681065691e-02
4                                      6.2573650434180728e-02
5                                     -4.0337940166549124e-01
6                                     -3.9833046824251994e-01
7                                     -2.4538597185831001e-01
8                                     -9.1197241816946217e-02
9                                     -1.0162096663348574e-01
10                                     6.6471128546172764e-02
11                                    -5.6858662547643934e-02
12                                    -2.1756144410266032e-01
13                                     5.6228008005087204e-02
14                                    -3.7127776897569298e-02
15                                    -8.5984964369166583e-02
16                                    -7.0019028205541511e-02
17                                     3.1995139280392859e-01
18                                     2.2863627601350522e-02
19                                    -3.6603868827763719e-01
20                                     1.5410687596716310e-01
21                                     9.1718623990564296e-02
22                                    -4.0922280114526188e-01
23                                    -4.0531377697157644e-01
   &VA [&Type "ArrayOfDoubles", &Dim (24,1)] "Mayer's total valence"
                                                         0

0                                      3.7514167480755671e+00
1                                      1.0202873492360920e+00
2                                      1.0391348739996240e+00
3                                      3.9374874897105463e+00
4                                      4.4869795760397366e+00
5                                      2.0841266577250264e+00
6                                      2.0694362852929085e+00
7                                      2.1994352041355945e+00
8                                      3.9405457968007811e+00
9                                      9.7815212258599649e-01
10                                     3.9132759699198862e+00
11                                     1.0388851681212037e+00
12                                     3.7278299130663233e+00
13                                     3.8755490476446006e+00
14                                     1.0470200762608786e+00
15                                     3.8907110795228883e+00
16                                     9.8640191462376103e-01
17                                     3.7855553256988124e+00
18                                     1.0554285861001611e+00
19                                     2.0085959759488805e+00
20                                     1.0095921341621179e+00
21                                     4.5408397784382784e+00
22                                     2.0780971236305343e+00
23                                     2.0866628826592808e+00
   &BVA [&Type "ArrayOfDoubles", &Dim (24,1)] "Mayer's bonded valence"
                                                         0

0                                      3.7514167480755627e+00
1                                      1.0202873492360869e+00
2                                      1.0391348739996238e+00
3                                      3.9374874897105170e+00
4                                      4.4869795760397366e+00
5                                      2.0841266577250384e+00
6                                      2.0694362852929640e+00
7                                      2.1994352041355985e+00
8                                      3.9405457968007962e+00
9                                      9.7815212258600603e-01
10                                     3.9132759699198765e+00
11                                     1.0388851681211959e+00
12                                     3.7278299130663042e+00
13                                     3.8755490476445518e+00
14                                     1.0470200762608692e+00
15                                     3.8907110795228785e+00
16                                     9.8640191462375626e-01
17                                     3.7855553256987848e+00
18                                     1.0554285861001624e+00
19                                     2.0085959759488325e+00
20                                     1.0095921341621164e+00
21                                     4.5408397784382553e+00
22                                     2.0780971236305508e+00
23                                     2.0866628826593026e+00
   &FA [&Type "ArrayOfDoubles", &Dim (24,1)] "Mayer's free valence"
                                                         0

0                                      0.0000000000000000e+00
1                                      0.0000000000000000e+00
2                                      0.0000000000000000e+00
3                                      0.0000000000000000e+00
4                                      0.0000000000000000e+00
5                                      0.0000000000000000e+00
6                                      0.0000000000000000e+00
7                                      0.0000000000000000e+00
8                                      0.0000000000000000e+00
9                                      0.0000000000000000e+00
10                                     0.0000000000000000e+00
11                                     0.0000000000000000e+00
12                                     0.0000000000000000e+00
13                                     0.0000000000000000e+00
14                                     0.0000000000000000e+00
15                                     0.0000000000000000e+00
16                                     0.0000000000000000e+00
17                                     0.0000000000000000e+00
18                                     0.0000000000000000e+00
19                                     0.0000000000000000e+00
20                                     0.0000000000000000e+00
21                                     0.0000000000000000e+00
22                                     0.0000000000000000e+00
23                                     0.0000000000000000e+00
$End
$VdW_Correction
   &GeometryIndex 1
   &ListStatus       OUT
   &VDW [&Type "Double"]      -5.3850138417028744e-02
$End
$Calculation_Info
   &GeometryIndex 1
   &ListStatus       OUT
   &MULT [&Type "Integer"] 1
   &CHARGE [&Type "Integer"] -2
   &NUMOFATOMS [&Type "Integer"] 24
   &NUMOFELECTRONS [&Type "Integer"] 118
   &NUMOFFCELECTRONS [&Type "Integer"] 1
   &NUMOFCORRELECTRONS [&Type "Integer"] 0
   &NUMOFBASISFUNCTS [&Type "Integer"] 264
   &NUMOFAUXCBASISFUNCTS [&Type "Integer"] 0
   &NUMOFAUXJBASISFUNCTS [&Type "Integer"] 872
   &NUMOFAUXJKBASISFUNCTS [&Type "Integer"] 0
   &NUMOFCABSBASISFUNCTS [&Type "Integer"] 0
   &TOTALENERGY [&Type "Double"]      -8.3616956979656129e+02  "Hartrees"
$End
$SCF_Dipole_Moment
   &GeometryIndex 1
   &ListStatus       OUT
   &METHOD [&Type "String"] "SCF"
   &LEVEL [&Type "String"] "Relaxed density"
   &MULT [&Type "Integer"] 1
   &STATE [&Type "Integer"] -1
   &IRREP [&Type "Integer"] 0
   &NATOMS [&Type "Integer"] 24
   &DODIPOLEATOM [&Type "Boolean"] false
   &DIPOLEELECCONTRIB [&Type "ArrayOfDoubles", &Dim (3,1)] "Electronic contribution"
                                                         0

0                                      2.8314760298877726e+00
1                                      1.0049303193638885e+00
2                                      1.7739152301709029e+00
   &DIPOLENUCCONTRIB [&Type "ArrayOfDoubles", &Dim (3,1)] "Nuclear contribution"
                                                         0

0                                     -4.9857378806631232e+00
1                                     -2.6040689814430529e+00
2                                     -1.8713991758919661e+00
   &DIPOLETOTAL [&Type "ArrayOfDoubles", &Dim (3,1)] "Total"
                                                         0

0                                     -2.1542618507753506e+00
1                                     -1.5991386620791643e+00
2                                     -9.7483945721063225e-02
   &DIPOLEMAGNITUDE [&Type "Double", &Units "a.u."]       2.6846958304313966e+00
$End
