*************************************************
******************* ORCA 6.0.1 ******************
*************************************************
$Calculation_Status
   &GeometryIndex 1
   &ListStatus       OUT
   &VERSION [&Type "String"] "6.0.1"
   &PROGNAME [&Type "String"] "LeanSCF"
   &STATUS [&Type "String"] "NORMAL TERMINATION"
$End
$Geometry
   &GeometryIndex 1
   &ListStatus       OUT
   &NATOMS [&Type "Integer"] 24
   &NCORELESSECP [&Type "Integer"] 0
   &NGHOSTATOMS [&Type "Integer"] 0
   &CartesianCoordinates [&Type "Coordinates", &Dim(24,4), &Units "Bohr"] 
              C     78.383950308920   38.229159689227   84.954528076564
              H     79.867385324048   37.180361684901   83.986988295996
              H     78.712762656222   40.196364594639   85.453415775919
              C     76.163522101562   37.169023328097   85.540343178079
              C     74.077264449713   38.578759024002   86.940630243315
              O     74.370172000471   40.891783811922   87.337472731438
              O     72.181869137390   37.310752788141   87.615262473125
              O     75.662744676073   34.663246474518   85.035786300322
              C     74.825595998746   33.916804651619   82.495994376332
              H     74.487335020774   31.875900426984   82.679297811323
              C     76.953427625541   34.447817695250   80.721541536580
              H     78.625835254062   33.249731326344   80.797130581937
              C     77.008229683425   36.585097952715   79.342041458818
              C     74.812367915808   38.278292568709   79.349600363353
              H     75.039135051879   40.099988561809   78.408516748661
              C     72.629734231129   37.645234313845   80.492884674376
              H     71.027246469564   38.952924798519   80.458869603965
              C     72.266906813416   35.141347186400   81.806244337451
              H     71.272910866974   35.455041724631   83.612822521480
              O     70.840163582306   33.525631341897   80.216984658823
              H     69.910418324417   32.244397023098   81.299797733560
              C     79.411961325773   37.342878132418   77.966320833323
              O     81.201531974596   35.785743798067   77.864275622091
              O     79.457314752987   39.540629626168   77.046024206103
$End
$SCF_Energy
   &GeometryIndex 1
   &ListStatus       OUT
   &SCF_ENERGY [&Type "Double"]      -8.3609563668341070e+02
$End
$DFT_Energy
   &GeometryIndex 1
   &ListStatus       OUT
   &NALPHAEL [&Type "Integer"] 59
   &NBETAEL [&Type "Integer"] 59
   &NTOTALEL [&Type "Integer"] 118
   &EEXCHANGE [&Type "Double"]      -8.3128289328131302e+01
   &ECORR [&Type "Double"]      -4.8461463906747957e+00
   &ECNL [&Type "Double"]       0.0000000000000000e+00
   &EXC [&Type "Double"]      -8.7974435718806092e+01
   &EEMBED [&Type "Double"]       0.0000000000000000e+00
   &FINALEN [&Type "Double"]      -8.3609563668341070e+02  "No Van der Waals correction"
$End
$Mulliken_Population_Analysis
   &GeometryIndex 1
   &ListStatus       OUT
   &NATOMS [&Type "Integer"] 24
   &ATNO [&Type "ArrayOfIntegers", &Dim (24,1)] 
                                                         0

0                                                        6
1                                                        1
2                                                        1
3                                                        6
4                                                        6
5                                                        8
6                                                        8
7                                                        8
8                                                        6
9                                                        1
10                                                       6
11                                                       1
12                                                       6
13                                                       6
14                                                       1
15                                                       6
16                                                       1
17                                                       6
18                                                       1
19                                                       8
20                                                       1
21                                                       6
22                                                       8
23                                                       8
   &ATOMICCHARGES [&Type "ArrayOfDoubles", &Dim (24,1)] 
                                                         0

0                                      1.5035059833952147e-03
1                                     -1.5823960803211801e-02
2                                     -3.3398092551519598e-02
3                                      1.4220522907796074e-02
4                                      7.6163172061024298e-02
5                                     -4.0201754945623414e-01
6                                     -4.1917946816006868e-01
7                                     -3.6895330721633179e-01
8                                      2.6766435418703161e-01
9                                     -9.4758875235153806e-02
10                                    -7.8862664219102818e-02
11                                    -5.8546022938787523e-02
12                                    -3.5549115199814629e-02
13                                     4.9327690794559231e-02
14                                    -5.8160437871063175e-02
15                                    -3.2568521359181091e-02
16                                    -6.6365647024313690e-02
17                                     2.1410943134320526e-01
18                                    -9.7614555650109569e-03
19                                    -3.4351772627339727e-01
20                                     1.4503370041589458e-01
21                                     7.4724023028069908e-02
22                                    -4.1441527365295272e-01
23                                    -4.1086828319472346e-01
$End
$Loewdin_Population_Analysis
   &GeometryIndex 1
   &ListStatus       OUT
   &NATOMS [&Type "Integer"] 24
   &ATNO [&Type "ArrayOfIntegers", &Dim (24,1)] 
                                                         0

0                                                        6
1                                                        1
2                                                        1
3                                                        6
4                                                        6
5                                                        8
6                                                        8
7                                                        8
8                                                        6
9                                                        1
10                                                       6
11                                                       1
12                                                       6
13                                                       6
14                                                       1
15                                                       6
16                                                       1
17                                                       6
18                                                       1
19                                                       8
20                                                       1
21                                                       6
22                                                       8
23                                                       8
   &ATOMICCHARGES [&Type "ArrayOfDoubles", &Dim (24,1)] 
                                                         0

0                                     -9.9321007991380661e-02
1                                      8.7201455835963504e-03
2                                      8.9769987014785002e-03
3                                     -6.6329253863415261e-03
4                                     -6.2836403903837379e-02
5                                     -3.7695817145970523e-01
6                                     -3.8529956324842907e-01
7                                     -1.5270174012765558e-01
8                                      7.6292406684382641e-02
9                                     -6.6511900785091171e-03
10                                    -4.1509063788661038e-02
11                                     3.3202460583213744e-03
12                                    -6.1796113101432404e-02
13                                    -3.1768355863466269e-03
14                                     1.2485707660239376e-02
15                                    -5.7202565392126203e-02
16                                     6.5248919242377745e-04
17                                     4.1641602743718309e-02
18                                     1.0208660462851626e-02
19                                    -1.7522974480213271e-01
20                                     7.7161593674640816e-02
21                                    -4.2964245538644086e-02
22                                    -3.8682740929072068e-01
23                                    -3.8035287106558613e-01
$End
$Mayer_Population_Analysis
   &GeometryIndex 1
   &ListStatus       OUT
   &NATOMS [&Type "Integer"] 24 "Total number of atoms"
   &BONDTHRESH [&Type "Double"]       1.0000000000000001e-01  "The threshold for printing"
   &NBONDORDERSPRINT [&Type "Integer"] 27 "The number of bond orders larger than threshold"
   &BONDORDERS [&Type "ArrayOfDoubles", &Dim (27,1)] "The bond orders"
                                                         0

0                                      9.1305135537991178e-01
1                                      9.0646408375851206e-01
2                                      1.9609842963644641e+00
3                                      8.3291292183800136e-01
4                                      1.0319972736173764e+00
5                                      1.8985490866223766e+00
6                                      1.7835023088954280e+00
7                                      1.2123713172303605e-01
8                                      1.1635864667611084e-01
9                                      9.4680622949475768e-01
10                                     8.8712854594602664e-01
11                                     9.6703553205708714e-01
12                                     9.5704749234084341e-01
13                                     9.3540379685025465e-01
14                                     1.7782755798550685e+00
15                                     1.0901846659931469e+00
16                                     8.3501325819807315e-01
17                                     9.6330395334811136e-01
18                                     1.7703111531717015e+00
19                                     9.5772074463071932e-01
20                                     9.7182472258162145e-01
21                                     8.8807411964483518e-01
22                                     1.0211534398362996e+00
23                                     9.7066114760973010e-01
24                                     1.8780514304480023e+00
25                                     1.8635526127549404e+00
26                                     1.2339335504924942e-01
   &COMPONENTS [&Type "ArrayOfIntegers", &Dim (27,4)] "The indices and atomic numbers of the bonding atoms"
                                                         0                           1                           2                           3

0                                                        0                           6                           1                           1
1                                                        0                           6                           2                           1
2                                                        0                           6                           3                           6
3                                                        3                           6                           4                           6
4                                                        3                           6                           7                           8
5                                                        4                           6                           5                           8
6                                                        4                           6                           6                           8
7                                                        5                           8                           6                           8
8                                                        6                           8                          18                           1
9                                                        7                           8                           8                           6
10                                                       8                           6                           9                           1
11                                                       8                           6                          10                           6
12                                                       8                           6                          17                           6
13                                                      10                           6                          11                           1
14                                                      10                           6                          12                           6
15                                                      12                           6                          13                           6
16                                                      12                           6                          21                           6
17                                                      13                           6                          14                           1
18                                                      13                           6                          15                           6
19                                                      15                           6                          16                           1
20                                                      15                           6                          17                           6
21                                                      17                           6                          18                           1
22                                                      17                           6                          19                           8
23                                                      19                           8                          20                           1
24                                                      21                           6                          22                           8
25                                                      21                           6                          23                           8
26                                                      22                           8                          23                           8
   &ATNO [&Type "ArrayOfIntegers", &Dim (24,1)] "Atomic number of the elements"
                                                         0

0                                                        6
1                                                        1
2                                                        1
3                                                        6
4                                                        6
5                                                        8
6                                                        8
7                                                        8
8                                                        6
9                                                        1
10                                                       6
11                                                       1
12                                                       6
13                                                       6
14                                                       1
15                                                       6
16                                                       1
17                                                       6
18                                                       1
19                                                       8
20                                                       1
21                                                       6
22                                                       8
23                                                       8
   &NA [&Type "ArrayOfDoubles", &Dim (24,1)] "Mulliken gross atomic population"
                                                         0

0                                      5.9984964940166048e+00
1                                      1.0158239608032120e+00
2                                      1.0333980925515194e+00
3                                      5.9857794770922039e+00
4                                      5.9238368279389748e+00
5                                      8.4020175494562359e+00
6                                      8.4191794681600669e+00
7                                      8.3689533072163247e+00
8                                      5.7323356458129693e+00
9                                      1.0947588752351545e+00
10                                     6.0788626642191055e+00
11                                     1.0585460229387873e+00
12                                     6.0355491151998173e+00
13                                     5.9506723092054408e+00
14                                     1.0581604378710625e+00
15                                     6.0325685213591766e+00
16                                     1.0663656470243132e+00
17                                     5.7858905686567956e+00
18                                     1.0097614555650112e+00
19                                     8.3435177262733955e+00
20                                     8.5496629958410553e-01
21                                     5.9252759769719283e+00
22                                     8.4144152736529563e+00
23                                     8.4108682831947235e+00
   &ZA [&Type "ArrayOfDoubles", &Dim (24,1)] "Total nuclear charge"
                                                         0

0                                      6.0000000000000000e+00
1                                      1.0000000000000000e+00
2                                      1.0000000000000000e+00
3                                      6.0000000000000000e+00
4                                      6.0000000000000000e+00
5                                      8.0000000000000000e+00
6                                      8.0000000000000000e+00
7                                      8.0000000000000000e+00
8                                      6.0000000000000000e+00
9                                      1.0000000000000000e+00
10                                     6.0000000000000000e+00
11                                     1.0000000000000000e+00
12                                     6.0000000000000000e+00
13                                     6.0000000000000000e+00
14                                     1.0000000000000000e+00
15                                     6.0000000000000000e+00
16                                     1.0000000000000000e+00
17                                     6.0000000000000000e+00
18                                     1.0000000000000000e+00
19                                     8.0000000000000000e+00
20                                     1.0000000000000000e+00
21                                     6.0000000000000000e+00
22                                     8.0000000000000000e+00
23                                     8.0000000000000000e+00
   &QA [&Type "ArrayOfDoubles", &Dim (24,1)] "Mulliken gross atomic charge"
                                                         0

0                                      1.5035059833952147e-03
1                                     -1.5823960803212023e-02
2                                     -3.3398092551519376e-02
3                                      1.4220522907796074e-02
4                                      7.6163172061025186e-02
5                                     -4.0201754945623591e-01
6                                     -4.1917946816006690e-01
7                                     -3.6895330721632469e-01
8                                      2.6766435418703072e-01
9                                     -9.4758875235154472e-02
10                                    -7.8862664219105483e-02
11                                    -5.8546022938787301e-02
12                                    -3.5549115199817294e-02
13                                     4.9327690794559231e-02
14                                    -5.8160437871062509e-02
15                                    -3.2568521359176650e-02
16                                    -6.6365647024313246e-02
17                                     2.1410943134320437e-01
18                                    -9.7614555650111789e-03
19                                    -3.4351772627339550e-01
20                                     1.4503370041589447e-01
21                                     7.4724023028071684e-02
22                                    -4.1441527365295627e-01
23                                    -4.1086828319472346e-01
   &VA [&Type "ArrayOfDoubles", &Dim (24,1)] "Mayer's total valence"
                                                         0

0                                      3.8864753791608608e+00
1                                      9.9290775646584728e-01
2                                      1.0189804669948823e+00
3                                      3.9277696047242108e+00
4                                      4.5145421841327398e+00
5                                      2.0987953276495603e+00
6                                      2.0522637230874596e+00
7                                      2.0875373777365787e+00
8                                      3.8317170532588545e+00
9                                      9.9200536032071163e-01
10                                     3.8712995057242119e+00
11                                     1.0365107768775494e+00
12                                     3.7146447496165043e+00
13                                     3.9035487435006311e+00
14                                     1.0331590898106309e+00
15                                     3.8236886285949421e+00
16                                     9.7828407349897628e-01
17                                     3.8664076472433559e+00
18                                     1.0830048165552377e+00
19                                     2.0211097045962192e+00
20                                     1.0178956529374126e+00
21                                     4.5601572637349834e+00
22                                     2.0829335012482364e+00
23                                     2.0854770486499721e+00
   &BVA [&Type "ArrayOfDoubles", &Dim (24,1)] "Mayer's bonded valence"
                                                         0

0                                      3.8864753791608262e+00
1                                      9.9290775646583196e-01
2                                      1.0189804669948819e+00
3                                      3.9277696047241939e+00
4                                      4.5145421841327122e+00
5                                      2.0987953276494657e+00
6                                      2.0522637230874263e+00
7                                      2.0875373777365720e+00
8                                      3.8317170532588678e+00
9                                      9.9200536032071684e-01
10                                     3.8712995057241639e+00
11                                     1.0365107768775450e+00
12                                     3.7146447496164932e+00
13                                     3.9035487435006049e+00
14                                     1.0331590898106273e+00
15                                     3.8236886285949718e+00
16                                     9.7828407349898727e-01
17                                     3.8664076472433604e+00
18                                     1.0830048165552431e+00
19                                     2.0211097045961992e+00
20                                     1.0178956529374164e+00
21                                     4.5601572637350172e+00
22                                     2.0829335012482524e+00
23                                     2.0854770486499916e+00
   &FA [&Type "ArrayOfDoubles", &Dim (24,1)] "Mayer's free valence"
                                                         0

0                                      0.0000000000000000e+00
1                                      0.0000000000000000e+00
2                                      0.0000000000000000e+00
3                                      0.0000000000000000e+00
4                                      0.0000000000000000e+00
5                                      0.0000000000000000e+00
6                                      0.0000000000000000e+00
7                                      0.0000000000000000e+00
8                                      0.0000000000000000e+00
9                                      0.0000000000000000e+00
10                                     0.0000000000000000e+00
11                                     0.0000000000000000e+00
12                                     0.0000000000000000e+00
13                                     0.0000000000000000e+00
14                                     0.0000000000000000e+00
15                                     0.0000000000000000e+00
16                                     0.0000000000000000e+00
17                                     0.0000000000000000e+00
18                                     0.0000000000000000e+00
19                                     0.0000000000000000e+00
20                                     0.0000000000000000e+00
21                                     0.0000000000000000e+00
22                                     0.0000000000000000e+00
23                                     0.0000000000000000e+00
$End
$VdW_Correction
   &GeometryIndex 1
   &ListStatus       OUT
   &VDW [&Type "Double"]      -5.2413942883046863e-02
$End
$Calculation_Info
   &GeometryIndex 1
   &ListStatus       OUT
   &MULT [&Type "Integer"] 1
   &CHARGE [&Type "Integer"] -2
   &NUMOFATOMS [&Type "Integer"] 24
   &NUMOFELECTRONS [&Type "Integer"] 118
   &NUMOFFCELECTRONS [&Type "Integer"] 1
   &NUMOFCORRELECTRONS [&Type "Integer"] 0
   &NUMOFBASISFUNCTS [&Type "Integer"] 264
   &NUMOFAUXCBASISFUNCTS [&Type "Integer"] 0
   &NUMOFAUXJBASISFUNCTS [&Type "Integer"] 872
   &NUMOFAUXJKBASISFUNCTS [&Type "Integer"] 0
   &NUMOFCABSBASISFUNCTS [&Type "Integer"] 0
   &TOTALENERGY [&Type "Double"]      -8.3614805062629375e+02  "Hartrees"
$End
$SCF_Dipole_Moment
   &GeometryIndex 1
   &ListStatus       OUT
   &METHOD [&Type "String"] "SCF"
   &LEVEL [&Type "String"] "Relaxed density"
   &MULT [&Type "Integer"] 1
   &STATE [&Type "Integer"] -1
   &IRREP [&Type "Integer"] 0
   &NATOMS [&Type "Integer"] 24
   &DODIPOLEATOM [&Type "Boolean"] false
   &DIPOLEELECCONTRIB [&Type "ArrayOfDoubles", &Dim (3,1)] "Electronic contribution"
                                                         0

0                                      9.8519406672643928e-01
1                                      1.4267252297935881e-01
2                                      1.9338634773395433e-01
   &DIPOLENUCCONTRIB [&Type "ArrayOfDoubles", &Dim (3,1)] "Nuclear contribution"
                                                         0

0                                     -2.9484284922818205e+00
1                                     -2.5741981780300875e+00
2                                     -4.5196100651490667e-01
   &DIPOLETOTAL [&Type "ArrayOfDoubles", &Dim (3,1)] "Total"
                                                         0

0                                     -1.9632344255553811e+00
1                                     -2.4315256550507289e+00
2                                     -2.5857465878095232e-01
   &DIPOLEMAGNITUDE [&Type "Double", &Units "a.u."]       3.1358359770592803e+00
$End
