*************************************************
******************* ORCA 6.0.1 ******************
*************************************************
$Calculation_Status
   &GeometryIndex 1
   &ListStatus       OUT
   &VERSION [&Type "String"] "6.0.1"
   &PROGNAME [&Type "String"] "LeanSCF"
   &STATUS [&Type "String"] "NORMAL TERMINATION"
$End
$Geometry
   &GeometryIndex 1
   &ListStatus       OUT
   &NATOMS [&Type "Integer"] 24
   &NCORELESSECP [&Type "Integer"] 0
   &NGHOSTATOMS [&Type "Integer"] 0
   &CartesianCoordinates [&Type "Coordinates", &Dim(24,4), &Units "Bohr"] 
              C     78.397293299532   35.386024041721   85.572954835737
              H     79.413188555054   33.860874765586   84.648418492310
              H     78.811489526914   37.338508864800   85.056961631498
              C     76.973023043724   34.871643116810   87.730097191341
              C     75.944286035708   37.030356291554   89.434228662501
              O     76.351283887839   39.312501187484   88.866642765984
              O     74.793690627021   36.345833786448   91.386189975261
              O     76.350645254150   32.619166309170   88.332377741021
              C     73.165058760068   31.446297620399   85.808566080563
              H     72.872479717663   29.650930873059   86.785872535844
              C     74.690475209403   31.556927682113   83.690314390053
              H     75.815748112123   29.941937153301   83.092273291895
              C     75.059637368700   33.863050619348   82.465818844684
              C     73.443884452475   36.008939302781   83.115374733486
              H     73.786795253405   37.734158816147   82.046181122648
              C     71.703855279149   35.864319251836   84.952035003867
              H     70.624030691611   37.539092852148   85.493756151512
              C     71.268193442371   33.489543145356   86.449673487171
              H     71.517715434162   33.994381221802   88.453219101440
              O     68.782202811391   32.620535107331   85.983543847697
              H     68.265063430656   31.169197552353   87.182612635339
              C     76.433063073799   33.961089461225   79.920936256790
              O     78.140936563329   32.360626455522   79.418095330804
              O     75.670320833598   35.644163352659   78.458272340899
$End
$SCF_Energy
   &GeometryIndex 1
   &ListStatus       OUT
   &SCF_ENERGY [&Type "Double"]      -8.3605378125332606e+02
$End
$DFT_Energy
   &GeometryIndex 1
   &ListStatus       OUT
   &NALPHAEL [&Type "Integer"] 59
   &NBETAEL [&Type "Integer"] 59
   &NTOTALEL [&Type "Integer"] 118
   &EEXCHANGE [&Type "Double"]      -8.3065315995986722e+01
   &ECORR [&Type "Double"]      -4.8391179359282077e+00
   &ECNL [&Type "Double"]       0.0000000000000000e+00
   &EXC [&Type "Double"]      -8.7904433931914923e+01
   &EEMBED [&Type "Double"]       0.0000000000000000e+00
   &FINALEN [&Type "Double"]      -8.3605378125332606e+02  "No Van der Waals correction"
$End
$Mulliken_Population_Analysis
   &GeometryIndex 1
   &ListStatus       OUT
   &NATOMS [&Type "Integer"] 24
   &ATNO [&Type "ArrayOfIntegers", &Dim (24,1)] 
                                                         0

0                                                        6
1                                                        1
2                                                        1
3                                                        6
4                                                        6
5                                                        8
6                                                        8
7                                                        8
8                                                        6
9                                                        1
10                                                       6
11                                                       1
12                                                       6
13                                                       6
14                                                       1
15                                                       6
16                                                       1
17                                                       6
18                                                       1
19                                                       8
20                                                       1
21                                                       6
22                                                       8
23                                                       8
   &ATOMICCHARGES [&Type "ArrayOfDoubles", &Dim (24,1)] 
                                                         0

0                                      6.0958984025812235e-02
1                                     -2.5491196087113588e-02
2                                     -2.0530520984913814e-02
3                                     -3.8866770165353337e-02
4                                      6.1650957523726291e-02
5                                     -4.1306373686989595e-01
6                                     -4.1498835856912564e-01
7                                     -3.1754870362231813e-01
8                                      3.0673312022859278e-02
9                                     -7.3872792454923619e-02
10                                     3.6135152481757693e-02
11                                    -6.5878735019910373e-02
12                                    -1.1044400582888336e-01
13                                     8.7406609804034474e-02
14                                    -4.8548087278565299e-02
15                                    -5.8419872494734904e-02
16                                    -5.7063181501851634e-02
17                                     3.0635718533087886e-01
18                                    -1.7039634562650008e-03
19                                    -3.5898594703562026e-01
20                                     1.4216591018933478e-01
21                                     9.1682035064372336e-02
22                                    -4.2406005797153590e-01
23                                    -3.8756421710180256e-01
$End
$Loewdin_Population_Analysis
   &GeometryIndex 1
   &ListStatus       OUT
   &NATOMS [&Type "Integer"] 24
   &ATNO [&Type "ArrayOfIntegers", &Dim (24,1)] 
                                                         0

0                                                        6
1                                                        1
2                                                        1
3                                                        6
4                                                        6
5                                                        8
6                                                        8
7                                                        8
8                                                        6
9                                                        1
10                                                       6
11                                                       1
12                                                       6
13                                                       6
14                                                       1
15                                                       6
16                                                       1
17                                                       6
18                                                       1
19                                                       8
20                                                       1
21                                                       6
22                                                       8
23                                                       8
   &ATOMICCHARGES [&Type "ArrayOfDoubles", &Dim (24,1)] 
                                                         0

0                                     -6.7254037190349614e-02
1                                      6.1348488569110682e-03
2                                      8.0970790644190327e-03
3                                     -2.9523861402029006e-02
4                                     -7.2652482554197206e-02
5                                     -3.8702967392316623e-01
6                                     -3.7882939640715918e-01
7                                     -2.0861615569887526e-01
8                                      3.4052370494718431e-02
9                                     -2.8974041051186283e-03
10                                    -4.7219239436074645e-02
11                                     7.8031662724009632e-03
12                                    -3.7638835553774896e-03
13                                     1.5629328352302352e-03
14                                     1.7286513627828515e-02
15                                    -5.6580497059597334e-02
16                                     6.6573063226984530e-03
17                                     4.5001389942995296e-02
18                                     1.6197353294558070e-02
19                                    -1.8547046646875032e-01
20                                     7.9426604018496660e-02
21                                    -4.0326641759846460e-02
22                                    -3.9072851830757571e-01
23                                    -3.5132730686216007e-01
$End
$Mayer_Population_Analysis
   &GeometryIndex 1
   &ListStatus       OUT
   &NATOMS [&Type "Integer"] 24 "Total number of atoms"
   &BONDTHRESH [&Type "Double"]       1.0000000000000001e-01  "The threshold for printing"
   &NBONDORDERSPRINT [&Type "Integer"] 28 "The number of bond orders larger than threshold"
   &BONDORDERS [&Type "ArrayOfDoubles", &Dim (28,1)] "The bond orders"
                                                         0

0                                      9.0146494286116330e-01
1                                      9.2314103001106118e-01
2                                      1.4406047046927293e+00
3                                      1.3070005155787176e-01
4                                      3.1650391198157579e-01
5                                      8.0341899997001720e-01
6                                      1.6476032898997326e+00
7                                      1.8650838207512594e+00
8                                      1.8138639053605226e+00
9                                      1.2125510913040821e-01
10                                     2.6445124172024803e-01
11                                     9.4364761941123942e-01
12                                     1.4673571976737108e+00
13                                     9.9263829428045014e-01
14                                     9.5865780008850576e-01
15                                     1.3614146681318604e+00
16                                     1.0771278394084967e+00
17                                     8.3556230873311621e-01
18                                     9.7036307643587016e-01
19                                     1.7604117879131056e+00
20                                     9.5987902550684967e-01
21                                     9.8634608525171008e-01
22                                     8.6557890150749839e-01
23                                     9.7751106075702843e-01
24                                     9.5638303645953993e-01
25                                     1.8371801704463906e+00
26                                     1.8637071883475820e+00
27                                     1.2230165738947860e-01
   &COMPONENTS [&Type "ArrayOfIntegers", &Dim (28,4)] "The indices and atomic numbers of the bonding atoms"
                                                         0                           1                           2                           3

0                                                        0                           6                           1                           1
1                                                        0                           6                           2                           1
2                                                        0                           6                           3                           6
3                                                        0                           6                           8                           6
4                                                        0                           6                          12                           6
5                                                        3                           6                           4                           6
6                                                        3                           6                           7                           8
7                                                        4                           6                           5                           8
8                                                        4                           6                           6                           8
9                                                        5                           8                           6                           8
10                                                       7                           8                           8                           6
11                                                       8                           6                           9                           1
12                                                       8                           6                          10                           6
13                                                       8                           6                          17                           6
14                                                      10                           6                          11                           1
15                                                      10                           6                          12                           6
16                                                      12                           6                          13                           6
17                                                      12                           6                          21                           6
18                                                      13                           6                          14                           1
19                                                      13                           6                          15                           6
20                                                      15                           6                          16                           1
21                                                      15                           6                          17                           6
22                                                      17                           6                          18                           1
23                                                      17                           6                          19                           8
24                                                      19                           8                          20                           1
25                                                      21                           6                          22                           8
26                                                      21                           6                          23                           8
27                                                      22                           8                          23                           8
   &ATNO [&Type "ArrayOfIntegers", &Dim (24,1)] "Atomic number of the elements"
                                                         0

0                                                        6
1                                                        1
2                                                        1
3                                                        6
4                                                        6
5                                                        8
6                                                        8
7                                                        8
8                                                        6
9                                                        1
10                                                       6
11                                                       1
12                                                       6
13                                                       6
14                                                       1
15                                                       6
16                                                       1
17                                                       6
18                                                       1
19                                                       8
20                                                       1
21                                                       6
22                                                       8
23                                                       8
   &NA [&Type "ArrayOfDoubles", &Dim (24,1)] "Mulliken gross atomic population"
                                                         0

0                                      5.9390410159742002e+00
1                                      1.0254911960871129e+00
2                                      1.0205305209849165e+00
3                                      6.0388667701653338e+00
4                                      5.9383490424762755e+00
5                                      8.4130637368699190e+00
6                                      8.4149883585691381e+00
7                                      8.3175487036223181e+00
8                                      5.9693266879771407e+00
9                                      1.0738727924549241e+00
10                                     5.9638648475182183e+00
11                                     1.0658787350199119e+00
12                                     6.1104440058289065e+00
13                                     5.9125933901959806e+00
14                                     1.0485480872785666e+00
15                                     6.0584198724947411e+00
16                                     1.0570631815018494e+00
17                                     5.6936428146691274e+00
18                                     1.0017039634562630e+00
19                                     8.3589859470356043e+00
20                                     8.5783408981066489e-01
21                                     5.9083179649356188e+00
22                                     8.4240600579715448e+00
23                                     8.3875642171018026e+00
   &ZA [&Type "ArrayOfDoubles", &Dim (24,1)] "Total nuclear charge"
                                                         0

0                                      6.0000000000000000e+00
1                                      1.0000000000000000e+00
2                                      1.0000000000000000e+00
3                                      6.0000000000000000e+00
4                                      6.0000000000000000e+00
5                                      8.0000000000000000e+00
6                                      8.0000000000000000e+00
7                                      8.0000000000000000e+00
8                                      6.0000000000000000e+00
9                                      1.0000000000000000e+00
10                                     6.0000000000000000e+00
11                                     1.0000000000000000e+00
12                                     6.0000000000000000e+00
13                                     6.0000000000000000e+00
14                                     1.0000000000000000e+00
15                                     6.0000000000000000e+00
16                                     1.0000000000000000e+00
17                                     6.0000000000000000e+00
18                                     1.0000000000000000e+00
19                                     8.0000000000000000e+00
20                                     1.0000000000000000e+00
21                                     6.0000000000000000e+00
22                                     8.0000000000000000e+00
23                                     8.0000000000000000e+00
   &QA [&Type "ArrayOfDoubles", &Dim (24,1)] "Mulliken gross atomic charge"
                                                         0

0                                      6.0958984025799801e-02
1                                     -2.5491196087112922e-02
2                                     -2.0530520984916478e-02
3                                     -3.8866770165333797e-02
4                                      6.1650957523724514e-02
5                                     -4.1306373686991904e-01
6                                     -4.1498835856913807e-01
7                                     -3.1754870362231813e-01
8                                      3.0673312022859278e-02
9                                     -7.3872792454924063e-02
10                                     3.6135152481781674e-02
11                                    -6.5878735019911927e-02
12                                    -1.1044400582890646e-01
13                                     8.7406609804019375e-02
14                                    -4.8548087278566632e-02
15                                    -5.8419872494741121e-02
16                                    -5.7063181501849414e-02
17                                     3.0635718533087264e-01
18                                    -1.7039634562630024e-03
19                                    -3.5898594703560427e-01
20                                     1.4216591018933511e-01
21                                     9.1682035064381218e-02
22                                    -4.2406005797154478e-01
23                                    -3.8756421710180256e-01
   &VA [&Type "ArrayOfDoubles", &Dim (24,1)] "Mayer's total valence"
                                                         0

0                                      3.8068582351803011e+00
1                                      1.0181576605942366e+00
2                                      1.0200604102966284e+00
3                                      4.0264786360272735e+00
4                                      4.4781508669024213e+00
5                                      2.0826027834384258e+00
6                                      2.0483554074148218e+00
7                                      2.1372769233104751e+00
8                                      3.9303908531702958e+00
9                                      9.8541852175039557e-01
10                                     3.9166297538503598e+00
11                                     1.0233304074217175e+00
12                                     3.7080605188985518e+00
13                                     3.9134035647053289e+00
14                                     1.0283262296513611e+00
15                                     3.8771655377192475e+00
16                                     9.8567492161388148e-01
17                                     3.8417648533814406e+00
18                                     1.0585264609081944e+00
19                                     1.9961338470256667e+00
20                                     1.0208652448565350e+00
21                                     4.5346519922422459e+00
22                                     2.0598115484779287e+00
23                                     2.1116541767906627e+00
   &BVA [&Type "ArrayOfDoubles", &Dim (24,1)] "Mayer's bonded valence"
                                                         0

0                                      3.8068582351803029e+00
1                                      1.0181576605942395e+00
2                                      1.0200604102966200e+00
3                                      4.0264786360273215e+00
4                                      4.4781508669023955e+00
5                                      2.0826027834383614e+00
6                                      2.0483554074147738e+00
7                                      2.1372769233105036e+00
8                                      3.9303908531703322e+00
9                                      9.8541852175039024e-01
10                                     3.9166297538504571e+00
11                                     1.0233304074217218e+00
12                                     3.7080605188985434e+00
13                                     3.9134035647052863e+00
14                                     1.0283262296513556e+00
15                                     3.8771655377192404e+00
16                                     9.8567492161389092e-01
17                                     3.8417648533814086e+00
18                                     1.0585264609081857e+00
19                                     1.9961338470256855e+00
20                                     1.0208652448565321e+00
21                                     4.5346519922422779e+00
22                                     2.0598115484779291e+00
23                                     2.1116541767906294e+00
   &FA [&Type "ArrayOfDoubles", &Dim (24,1)] "Mayer's free valence"
                                                         0

0                                      0.0000000000000000e+00
1                                      0.0000000000000000e+00
2                                      0.0000000000000000e+00
3                                      0.0000000000000000e+00
4                                      0.0000000000000000e+00
5                                      0.0000000000000000e+00
6                                      0.0000000000000000e+00
7                                      0.0000000000000000e+00
8                                      0.0000000000000000e+00
9                                      0.0000000000000000e+00
10                                     0.0000000000000000e+00
11                                     0.0000000000000000e+00
12                                     0.0000000000000000e+00
13                                     0.0000000000000000e+00
14                                     0.0000000000000000e+00
15                                     0.0000000000000000e+00
16                                     0.0000000000000000e+00
17                                     0.0000000000000000e+00
18                                     0.0000000000000000e+00
19                                     0.0000000000000000e+00
20                                     0.0000000000000000e+00
21                                     0.0000000000000000e+00
22                                     0.0000000000000000e+00
23                                     0.0000000000000000e+00
$End
$VdW_Correction
   &GeometryIndex 1
   &ListStatus       OUT
   &VDW [&Type "Double"]      -5.5526540270787524e-02
$End
$Calculation_Info
   &GeometryIndex 1
   &ListStatus       OUT
   &MULT [&Type "Integer"] 1
   &CHARGE [&Type "Integer"] -2
   &NUMOFATOMS [&Type "Integer"] 24
   &NUMOFELECTRONS [&Type "Integer"] 118
   &NUMOFFCELECTRONS [&Type "Integer"] 1
   &NUMOFCORRELECTRONS [&Type "Integer"] 0
   &NUMOFBASISFUNCTS [&Type "Integer"] 264
   &NUMOFAUXCBASISFUNCTS [&Type "Integer"] 0
   &NUMOFAUXJBASISFUNCTS [&Type "Integer"] 872
   &NUMOFAUXJKBASISFUNCTS [&Type "Integer"] 0
   &NUMOFCABSBASISFUNCTS [&Type "Integer"] 0
   &TOTALENERGY [&Type "Double"]      -8.3610930779359683e+02  "Hartrees"
$End
$SCF_Dipole_Moment
   &GeometryIndex 1
   &ListStatus       OUT
   &METHOD [&Type "String"] "SCF"
   &LEVEL [&Type "String"] "Relaxed density"
   &MULT [&Type "Integer"] 1
   &STATE [&Type "Integer"] -1
   &IRREP [&Type "Integer"] 0
   &NATOMS [&Type "Integer"] 24
   &DODIPOLEATOM [&Type "Boolean"] false
   &DIPOLEELECCONTRIB [&Type "ArrayOfDoubles", &Dim (3,1)] "Electronic contribution"
                                                         0

0                                      1.5801825142064783e+00
1                                      5.1939448411196831e-01
2                                     -3.6283740750514448e-01
   &DIPOLENUCCONTRIB [&Type "ArrayOfDoubles", &Dim (3,1)] "Nuclear contribution"
                                                         0

0                                     -3.6504180822706331e+00
1                                     -2.4855522946957613e+00
2                                      8.2304060612122498e-01
   &DIPOLETOTAL [&Type "ArrayOfDoubles", &Dim (3,1)] "Total"
                                                         0

0                                     -2.0702355680641551e+00
1                                     -1.9661578105837929e+00
2                                      4.6020319861608050e-01
   &DIPOLEMAGNITUDE [&Type "Double", &Units "a.u."]       2.8919610694845184e+00
$End
