*************************************************
******************* ORCA 6.0.1 ******************
*************************************************
$Calculation_Status
   &GeometryIndex 1
   &ListStatus       OUT
   &VERSION [&Type "String"] "6.0.1"
   &PROGNAME [&Type "String"] "LeanSCF"
   &STATUS [&Type "String"] "NORMAL TERMINATION"
$End
$Geometry
   &GeometryIndex 1
   &ListStatus       OUT
   &NATOMS [&Type "Integer"] 24
   &NCORELESSECP [&Type "Integer"] 0
   &NGHOSTATOMS [&Type "Integer"] 0
   &CartesianCoordinates [&Type "Coordinates", &Dim(24,4), &Units "Bohr"] 
              C     75.212989856200   38.034517897433   89.646718067090
              H     76.851382414309   37.359885667623   88.588471432094
              H     75.258343283414   39.931802935890   90.449851674007
              C     73.153188370226   36.607774666322   89.990648223464
              C     70.902524544725   37.531850745810   91.534554474878
              O     70.774023167619   39.863772795069   91.980529842483
              O     69.315154592232   35.961488328521   92.288555202312
              O     73.026576719253   34.162469049028   89.094918035985
              C     72.076044473890   33.712714229155   86.509772684781
              H     72.021242416007   31.643464112511   86.375602129273
              C     73.980888416883   34.801196482294   84.720202035958
              H     75.774238517974   33.814759440387   84.461309555610
              C     73.657745247983   37.112331544079   83.697860197506
              C     71.278580045376   38.478603538905   84.113599946969
              H     71.180314286412   40.413683100040   83.401173194481
              C     69.309485413830   37.414687725507   85.321134946545
              H     67.574716822890   38.493721347976   85.623491127972
              C     69.343500484240   34.689702640392   86.167732254541
              H     68.423203857021   34.530965645143   88.029112496454
              O     68.039589451835   33.223275160470   84.346036261441
              H     66.985122269107   31.883459331519   85.217200009179
              C     75.796915231581   38.391676136744   82.259778609592
              O     77.926636584511   37.342878132418   82.208756003976
              O     75.299917258360   40.494941323798   81.250664854078
$End
$SCF_Energy
   &GeometryIndex 1
   &ListStatus       OUT
   &SCF_ENERGY [&Type "Double"]      -8.3609369453819636e+02
$End
$DFT_Energy
   &GeometryIndex 1
   &ListStatus       OUT
   &NALPHAEL [&Type "Integer"] 59
   &NBETAEL [&Type "Integer"] 59
   &NTOTALEL [&Type "Integer"] 118
   &EEXCHANGE [&Type "Double"]      -8.3121061590874177e+01
   &ECORR [&Type "Double"]      -4.8449928917281850e+00
   &ECNL [&Type "Double"]       0.0000000000000000e+00
   &EXC [&Type "Double"]      -8.7966054482602360e+01
   &EEMBED [&Type "Double"]       0.0000000000000000e+00
   &FINALEN [&Type "Double"]      -8.3609369453819636e+02  "No Van der Waals correction"
$End
$Mulliken_Population_Analysis
   &GeometryIndex 1
   &ListStatus       OUT
   &NATOMS [&Type "Integer"] 24
   &ATNO [&Type "ArrayOfIntegers", &Dim (24,1)] 
                                                         0

0                                                        6
1                                                        1
2                                                        1
3                                                        6
4                                                        6
5                                                        8
6                                                        8
7                                                        8
8                                                        6
9                                                        1
10                                                       6
11                                                       1
12                                                       6
13                                                       6
14                                                       1
15                                                       6
16                                                       1
17                                                       6
18                                                       1
19                                                       8
20                                                       1
21                                                       6
22                                                       8
23                                                       8
   &ATOMICCHARGES [&Type "ArrayOfDoubles", &Dim (24,1)] 
                                                         0

0                                     -3.4686768380325361e-03
1                                     -2.0369671416859525e-02
2                                     -3.2753873970693181e-02
3                                      2.0349955381308682e-02
4                                      7.3625946927412755e-02
5                                     -4.1260880484458085e-01
6                                     -4.0907537573568575e-01
7                                     -3.7391028931789094e-01
8                                      2.7345530606499757e-01
9                                     -9.0250280228585167e-02
10                                    -7.7972200927887592e-02
11                                    -6.1098219946660759e-02
12                                    -2.9576038253756209e-02
13                                     4.8173432216636947e-02
14                                    -5.7801168748953469e-02
15                                    -1.8476629209055240e-02
16                                    -6.5408242571637576e-02
17                                     1.9666296299690789e-01
18                                    -1.1049538426488592e-02
19                                    -3.3919627481773240e-01
20                                     1.4619290816971353e-01
21                                     7.1273192765366034e-02
22                                    -4.1139693053718496e-01
23                                    -4.1532148873056585e-01
$End
$Loewdin_Population_Analysis
   &GeometryIndex 1
   &ListStatus       OUT
   &NATOMS [&Type "Integer"] 24
   &ATNO [&Type "ArrayOfIntegers", &Dim (24,1)] 
                                                         0

0                                                        6
1                                                        1
2                                                        1
3                                                        6
4                                                        6
5                                                        8
6                                                        8
7                                                        8
8                                                        6
9                                                        1
10                                                       6
11                                                       1
12                                                       6
13                                                       6
14                                                       1
15                                                       6
16                                                       1
17                                                       6
18                                                       1
19                                                       8
20                                                       1
21                                                       6
22                                                       8
23                                                       8
   &ATOMICCHARGES [&Type "ArrayOfDoubles", &Dim (24,1)] 
                                                         0

0                                     -1.0167036528651430e-01
1                                      6.4117371943099855e-03
2                                      8.7714997670046424e-03
3                                     -4.8127516470533038e-03
4                                     -6.6989264690234585e-02
5                                     -3.8410223503566598e-01
6                                     -3.7642056178139960e-01
7                                     -1.5705443043079015e-01
8                                      8.0140869611829757e-02
9                                     -5.7539650521174490e-03
10                                    -4.3520453943531656e-02
11                                     3.0089759287135198e-03
12                                    -6.0322858436176574e-02
13                                    -3.7497716591348151e-03
14                                     1.2688628217167097e-02
15                                    -5.4165932176408305e-02
16                                     1.4381717778729763e-03
17                                     4.2375231700817473e-02
18                                     9.7112934524680172e-03
19                                    -1.7205191523471619e-01
20                                     7.8438590607623371e-02
21                                    -4.2418493611345198e-02
22                                    -3.8515174223297244e-01
23                                    -3.8480025703960763e-01
$End
$Mayer_Population_Analysis
   &GeometryIndex 1
   &ListStatus       OUT
   &NATOMS [&Type "Integer"] 24 "Total number of atoms"
   &BONDTHRESH [&Type "Double"]       1.0000000000000001e-01  "The threshold for printing"
   &NBONDORDERSPRINT [&Type "Integer"] 27 "The number of bond orders larger than threshold"
   &BONDORDERS [&Type "ArrayOfDoubles", &Dim (27,1)] "The bond orders"
                                                         0

0                                      9.1466354425170826e-01
1                                      9.0651290428719422e-01
2                                      1.9672721542733620e+00
3                                      8.3187664338866618e-01
4                                      1.0362525394325597e+00
5                                      1.8788101377970978e+00
6                                      1.7992832349150221e+00
7                                      1.1609408129447776e-01
8                                      1.0796537526484916e-01
9                                      9.4099545025516096e-01
10                                     8.8983285148310609e-01
11                                     9.6911199630019607e-01
12                                     9.5883433171064469e-01
13                                     9.3560409477410400e-01
14                                     1.7783048119985567e+00
15                                     1.0923028435007953e+00
16                                     8.3489320956820157e-01
17                                     9.6278688394871015e-01
18                                     1.7694869770521491e+00
19                                     9.5701707330535968e-01
20                                     9.7178726116966074e-01
21                                     8.9272024531011296e-01
22                                     1.0274834313505001e+00
23                                     9.7216345538980764e-01
24                                     1.8801590837003865e+00
25                                     1.8575158580801079e+00
26                                     1.2319891510518716e-01
   &COMPONENTS [&Type "ArrayOfIntegers", &Dim (27,4)] "The indices and atomic numbers of the bonding atoms"
                                                         0                           1                           2                           3

0                                                        0                           6                           1                           1
1                                                        0                           6                           2                           1
2                                                        0                           6                           3                           6
3                                                        3                           6                           4                           6
4                                                        3                           6                           7                           8
5                                                        4                           6                           5                           8
6                                                        4                           6                           6                           8
7                                                        5                           8                           6                           8
8                                                        6                           8                          18                           1
9                                                        7                           8                           8                           6
10                                                       8                           6                           9                           1
11                                                       8                           6                          10                           6
12                                                       8                           6                          17                           6
13                                                      10                           6                          11                           1
14                                                      10                           6                          12                           6
15                                                      12                           6                          13                           6
16                                                      12                           6                          21                           6
17                                                      13                           6                          14                           1
18                                                      13                           6                          15                           6
19                                                      15                           6                          16                           1
20                                                      15                           6                          17                           6
21                                                      17                           6                          18                           1
22                                                      17                           6                          19                           8
23                                                      19                           8                          20                           1
24                                                      21                           6                          22                           8
25                                                      21                           6                          23                           8
26                                                      22                           8                          23                           8
   &ATNO [&Type "ArrayOfIntegers", &Dim (24,1)] "Atomic number of the elements"
                                                         0

0                                                        6
1                                                        1
2                                                        1
3                                                        6
4                                                        6
5                                                        8
6                                                        8
7                                                        8
8                                                        6
9                                                        1
10                                                       6
11                                                       1
12                                                       6
13                                                       6
14                                                       1
15                                                       6
16                                                       1
17                                                       6
18                                                       1
19                                                       8
20                                                       1
21                                                       6
22                                                       8
23                                                       8
   &NA [&Type "ArrayOfDoubles", &Dim (24,1)] "Mulliken gross atomic population"
                                                         0

0                                      6.0034686768380343e+00
1                                      1.0203696714168600e+00
2                                      1.0327538739706925e+00
3                                      5.9796500446186895e+00
4                                      5.9263740530725890e+00
5                                      8.4126088048445826e+00
6                                      8.4090753757356875e+00
7                                      8.3739102893178927e+00
8                                      5.7265446939350007e+00
9                                      1.0902502802285849e+00
10                                     6.0779722009278885e+00
11                                     1.0610982199466612e+00
12                                     6.0295760382537598e+00
13                                     5.9518265677833639e+00
14                                     1.0578011687489532e+00
15                                     6.0184766292090579e+00
16                                     1.0654082425716371e+00
17                                     5.8033370370030912e+00
18                                     1.0110495384264893e+00
19                                     8.3391962748177288e+00
20                                     8.5380709183028636e-01
21                                     5.9287268072346340e+00
22                                     8.4113969305371867e+00
23                                     8.4153214887305658e+00
   &ZA [&Type "ArrayOfDoubles", &Dim (24,1)] "Total nuclear charge"
                                                         0

0                                      6.0000000000000000e+00
1                                      1.0000000000000000e+00
2                                      1.0000000000000000e+00
3                                      6.0000000000000000e+00
4                                      6.0000000000000000e+00
5                                      8.0000000000000000e+00
6                                      8.0000000000000000e+00
7                                      8.0000000000000000e+00
8                                      6.0000000000000000e+00
9                                      1.0000000000000000e+00
10                                     6.0000000000000000e+00
11                                     1.0000000000000000e+00
12                                     6.0000000000000000e+00
13                                     6.0000000000000000e+00
14                                     1.0000000000000000e+00
15                                     6.0000000000000000e+00
16                                     1.0000000000000000e+00
17                                     6.0000000000000000e+00
18                                     1.0000000000000000e+00
19                                     8.0000000000000000e+00
20                                     1.0000000000000000e+00
21                                     6.0000000000000000e+00
22                                     8.0000000000000000e+00
23                                     8.0000000000000000e+00
   &QA [&Type "ArrayOfDoubles", &Dim (24,1)] "Mulliken gross atomic charge"
                                                         0

0                                     -3.4686768380343125e-03
1                                     -2.0369671416859969e-02
2                                     -3.2753873970692515e-02
3                                      2.0349955381310458e-02
4                                      7.3625946927410979e-02
5                                     -4.1260880484458262e-01
6                                     -4.0907537573568753e-01
7                                     -3.7391028931789272e-01
8                                      2.7345530606499935e-01
9                                     -9.0250280228584945e-02
10                                    -7.7972200927888480e-02
11                                    -6.1098219946661203e-02
12                                    -2.9576038253759762e-02
13                                     4.8173432216636058e-02
14                                    -5.7801168748953247e-02
15                                    -1.8476629209057904e-02
16                                    -6.5408242571637132e-02
17                                     1.9666296299690877e-01
18                                    -1.1049538426489258e-02
19                                    -3.3919627481772885e-01
20                                     1.4619290816971364e-01
21                                     7.1273192765366034e-02
22                                    -4.1139693053718673e-01
23                                    -4.1532148873056585e-01
   &VA [&Type "ArrayOfDoubles", &Dim (24,1)] "Mayer's total valence"
                                                         0

0                                      3.8924193118686214e+00
1                                      9.9482629552984725e-01
2                                      1.0205121082878958e+00
3                                      3.9387044832528790e+00
4                                      4.5129168110055726e+00
5                                      2.0789313608212971e+00
6                                      2.0572288245164292e+00
7                                      2.0863033468267926e+00
8                                      3.8227214721129861e+00
9                                      9.9287289384876565e-01
10                                     3.8690988280932599e+00
11                                     1.0348525155407036e+00
12                                     3.7166475031313646e+00
13                                     3.9100119088445058e+00
14                                     1.0330525089452598e+00
15                                     3.8155222117515808e+00
16                                     9.8016723769123382e-01
17                                     3.8915005971925822e+00
18                                     1.0753913909360326e+00
19                                     2.0227587052409230e+00
20                                     1.0171934272067857e+00
21                                     4.5592977323420767e+00
22                                     2.0840855347660798e+00
23                                     2.0780848842029624e+00
   &BVA [&Type "ArrayOfDoubles", &Dim (24,1)] "Mayer's bonded valence"
                                                         0

0                                      3.8924193118685935e+00
1                                      9.9482629552984692e-01
2                                      1.0205121082878956e+00
3                                      3.9387044832528639e+00
4                                      4.5129168110055353e+00
5                                      2.0789313608212563e+00
6                                      2.0572288245163808e+00
7                                      2.0863033468268135e+00
8                                      3.8227214721130518e+00
9                                      9.9287289384877520e-01
10                                     3.8690988280932488e+00
11                                     1.0348525155406965e+00
12                                     3.7166475031313215e+00
13                                     3.9100119088444680e+00
14                                     1.0330525089452594e+00
15                                     3.8155222117515737e+00
16                                     9.8016723769123837e-01
17                                     3.8915005971925654e+00
18                                     1.0753913909360251e+00
19                                     2.0227587052409426e+00
20                                     1.0171934272067873e+00
21                                     4.5592977323420891e+00
22                                     2.0840855347660625e+00
23                                     2.0780848842029584e+00
   &FA [&Type "ArrayOfDoubles", &Dim (24,1)] "Mayer's free valence"
                                                         0

0                                      0.0000000000000000e+00
1                                      0.0000000000000000e+00
2                                      0.0000000000000000e+00
3                                      0.0000000000000000e+00
4                                      0.0000000000000000e+00
5                                      0.0000000000000000e+00
6                                      0.0000000000000000e+00
7                                      0.0000000000000000e+00
8                                      0.0000000000000000e+00
9                                      0.0000000000000000e+00
10                                     0.0000000000000000e+00
11                                     0.0000000000000000e+00
12                                     0.0000000000000000e+00
13                                     0.0000000000000000e+00
14                                     0.0000000000000000e+00
15                                     0.0000000000000000e+00
16                                     0.0000000000000000e+00
17                                     0.0000000000000000e+00
18                                     0.0000000000000000e+00
19                                     0.0000000000000000e+00
20                                     0.0000000000000000e+00
21                                     0.0000000000000000e+00
22                                     0.0000000000000000e+00
23                                     0.0000000000000000e+00
$End
$VdW_Correction
   &GeometryIndex 1
   &ListStatus       OUT
   &VDW [&Type "Double"]      -5.2158740399513605e-02
$End
$Calculation_Info
   &GeometryIndex 1
   &ListStatus       OUT
   &MULT [&Type "Integer"] 1
   &CHARGE [&Type "Integer"] -2
   &NUMOFATOMS [&Type "Integer"] 24
   &NUMOFELECTRONS [&Type "Integer"] 118
   &NUMOFFCELECTRONS [&Type "Integer"] 1
   &NUMOFCORRELECTRONS [&Type "Integer"] 0
   &NUMOFBASISFUNCTS [&Type "Integer"] 264
   &NUMOFAUXCBASISFUNCTS [&Type "Integer"] 0
   &NUMOFAUXJBASISFUNCTS [&Type "Integer"] 872
   &NUMOFAUXJKBASISFUNCTS [&Type "Integer"] 0
   &NUMOFCABSBASISFUNCTS [&Type "Integer"] 0
   &TOTALENERGY [&Type "Double"]      -8.3614585327859584e+02  "Hartrees"
$End
$SCF_Dipole_Moment
   &GeometryIndex 1
   &ListStatus       OUT
   &METHOD [&Type "String"] "SCF"
   &LEVEL [&Type "String"] "Relaxed density"
   &MULT [&Type "Integer"] 1
   &STATE [&Type "Integer"] -1
   &IRREP [&Type "Integer"] 0
   &NATOMS [&Type "Integer"] 24
   &DODIPOLEATOM [&Type "Boolean"] false
   &DIPOLEELECCONTRIB [&Type "ArrayOfDoubles", &Dim (3,1)] "Electronic contribution"
                                                         0

0                                      8.8683213587875243e-01
1                                      1.6263468509232226e-01
2                                     -6.3894834648961868e-02
   &DIPOLENUCCONTRIB [&Type "ArrayOfDoubles", &Dim (3,1)] "Nuclear contribution"
                                                         0

0                                     -2.6030622425077610e+00
1                                     -2.8330462830929690e+00
2                                     -3.1180272146877996e-01
   &DIPOLETOTAL [&Type "ArrayOfDoubles", &Dim (3,1)] "Total"
                                                         0

0                                     -1.7162301066290087e+00
1                                     -2.6704115980006469e+00
2                                     -3.7569755611774180e-01
   &DIPOLEMAGNITUDE [&Type "Double", &Units "a.u."]       3.1965125582905238e+00
$End
