*************************************************
******************* ORCA 6.0.1 ******************
*************************************************
$Calculation_Status
   &GeometryIndex 1
   &ListStatus       OUT
   &VERSION [&Type "String"] "6.0.1"
   &PROGNAME [&Type "String"] "LeanSCF"
   &STATUS [&Type "String"] "NORMAL TERMINATION"
$End
$Geometry
   &GeometryIndex 1
   &ListStatus       OUT
   &NATOMS [&Type "Integer"] 24
   &NCORELESSECP [&Type "Integer"] 0
   &NGHOSTATOMS [&Type "Integer"] 0
   &CartesianCoordinates [&Type "Coordinates", &Dim(24,4), &Units "Bohr"] 
              C     78.223323587536   39.744720048632   88.248320727989
              H     79.727545590138   38.699701496573   87.301567934894
              H     78.546466756437   41.689248240437   88.837915281772
              C     75.940534417759   38.737496019252   88.654611846782
              C     73.835379504571   40.247387200255   89.924507808777
              O     74.288913776712   42.513168834826   90.404498246793
              O     71.794475279936   39.096543984697   90.385600985453
              O     75.398183017324   36.275182866752   87.987538521507
              C     74.510011734381   35.704485574308   85.409952074839
              H     74.419304879953   33.631456005397   85.381606182830
              C     76.443201569382   36.677694533278   83.593925260140
              H     78.230882492072   35.670470503898   83.387945111543
              C     76.165411827696   38.960483703054   82.501663554734
              C     73.805143886428   40.377778303495   82.853152615643
              H     73.752231554679   42.301519507827   82.108600518878
              C     71.792585553802   39.370554274115   84.030451997076
              H     70.054037510595   40.468485157924   84.236432145674
              C     71.796365006070   36.683363711679   84.973425337903
              H     70.847722486842   36.632341106063   86.819687770744
              O     70.513240961138   35.126229377328   83.200862224285
              H     69.266021712750   34.026408767386   84.126828029906
              C     78.346155786241   40.200144046907   81.093817584963
              O     80.409736724483   39.043631652947   80.955867577186
              O     77.926636584511   42.380888005452   80.226433289493
$End
$SCF_Energy
   &GeometryIndex 1
   &ListStatus       OUT
   &SCF_ENERGY [&Type "Double"]      -8.3609355139553122e+02
$End
$DFT_Energy
   &GeometryIndex 1
   &ListStatus       OUT
   &NALPHAEL [&Type "Integer"] 59
   &NBETAEL [&Type "Integer"] 59
   &NTOTALEL [&Type "Integer"] 118
   &EEXCHANGE [&Type "Double"]      -8.3125227408806325e+01
   &ECORR [&Type "Double"]      -4.8462027103937313e+00
   &ECNL [&Type "Double"]       0.0000000000000000e+00
   &EXC [&Type "Double"]      -8.7971430119200051e+01
   &EEMBED [&Type "Double"]       0.0000000000000000e+00
   &FINALEN [&Type "Double"]      -8.3609355139553122e+02  "No Van der Waals correction"
$End
$Mulliken_Population_Analysis
   &GeometryIndex 1
   &ListStatus       OUT
   &NATOMS [&Type "Integer"] 24
   &ATNO [&Type "ArrayOfIntegers", &Dim (24,1)] 
                                                         0

0                                                        6
1                                                        1
2                                                        1
3                                                        6
4                                                        6
5                                                        8
6                                                        8
7                                                        8
8                                                        6
9                                                        1
10                                                       6
11                                                       1
12                                                       6
13                                                       6
14                                                       1
15                                                       6
16                                                       1
17                                                       6
18                                                       1
19                                                       8
20                                                       1
21                                                       6
22                                                       8
23                                                       8
   &ATOMICCHARGES [&Type "ArrayOfDoubles", &Dim (24,1)] 
                                                         0

0                                      8.3014364262323781e-03
1                                     -2.9740331298496070e-02
2                                     -2.8747619399762447e-02
3                                      8.3669755088537912e-03
4                                      9.2667273494589253e-02
5                                     -3.9836303964526820e-01
6                                     -4.2580193565304114e-01
7                                     -3.7620853166181512e-01
8                                      2.7369390345256939e-01
9                                     -9.3679000660948253e-02
10                                    -9.6619167665663142e-02
11                                    -6.1795754370481015e-02
12                                    -2.1519030048326115e-02
13                                     3.8341752663446194e-02
14                                    -5.7029164796371656e-02
15                                    -1.5728571614332942e-02
16                                    -7.1640931876540748e-02
17                                     2.1687255577455744e-01
18                                    -1.5802431961325691e-02
19                                    -3.3857082902235192e-01
20                                     1.4289890394468663e-01
21                                     7.3434852445998899e-02
22                                    -4.0981862982481765e-01
23                                    -4.1351268421143139e-01
$End
$Loewdin_Population_Analysis
   &GeometryIndex 1
   &ListStatus       OUT
   &NATOMS [&Type "Integer"] 24
   &ATNO [&Type "ArrayOfIntegers", &Dim (24,1)] 
                                                         0

0                                                        6
1                                                        1
2                                                        1
3                                                        6
4                                                        6
5                                                        8
6                                                        8
7                                                        8
8                                                        6
9                                                        1
10                                                       6
11                                                       1
12                                                       6
13                                                       6
14                                                       1
15                                                       6
16                                                       1
17                                                       6
18                                                       1
19                                                       8
20                                                       1
21                                                       6
22                                                       8
23                                                       8
   &ATOMICCHARGES [&Type "ArrayOfDoubles", &Dim (24,1)] 
                                                         0

0                                     -9.7851282531112638e-02
1                                      3.1449289444472894e-03
2                                      1.0742268268185473e-02
3                                     -7.6563951362622618e-03
4                                     -5.5890345806728803e-02
5                                     -3.7049614282641308e-01
6                                     -3.8880838133503914e-01
7                                     -1.5997983951644557e-01
8                                      7.9957447828935990e-02
9                                     -7.2851575554282455e-03
10                                    -4.8294544175957910e-02
11                                     1.8910966258859352e-03
12                                    -5.7066358484597401e-02
13                                    -7.6995457230877307e-03
14                                     1.2719401827008259e-02
15                                    -5.0495612198147910e-02
16                                    -3.5925698373273640e-04
17                                     4.2339872796435252e-02
18                                     7.5820983021691601e-03
19                                    -1.7310319331405388e-01
20                                     7.4606535801849616e-02
21                                    -4.2502998123751468e-02
22                                    -3.8359416049058304e-01
23                                    -3.8190043619359848e-01
$End
$Mayer_Population_Analysis
   &GeometryIndex 1
   &ListStatus       OUT
   &NATOMS [&Type "Integer"] 24 "Total number of atoms"
   &BONDTHRESH [&Type "Double"]       1.0000000000000001e-01  "The threshold for printing"
   &NBONDORDERSPRINT [&Type "Integer"] 27 "The number of bond orders larger than threshold"
   &BONDORDERS [&Type "ArrayOfDoubles", &Dim (27,1)] "The bond orders"
                                                         0

0                                      9.1487625354451396e-01
1                                      9.0238366060597186e-01
2                                      1.9637243261993056e+00
3                                      8.3111727306735750e-01
4                                      1.0322403997492167e+00
5                                      1.8954620993958373e+00
6                                      1.7782036807647916e+00
7                                      1.2443223052204533e-01
8                                      1.1049022476168877e-01
9                                      9.4979737675038445e-01
10                                     8.8749650970947735e-01
11                                     9.7348579290626502e-01
12                                     9.6185091456015714e-01
13                                     9.3351742840037211e-01
14                                     1.7781725074026666e+00
15                                     1.0938823464265091e+00
16                                     8.3441432886279809e-01
17                                     9.6272595193389210e-01
18                                     1.7720628447172613e+00
19                                     9.5467058185394760e-01
20                                     9.6499274986424388e-01
21                                     8.8367956330193964e-01
22                                     1.0207534237489087e+00
23                                     9.7775737931536510e-01
24                                     1.8841776314527312e+00
25                                     1.8571793416469591e+00
26                                     1.2460999325656205e-01
   &COMPONENTS [&Type "ArrayOfIntegers", &Dim (27,4)] "The indices and atomic numbers of the bonding atoms"
                                                         0                           1                           2                           3

0                                                        0                           6                           1                           1
1                                                        0                           6                           2                           1
2                                                        0                           6                           3                           6
3                                                        3                           6                           4                           6
4                                                        3                           6                           7                           8
5                                                        4                           6                           5                           8
6                                                        4                           6                           6                           8
7                                                        5                           8                           6                           8
8                                                        6                           8                          18                           1
9                                                        7                           8                           8                           6
10                                                       8                           6                           9                           1
11                                                       8                           6                          10                           6
12                                                       8                           6                          17                           6
13                                                      10                           6                          11                           1
14                                                      10                           6                          12                           6
15                                                      12                           6                          13                           6
16                                                      12                           6                          21                           6
17                                                      13                           6                          14                           1
18                                                      13                           6                          15                           6
19                                                      15                           6                          16                           1
20                                                      15                           6                          17                           6
21                                                      17                           6                          18                           1
22                                                      17                           6                          19                           8
23                                                      19                           8                          20                           1
24                                                      21                           6                          22                           8
25                                                      21                           6                          23                           8
26                                                      22                           8                          23                           8
   &ATNO [&Type "ArrayOfIntegers", &Dim (24,1)] "Atomic number of the elements"
                                                         0

0                                                        6
1                                                        1
2                                                        1
3                                                        6
4                                                        6
5                                                        8
6                                                        8
7                                                        8
8                                                        6
9                                                        1
10                                                       6
11                                                       1
12                                                       6
13                                                       6
14                                                       1
15                                                       6
16                                                       1
17                                                       6
18                                                       1
19                                                       8
20                                                       1
21                                                       6
22                                                       8
23                                                       8
   &NA [&Type "ArrayOfDoubles", &Dim (24,1)] "Mulliken gross atomic population"
                                                         0

0                                      5.9916985635737641e+00
1                                      1.0297403312984970e+00
2                                      1.0287476193997622e+00
3                                      5.9916330244911471e+00
4                                      5.9073327265054107e+00
5                                      8.3983630396452664e+00
6                                      8.4258019356530411e+00
7                                      8.3762085316618187e+00
8                                      5.7263060965474279e+00
9                                      1.0936790006609474e+00
10                                     6.0966191676656578e+00
11                                     1.0617957543704810e+00
12                                     6.0215190300483235e+00
13                                     5.9616582473365529e+00
14                                     1.0570291647963717e+00
15                                     6.0157285716143356e+00
16                                     1.0716409318765412e+00
17                                     5.7831274442254479e+00
18                                     1.0158024319613257e+00
19                                     8.3385708290223501e+00
20                                     8.5710109605531304e-01
21                                     5.9265651475540011e+00
22                                     8.4098186298248176e+00
23                                     8.4135126842114314e+00
   &ZA [&Type "ArrayOfDoubles", &Dim (24,1)] "Total nuclear charge"
                                                         0

0                                      6.0000000000000000e+00
1                                      1.0000000000000000e+00
2                                      1.0000000000000000e+00
3                                      6.0000000000000000e+00
4                                      6.0000000000000000e+00
5                                      8.0000000000000000e+00
6                                      8.0000000000000000e+00
7                                      8.0000000000000000e+00
8                                      6.0000000000000000e+00
9                                      1.0000000000000000e+00
10                                     6.0000000000000000e+00
11                                     1.0000000000000000e+00
12                                     6.0000000000000000e+00
13                                     6.0000000000000000e+00
14                                     1.0000000000000000e+00
15                                     6.0000000000000000e+00
16                                     1.0000000000000000e+00
17                                     6.0000000000000000e+00
18                                     1.0000000000000000e+00
19                                     8.0000000000000000e+00
20                                     1.0000000000000000e+00
21                                     6.0000000000000000e+00
22                                     8.0000000000000000e+00
23                                     8.0000000000000000e+00
   &QA [&Type "ArrayOfDoubles", &Dim (24,1)] "Mulliken gross atomic charge"
                                                         0

0                                      8.3014364262359308e-03
1                                     -2.9740331298496958e-02
2                                     -2.8747619399762225e-02
3                                      8.3669755088529030e-03
4                                      9.2667273494589253e-02
5                                     -3.9836303964526643e-01
6                                     -4.2580193565304114e-01
7                                     -3.7620853166181867e-01
8                                      2.7369390345257205e-01
9                                     -9.3679000660947365e-02
10                                    -9.6619167665657812e-02
11                                    -6.1795754370481015e-02
12                                    -2.1519030048323451e-02
13                                     3.8341752663447082e-02
14                                    -5.7029164796371656e-02
15                                    -1.5728571614335607e-02
16                                    -7.1640931876541192e-02
17                                     2.1687255577455211e-01
18                                    -1.5802431961325691e-02
19                                    -3.3857082902235014e-01
20                                     1.4289890394468696e-01
21                                     7.3434852445998899e-02
22                                    -4.0981862982481765e-01
23                                    -4.1351268421143139e-01
   &VA [&Type "ArrayOfDoubles", &Dim (24,1)] "Mayer's total valence"
                                                         0

0                                      3.8825089937009021e+00
1                                      9.9401196225619237e-01
2                                      1.0246504997526842e+00
3                                      3.9349456397211036e+00
4                                      4.5079874057475395e+00
5                                      2.1068643657151589e+00
6                                      2.0597773280972103e+00
7                                      2.0839612188270715e+00
8                                      3.8357388146026077e+00
9                                      9.9366589411128081e-01
10                                     3.8781340520875629e+00
11                                     1.0339439826835783e+00
12                                     3.7073673816145982e+00
13                                     3.9162800379411884e+00
14                                     1.0350379261533706e+00
15                                     3.8268285631682115e+00
16                                     9.8071589095006373e-01
17                                     3.8635972391856122e+00
18                                     1.0773769235884785e+00
19                                     2.0189156297693747e+00
20                                     1.0197977587565139e+00
21                                     4.5627487823335624e+00
22                                     2.0880318395404500e+00
23                                     2.0829928521430912e+00
   &BVA [&Type "ArrayOfDoubles", &Dim (24,1)] "Mayer's bonded valence"
                                                         0

0                                      3.8825089937009056e+00
1                                      9.9401196225620314e-01
2                                      1.0246504997526724e+00
3                                      3.9349456397210845e+00
4                                      4.5079874057475440e+00
5                                      2.1068643657152055e+00
6                                      2.0597773280972458e+00
7                                      2.0839612188270920e+00
8                                      3.8357388146025713e+00
9                                      9.9366589411129003e-01
10                                     3.8781340520876100e+00
11                                     1.0339439826835943e+00
12                                     3.7073673816145547e+00
13                                     3.9162800379411755e+00
14                                     1.0350379261533871e+00
15                                     3.8268285631682013e+00
16                                     9.8071589095006817e-01
17                                     3.8635972391856042e+00
18                                     1.0773769235884727e+00
19                                     2.0189156297693867e+00
20                                     1.0197977587565161e+00
21                                     4.5627487823335136e+00
22                                     2.0880318395404771e+00
23                                     2.0829928521431285e+00
   &FA [&Type "ArrayOfDoubles", &Dim (24,1)] "Mayer's free valence"
                                                         0

0                                      0.0000000000000000e+00
1                                      0.0000000000000000e+00
2                                      0.0000000000000000e+00
3                                      0.0000000000000000e+00
4                                      0.0000000000000000e+00
5                                      0.0000000000000000e+00
6                                      0.0000000000000000e+00
7                                      0.0000000000000000e+00
8                                      0.0000000000000000e+00
9                                      0.0000000000000000e+00
10                                     0.0000000000000000e+00
11                                     0.0000000000000000e+00
12                                     0.0000000000000000e+00
13                                     0.0000000000000000e+00
14                                     0.0000000000000000e+00
15                                     0.0000000000000000e+00
16                                     0.0000000000000000e+00
17                                     0.0000000000000000e+00
18                                     0.0000000000000000e+00
19                                     0.0000000000000000e+00
20                                     0.0000000000000000e+00
21                                     0.0000000000000000e+00
22                                     0.0000000000000000e+00
23                                     0.0000000000000000e+00
$End
$VdW_Correction
   &GeometryIndex 1
   &ListStatus       OUT
   &VDW [&Type "Double"]      -5.2670180956913788e-02
$End
$Calculation_Info
   &GeometryIndex 1
   &ListStatus       OUT
   &MULT [&Type "Integer"] 1
   &CHARGE [&Type "Integer"] -2
   &NUMOFATOMS [&Type "Integer"] 24
   &NUMOFELECTRONS [&Type "Integer"] 118
   &NUMOFFCELECTRONS [&Type "Integer"] 1
   &NUMOFCORRELECTRONS [&Type "Integer"] 0
   &NUMOFBASISFUNCTS [&Type "Integer"] 264
   &NUMOFAUXCBASISFUNCTS [&Type "Integer"] 0
   &NUMOFAUXJBASISFUNCTS [&Type "Integer"] 872
   &NUMOFAUXJKBASISFUNCTS [&Type "Integer"] 0
   &NUMOFCABSBASISFUNCTS [&Type "Integer"] 0
   &TOTALENERGY [&Type "Double"]      -8.3614622157648819e+02  "Hartrees"
$End
$SCF_Dipole_Moment
   &GeometryIndex 1
   &ListStatus       OUT
   &METHOD [&Type "String"] "SCF"
   &LEVEL [&Type "String"] "Relaxed density"
   &MULT [&Type "Integer"] 1
   &STATE [&Type "Integer"] -1
   &IRREP [&Type "Integer"] 0
   &NATOMS [&Type "Integer"] 24
   &DODIPOLEATOM [&Type "Boolean"] false
   &DIPOLEELECCONTRIB [&Type "ArrayOfDoubles", &Dim (3,1)] "Electronic contribution"
                                                         0

0                                      8.0027774665362106e-01
1                                      7.6040511666543553e-01
2                                     -7.3640636001558839e-03
   &DIPOLENUCCONTRIB [&Type "ArrayOfDoubles", &Dim (3,1)] "Nuclear contribution"
                                                         0

0                                     -2.7436493425010298e+00
1                                     -3.6601560980283310e+00
2                                     -1.0551825150027128e-01
   &DIPOLETOTAL [&Type "ArrayOfDoubles", &Dim (3,1)] "Total"
                                                         0

0                                     -1.9433715958474087e+00
1                                     -2.8997509813628954e+00
2                                     -1.1288231510042716e-01
   &DIPOLEMAGNITUDE [&Type "Double", &Units "a.u."]       3.4925622872790703e+00
$End
