*************************************************
******************* ORCA 6.0.1 ******************
*************************************************
$Calculation_Status
   &GeometryIndex 1
   &ListStatus       OUT
   &VERSION [&Type "String"] "6.0.1"
   &PROGNAME [&Type "String"] "LeanSCF"
   &STATUS [&Type "String"] "NORMAL TERMINATION"
$End
$Geometry
   &GeometryIndex 1
   &ListStatus       OUT
   &NATOMS [&Type "Integer"] 24
   &NCORELESSECP [&Type "Integer"] 0
   &NGHOSTATOMS [&Type "Integer"] 0
   &CartesianCoordinates [&Type "Coordinates", &Dim(24,4), &Units "Bohr"] 
              C     73.487669895930   35.867002021825   82.667959454519
              H     75.373616577583   35.024184166096   82.526229994475
              H     73.582156202626   37.936252138469   82.541347803546
              C     72.372731476916   35.035522522900   85.158618499027
              C     70.537807400879   36.728717138893   86.708193928843
              O     70.724890288137   39.068198092688   86.428514461022
              O     69.067600468688   35.602440363076   88.182180313301
              O     72.856501367200   32.934147061980   85.931516487801
              C     69.190432667393   31.161583948361   81.849708038531
              H     68.939099091581   29.147135889601   82.225763539182
              C     71.348499912331   32.004401804090   80.850042913687
              H     72.901854794414   30.704270223952   80.472097686903
              C     71.868174599159   34.774740316419   80.413516176751
              C     69.451214873874   36.275182866752   80.394618915412
              H     69.574047072579   38.206482975620   79.672743532254
              C     67.313934616409   35.451262272363   81.445306645872
              H     65.705777676442   36.732496591161   81.590815558184
              C     66.988901721374   32.833991576882   82.526229994475
              H     66.881187331741   33.017295011872   84.608708194056
              O     64.721230360669   31.766296311216   81.587036105916
              H     63.700778248351   30.934816812291   82.941969743938
              C     73.368617149493   35.026073892230   77.877503705029
              O     75.632509057930   34.245616998921   77.822701647145
              O     72.234781469140   35.959598602387   76.035020724455
$End
$SCF_Energy
   &GeometryIndex 1
   &ListStatus       OUT
   &SCF_ENERGY [&Type "Double"]      -8.3611781043211636e+02
$End
$DFT_Energy
   &GeometryIndex 1
   &ListStatus       OUT
   &NALPHAEL [&Type "Integer"] 59
   &NBETAEL [&Type "Integer"] 59
   &NTOTALEL [&Type "Integer"] 118
   &EEXCHANGE [&Type "Double"]      -8.3142037880268560e+01
   &ECORR [&Type "Double"]      -4.8461858977427132e+00
   &ECNL [&Type "Double"]       0.0000000000000000e+00
   &EXC [&Type "Double"]      -8.7988223778011275e+01
   &EEMBED [&Type "Double"]       0.0000000000000000e+00
   &FINALEN [&Type "Double"]      -8.3611781043211636e+02  "No Van der Waals correction"
$End
$Mulliken_Population_Analysis
   &GeometryIndex 1
   &ListStatus       OUT
   &NATOMS [&Type "Integer"] 24
   &ATNO [&Type "ArrayOfIntegers", &Dim (24,1)] 
                                                         0

0                                                        6
1                                                        1
2                                                        1
3                                                        6
4                                                        6
5                                                        8
6                                                        8
7                                                        8
8                                                        6
9                                                        1
10                                                       6
11                                                       1
12                                                       6
13                                                       6
14                                                       1
15                                                       6
16                                                       1
17                                                       6
18                                                       1
19                                                       8
20                                                       1
21                                                       6
22                                                       8
23                                                       8
   &ATOMICCHARGES [&Type "ArrayOfDoubles", &Dim (24,1)] 
                                                         0

0                                      2.6667568268670649e-01
1                                     -4.7318871822065622e-02
2                                     -4.0629598041802328e-02
3                                     -6.5753866845706277e-02
4                                      7.7672369645632955e-02
5                                     -4.0431164818283882e-01
6                                     -4.0802390292754787e-01
7                                     -2.5372069245942441e-01
8                                     -6.2458706656510543e-02
9                                     -9.7638112266431154e-02
10                                     6.6387294176802669e-02
11                                    -5.6994558498776104e-02
12                                    -2.1680533847815564e-01
13                                     9.7833862537012983e-02
14                                    -5.6559152116180123e-02
15                                    -8.0667332320847329e-02
16                                    -8.1000286739672855e-02
17                                     3.1082955702141035e-01
18                                     4.4489327670953482e-03
19                                    -3.5555859392900757e-01
20                                     1.3793406398253616e-01
21                                     8.5283316686336264e-02
22                                    -4.3359095324753838e-01
23                                    -3.8603346497111168e-01
$End
$Loewdin_Population_Analysis
   &GeometryIndex 1
   &ListStatus       OUT
   &NATOMS [&Type "Integer"] 24
   &ATNO [&Type "ArrayOfIntegers", &Dim (24,1)] 
                                                         0

0                                                        6
1                                                        1
2                                                        1
3                                                        6
4                                                        6
5                                                        8
6                                                        8
7                                                        8
8                                                        6
9                                                        1
10                                                       6
11                                                       1
12                                                       6
13                                                       6
14                                                       1
15                                                       6
16                                                       1
17                                                       6
18                                                       1
19                                                       8
20                                                       1
21                                                       6
22                                                       8
23                                                       8
   &ATOMICCHARGES [&Type "ArrayOfDoubles", &Dim (24,1)] 
                                                         0

0                                     -3.3262367205303178e-02
1                                      1.0536040170776917e-02
2                                      1.1515345791133114e-02
3                                      3.2279830184123171e-02
4                                     -8.3368903741085632e-02
5                                     -3.6705968019548507e-01
6                                     -3.6960905342103700e-01
7                                     -1.8305274933623217e-01
8                                     -7.0609856191464537e-02
9                                     -9.6133664881516978e-03
10                                     6.2069959616142256e-03
11                                     9.3886342275286694e-03
12                                    -7.8950321154533931e-02
13                                     1.7820336182267305e-02
14                                     1.2682710341650028e-02
15                                    -7.1878818506857733e-02
16                                    -1.7154627858650962e-03
17                                     5.0128669734549547e-02
18                                     1.3014568271067950e-02
19                                    -1.7625782042669336e-01
20                                     6.9425012149361365e-02
21                                    -2.6712122048015097e-02
22                                    -3.9734848017388202e-01
23                                    -3.6355914133957157e-01
$End
$Mayer_Population_Analysis
   &GeometryIndex 1
   &ListStatus       OUT
   &NATOMS [&Type "Integer"] 24 "Total number of atoms"
   &BONDTHRESH [&Type "Double"]       1.0000000000000001e-01  "The threshold for printing"
   &NBONDORDERSPRINT [&Type "Integer"] 26 "The number of bond orders larger than threshold"
   &BONDORDERS [&Type "ArrayOfDoubles", &Dim (26,1)] "The bond orders"
                                                         0

0                                      8.6913173895466900e-01
1                                      9.0860160719439031e-01
2                                      9.7154482612982740e-01
3                                      9.9611809094272341e-01
4                                      8.0294544452510763e-01
5                                      2.0641922358322966e+00
6                                      1.8451482484302093e+00
7                                      1.8166669998509681e+00
8                                      1.3303158660407541e-01
9                                      9.5058102527444011e-01
10                                     1.8808552192646664e+00
11                                     9.7287134639774175e-01
12                                     9.5942271080556096e-01
13                                     9.8825693165137452e-01
14                                     9.5972629648285357e-01
15                                     7.7274753206437796e-01
16                                     9.5835380575598417e-01
17                                     1.8844399064222883e+00
18                                     9.5354396965497279e-01
19                                     9.7444122774563158e-01
20                                     8.5583661945913736e-01
21                                     9.7519116965088770e-01
22                                     9.7547882727439439e-01
23                                     1.8211034938358934e+00
24                                     1.9286269031887386e+00
25                                     1.1381477604399021e-01
   &COMPONENTS [&Type "ArrayOfIntegers", &Dim (26,4)] "The indices and atomic numbers of the bonding atoms"
                                                         0                           1                           2                           3

0                                                        0                           6                           1                           1
1                                                        0                           6                           2                           1
2                                                        0                           6                           3                           6
3                                                        0                           6                          12                           6
4                                                        3                           6                           4                           6
5                                                        3                           6                           7                           8
6                                                        4                           6                           5                           8
7                                                        4                           6                           6                           8
8                                                        5                           8                           6                           8
9                                                        8                           6                           9                           1
10                                                       8                           6                          10                           6
11                                                       8                           6                          17                           6
12                                                      10                           6                          11                           1
13                                                      10                           6                          12                           6
14                                                      12                           6                          13                           6
15                                                      12                           6                          21                           6
16                                                      13                           6                          14                           1
17                                                      13                           6                          15                           6
18                                                      15                           6                          16                           1
19                                                      15                           6                          17                           6
20                                                      17                           6                          18                           1
21                                                      17                           6                          19                           8
22                                                      19                           8                          20                           1
23                                                      21                           6                          22                           8
24                                                      21                           6                          23                           8
25                                                      22                           8                          23                           8
   &ATNO [&Type "ArrayOfIntegers", &Dim (24,1)] "Atomic number of the elements"
                                                         0

0                                                        6
1                                                        1
2                                                        1
3                                                        6
4                                                        6
5                                                        8
6                                                        8
7                                                        8
8                                                        6
9                                                        1
10                                                       6
11                                                       1
12                                                       6
13                                                       6
14                                                       1
15                                                       6
16                                                       1
17                                                       6
18                                                       1
19                                                       8
20                                                       1
21                                                       6
22                                                       8
23                                                       8
   &NA [&Type "ArrayOfDoubles", &Dim (24,1)] "Mulliken gross atomic population"
                                                         0

0                                      5.7333243173132962e+00
1                                      1.0473188718220658e+00
2                                      1.0406295980418019e+00
3                                      6.0657538668457098e+00
4                                      5.9223276303543662e+00
5                                      8.4043116481828406e+00
6                                      8.4080239029275479e+00
7                                      8.2537206924594262e+00
8                                      6.0624587066565150e+00
9                                      1.0976381122664309e+00
10                                     5.9336127058231920e+00
11                                     1.0569945584987757e+00
12                                     6.2168053384781574e+00
13                                     5.9021661374629844e+00
14                                     1.0565591521161799e+00
15                                     6.0806673323208509e+00
16                                     1.0810002867396733e+00
17                                     5.6891704429785941e+00
18                                     9.9555106723290476e-01
19                                     8.3555585939290076e+00
20                                     8.6206593601746384e-01
21                                     5.9147166833136611e+00
22                                     8.4335909532475331e+00
23                                     8.3860334649711117e+00
   &ZA [&Type "ArrayOfDoubles", &Dim (24,1)] "Total nuclear charge"
                                                         0

0                                      6.0000000000000000e+00
1                                      1.0000000000000000e+00
2                                      1.0000000000000000e+00
3                                      6.0000000000000000e+00
4                                      6.0000000000000000e+00
5                                      8.0000000000000000e+00
6                                      8.0000000000000000e+00
7                                      8.0000000000000000e+00
8                                      6.0000000000000000e+00
9                                      1.0000000000000000e+00
10                                     6.0000000000000000e+00
11                                     1.0000000000000000e+00
12                                     6.0000000000000000e+00
13                                     6.0000000000000000e+00
14                                     1.0000000000000000e+00
15                                     6.0000000000000000e+00
16                                     1.0000000000000000e+00
17                                     6.0000000000000000e+00
18                                     1.0000000000000000e+00
19                                     8.0000000000000000e+00
20                                     1.0000000000000000e+00
21                                     6.0000000000000000e+00
22                                     8.0000000000000000e+00
23                                     8.0000000000000000e+00
   &QA [&Type "ArrayOfDoubles", &Dim (24,1)] "Mulliken gross atomic charge"
                                                         0

0                                      2.6667568268670383e-01
1                                     -4.7318871822065844e-02
2                                     -4.0629598041801884e-02
3                                     -6.5753866845709830e-02
4                                      7.7672369645633843e-02
5                                     -4.0431164818284060e-01
6                                     -4.0802390292754787e-01
7                                     -2.5372069245942619e-01
8                                     -6.2458706656514984e-02
9                                     -9.7638112266430932e-02
10                                     6.6387294176807998e-02
11                                    -5.6994558498775660e-02
12                                    -2.1680533847815742e-01
13                                     9.7833862537015648e-02
14                                    -5.6559152116179900e-02
15                                    -8.0667332320850882e-02
16                                    -8.1000286739673300e-02
17                                     3.1082955702140591e-01
18                                     4.4489327670952372e-03
19                                    -3.5555859392900757e-01
20                                     1.3793406398253616e-01
21                                     8.5283316686338928e-02
22                                    -4.3359095324753305e-01
23                                    -3.8603346497111168e-01
   &VA [&Type "ArrayOfDoubles", &Dim (24,1)] "Mayer's total valence"
                                                         0

0                                      3.7343983911042820e+00
1                                      1.0551054279823973e+00
2                                      1.0264131750268004e+00
3                                      3.9793932375357932e+00
4                                      4.4710199211321600e+00
5                                      2.0817343959702024e+00
6                                      2.0678491317203971e+00
7                                      2.1951378067624354e+00
8                                      3.9355052412906568e+00
9                                      9.8025568116461903e-01
10                                     3.9375658422839832e+00
11                                     1.0152815195104274e+00
12                                     3.6988339167669659e+00
13                                     3.9443569516107750e+00
14                                     1.0060245476442724e+00
15                                     3.9327725203718344e+00
16                                     9.8368800495699438e-01
17                                     3.7768859783058488e+00
18                                     1.0502987065668019e+00
19                                     1.9958894120249711e+00
20                                     1.0237283545432623e+00
21                                     4.5530073912329021e+00
22                                     2.0460628823358853e+00
23                                     2.1116995053371364e+00
   &BVA [&Type "ArrayOfDoubles", &Dim (24,1)] "Mayer's bonded valence"
                                                         0

0                                      3.7343983911043139e+00
1                                      1.0551054279823995e+00
2                                      1.0264131750268020e+00
3                                      3.9793932375357812e+00
4                                      4.4710199211321342e+00
5                                      2.0817343959702441e+00
6                                      2.0678491317204166e+00
7                                      2.1951378067624088e+00
8                                      3.9355052412906604e+00
9                                      9.8025568116462913e-01
10                                     3.9375658422840329e+00
11                                     1.0152815195104239e+00
12                                     3.6988339167670206e+00
13                                     3.9443569516107670e+00
14                                     1.0060245476442733e+00
15                                     3.9327725203718709e+00
16                                     9.8368800495699749e-01
17                                     3.7768859783058333e+00
18                                     1.0502987065668044e+00
19                                     1.9958894120249333e+00
20                                     1.0237283545432647e+00
21                                     4.5530073912329270e+00
22                                     2.0460628823359031e+00
23                                     2.1116995053371248e+00
   &FA [&Type "ArrayOfDoubles", &Dim (24,1)] "Mayer's free valence"
                                                         0

0                                      0.0000000000000000e+00
1                                      0.0000000000000000e+00
2                                      0.0000000000000000e+00
3                                      0.0000000000000000e+00
4                                      0.0000000000000000e+00
5                                      0.0000000000000000e+00
6                                      0.0000000000000000e+00
7                                      0.0000000000000000e+00
8                                      0.0000000000000000e+00
9                                      0.0000000000000000e+00
10                                     0.0000000000000000e+00
11                                     0.0000000000000000e+00
12                                     0.0000000000000000e+00
13                                     0.0000000000000000e+00
14                                     0.0000000000000000e+00
15                                     0.0000000000000000e+00
16                                     0.0000000000000000e+00
17                                     0.0000000000000000e+00
18                                     0.0000000000000000e+00
19                                     0.0000000000000000e+00
20                                     0.0000000000000000e+00
21                                     0.0000000000000000e+00
22                                     0.0000000000000000e+00
23                                     0.0000000000000000e+00
$End
$VdW_Correction
   &GeometryIndex 1
   &ListStatus       OUT
   &VDW [&Type "Double"]      -5.4481729960416836e-02
$End
$Calculation_Info
   &GeometryIndex 1
   &ListStatus       OUT
   &MULT [&Type "Integer"] 1
   &CHARGE [&Type "Integer"] -2
   &NUMOFATOMS [&Type "Integer"] 24
   &NUMOFELECTRONS [&Type "Integer"] 118
   &NUMOFFCELECTRONS [&Type "Integer"] 1
   &NUMOFCORRELECTRONS [&Type "Integer"] 0
   &NUMOFBASISFUNCTS [&Type "Integer"] 264
   &NUMOFAUXCBASISFUNCTS [&Type "Integer"] 0
   &NUMOFAUXJBASISFUNCTS [&Type "Integer"] 872
   &NUMOFAUXJKBASISFUNCTS [&Type "Integer"] 0
   &NUMOFCABSBASISFUNCTS [&Type "Integer"] 0
   &TOTALENERGY [&Type "Double"]      -8.3617229216207681e+02  "Hartrees"
$End
$SCF_Dipole_Moment
   &GeometryIndex 1
   &ListStatus       OUT
   &METHOD [&Type "String"] "SCF"
   &LEVEL [&Type "String"] "Relaxed density"
   &MULT [&Type "Integer"] 1
   &STATE [&Type "Integer"] -1
   &IRREP [&Type "Integer"] 0
   &NATOMS [&Type "Integer"] 24
   &DODIPOLEATOM [&Type "Boolean"] false
   &DIPOLEELECCONTRIB [&Type "ArrayOfDoubles", &Dim (3,1)] "Electronic contribution"
                                                         0

0                                      2.5908006383816056e+00
1                                      1.2469099721658179e+00
2                                      1.1996238505394015e+00
   &DIPOLENUCCONTRIB [&Type "ArrayOfDoubles", &Dim (3,1)] "Nuclear contribution"
                                                         0

0                                     -4.3361525643023526e+00
1                                     -2.8085563199038859e+00
2                                     -8.1168195212141825e-01
   &DIPOLETOTAL [&Type "ArrayOfDoubles", &Dim (3,1)] "Total"
                                                         0

0                                     -1.7453519259207471e+00
1                                     -1.5616463477380680e+00
2                                      3.8794189841798321e-01
   &DIPOLEMAGNITUDE [&Type "Double", &Units "a.u."]       2.3739190334270157e+00
$End
