*************************************************
******************* ORCA 6.0.1 ******************
*************************************************
$Calculation_Status
   &GeometryIndex 1
   &ListStatus       OUT
   &VERSION [&Type "String"] "6.0.1"
   &PROGNAME [&Type "String"] "LeanSCF"
   &STATUS [&Type "String"] "NORMAL TERMINATION"
$End
$Geometry
   &GeometryIndex 1
   &ListStatus       OUT
   &NATOMS [&Type "Integer"] 24
   &NCORELESSECP [&Type "Integer"] 0
   &NGHOSTATOMS [&Type "Integer"] 0
   &CartesianCoordinates [&Type "Coordinates", &Dim(24,4), &Units "Bohr"] 
              C     82.034901199655   31.620787398904   88.410837175506
              H     82.911734125795   30.065542790687   87.386605610920
              H     82.987323171152   33.444373118138   88.480757042461
              C     79.822031896834   31.369453823093   89.610813270546
              C     78.663629776740   33.472719010147   91.205742127575
              O     79.485660644996   35.695036943639   90.905275672282
              O     76.987442695952   32.854778564355   92.747758652855
              O     78.508672233758   29.122569449860   89.618372175081
              C     76.883507758586   28.510298182470   87.439517942670
              H     75.900850168947   26.783088496066   88.038561127123
              C     78.588040731383   28.032197470588   85.237986996652
              H     79.614162022102   26.248296000166   85.177515760366
              C     79.151179119292   29.897357164768   83.597704712408
              C     77.728215340449   32.278412093509   83.694080745238
              H     78.359383869179   33.754288204101   82.390169712833
              C     75.789356327046   32.641239511222   85.298458232937
              H     74.765124762460   34.436479338447   85.328693851080
              C     74.848272712353   30.549312680971   87.006770658002
              H     74.400407618614   31.337328478816   88.892717339656
              O     72.695874645817   29.483507141439   85.855927442444
              H     71.754791031124   28.294869403203   87.106926143100
              C     81.426409384533   29.683818111635   81.844038860129
              O     82.826696449768   27.782753620910   82.078364900736
              O     81.827031324924   31.488506569530   80.353044940466
$End
$SCF_Energy
   &GeometryIndex 1
   &ListStatus       OUT
   &SCF_ENERGY [&Type "Double"]      -8.3608858780844184e+02
$End
$DFT_Energy
   &GeometryIndex 1
   &ListStatus       OUT
   &NALPHAEL [&Type "Integer"] 59
   &NBETAEL [&Type "Integer"] 59
   &NTOTALEL [&Type "Integer"] 118
   &EEXCHANGE [&Type "Double"]      -8.3116441434597974e+01
   &ECORR [&Type "Double"]      -4.8454844970369404e+00
   &ECNL [&Type "Double"]       0.0000000000000000e+00
   &EXC [&Type "Double"]      -8.7961925931634909e+01
   &EEMBED [&Type "Double"]       0.0000000000000000e+00
   &FINALEN [&Type "Double"]      -8.3608858780844184e+02  "No Van der Waals correction"
$End
$Mulliken_Population_Analysis
   &GeometryIndex 1
   &ListStatus       OUT
   &NATOMS [&Type "Integer"] 24
   &ATNO [&Type "ArrayOfIntegers", &Dim (24,1)] 
                                                         0

0                                                        6
1                                                        1
2                                                        1
3                                                        6
4                                                        6
5                                                        8
6                                                        8
7                                                        8
8                                                        6
9                                                        1
10                                                       6
11                                                       1
12                                                       6
13                                                       6
14                                                       1
15                                                       6
16                                                       1
17                                                       6
18                                                       1
19                                                       8
20                                                       1
21                                                       6
22                                                       8
23                                                       8
   &ATOMICCHARGES [&Type "ArrayOfDoubles", &Dim (24,1)] 
                                                         0

0                                      6.3325311986517363e-04
1                                     -1.1480483768533833e-02
2                                     -3.3576879434818352e-02
3                                      1.1725362514043880e-02
4                                      7.4548425923206985e-02
5                                     -4.2101852323340339e-01
6                                     -4.1549698528640988e-01
7                                     -3.6593343480611829e-01
8                                      2.5131085193862646e-01
9                                     -9.6969759873094530e-02
10                                    -5.9041909683240412e-02
11                                    -6.2305890283841370e-02
12                                    -4.9325583834929354e-02
13                                     5.5975599735933912e-02
14                                    -5.6356969982519711e-02
15                                    -2.2401629740097739e-02
16                                    -6.2666816208536424e-02
17                                     2.1293339976387493e-01
18                                    -1.0835255175382974e-02
19                                    -3.4967507356018501e-01
20                                     1.4965794019800283e-01
21                                     7.6446389479144727e-02
22                                    -4.1212444242884771e-01
23                                    -4.0402158537268562e-01
$End
$Loewdin_Population_Analysis
   &GeometryIndex 1
   &ListStatus       OUT
   &NATOMS [&Type "Integer"] 24
   &ATNO [&Type "ArrayOfIntegers", &Dim (24,1)] 
                                                         0

0                                                        6
1                                                        1
2                                                        1
3                                                        6
4                                                        6
5                                                        8
6                                                        8
7                                                        8
8                                                        6
9                                                        1
10                                                       6
11                                                       1
12                                                       6
13                                                       6
14                                                       1
15                                                       6
16                                                       1
17                                                       6
18                                                       1
19                                                       8
20                                                       1
21                                                       6
22                                                       8
23                                                       8
   &ATOMICCHARGES [&Type "ArrayOfDoubles", &Dim (24,1)] 
                                                         0

0                                     -9.8909328991631185e-02
1                                      9.8302272995494100e-03
2                                      8.8942254938989551e-03
3                                     -8.8140673134633474e-03
4                                     -6.5498147236737303e-02
5                                     -3.9262960894214949e-01
6                                     -3.7820727703625323e-01
7                                     -1.5086673935145001e-01
8                                      7.5792942325136892e-02
9                                     -8.7412279237064627e-03
10                                    -4.1085706619040430e-02
11                                     2.1442189587518312e-03
12                                    -6.1910752296827631e-02
13                                    -1.2949839078864045e-03
14                                     1.2744206834592875e-02
15                                    -5.4956115760598223e-02
16                                     2.3037028087673495e-03
17                                     4.1187111843197677e-02
18                                     9.4791455570000238e-03
19                                    -1.8047632607686737e-01
20                                     8.5743072320099589e-02
21                                    -4.4442639277782803e-02
22                                    -3.8372969540869839e-01
23                                    -3.7655623729782128e-01
$End
$Mayer_Population_Analysis
   &GeometryIndex 1
   &ListStatus       OUT
   &NATOMS [&Type "Integer"] 24 "Total number of atoms"
   &BONDTHRESH [&Type "Double"]       1.0000000000000001e-01  "The threshold for printing"
   &NBONDORDERSPRINT [&Type "Integer"] 26 "The number of bond orders larger than threshold"
   &BONDORDERS [&Type "ArrayOfDoubles", &Dim (26,1)] "The bond orders"
                                                         0

0                                      9.1036224541706046e-01
1                                      9.0807100615708858e-01
2                                      1.9612476042292981e+00
3                                      8.3521250630831223e-01
4                                      1.0319102007816310e+00
5                                      1.8723998881661550e+00
6                                      1.8083927738078105e+00
7                                      1.1969008857003155e-01
8                                      9.4755381086897217e-01
9                                      8.9162895685832189e-01
10                                     9.7390798445547089e-01
11                                     9.6375008663105499e-01
12                                     9.3290419595090923e-01
13                                     1.7739805908324020e+00
14                                     1.0940135652613083e+00
15                                     8.3275206341571417e-01
16                                     9.5986812429347601e-01
17                                     1.7664770037677040e+00
18                                     9.5949660667464454e-01
19                                     9.7331436954499195e-01
20                                     9.0140541668172147e-01
21                                     1.0221971459609818e+00
22                                     9.5553698926532649e-01
23                                     1.8656174301812465e+00
24                                     1.8703461129305992e+00
25                                     1.2161735590664591e-01
   &COMPONENTS [&Type "ArrayOfIntegers", &Dim (26,4)] "The indices and atomic numbers of the bonding atoms"
                                                         0                           1                           2                           3

0                                                        0                           6                           1                           1
1                                                        0                           6                           2                           1
2                                                        0                           6                           3                           6
3                                                        3                           6                           4                           6
4                                                        3                           6                           7                           8
5                                                        4                           6                           5                           8
6                                                        4                           6                           6                           8
7                                                        5                           8                           6                           8
8                                                        7                           8                           8                           6
9                                                        8                           6                           9                           1
10                                                       8                           6                          10                           6
11                                                       8                           6                          17                           6
12                                                      10                           6                          11                           1
13                                                      10                           6                          12                           6
14                                                      12                           6                          13                           6
15                                                      12                           6                          21                           6
16                                                      13                           6                          14                           1
17                                                      13                           6                          15                           6
18                                                      15                           6                          16                           1
19                                                      15                           6                          17                           6
20                                                      17                           6                          18                           1
21                                                      17                           6                          19                           8
22                                                      19                           8                          20                           1
23                                                      21                           6                          22                           8
24                                                      21                           6                          23                           8
25                                                      22                           8                          23                           8
   &ATNO [&Type "ArrayOfIntegers", &Dim (24,1)] "Atomic number of the elements"
                                                         0

0                                                        6
1                                                        1
2                                                        1
3                                                        6
4                                                        6
5                                                        8
6                                                        8
7                                                        8
8                                                        6
9                                                        1
10                                                       6
11                                                       1
12                                                       6
13                                                       6
14                                                       1
15                                                       6
16                                                       1
17                                                       6
18                                                       1
19                                                       8
20                                                       1
21                                                       6
22                                                       8
23                                                       8
   &NA [&Type "ArrayOfDoubles", &Dim (24,1)] "Mulliken gross atomic population"
                                                         0

0                                      5.9993667468801384e+00
1                                      1.0114804837685336e+00
2                                      1.0335768794348177e+00
3                                      5.9882746374859517e+00
4                                      5.9254515740767939e+00
5                                      8.4210185232334034e+00
6                                      8.4154969852864099e+00
7                                      8.3659334348061201e+00
8                                      5.7486891480613762e+00
9                                      1.0969697598730943e+00
10                                     6.0590419096832369e+00
11                                     1.0623058902838407e+00
12                                     6.0493255838349329e+00
13                                     5.9440244002640616e+00
14                                     1.0563569699825202e+00
15                                     6.0224016297401057e+00
16                                     1.0626668162085366e+00
17                                     5.7870666002361268e+00
18                                     1.0108352551753830e+00
19                                     8.3496750735601850e+00
20                                     8.5034205980199684e-01
21                                     5.9235536105208553e+00
22                                     8.4121244424288495e+00
23                                     8.4040215853726856e+00
   &ZA [&Type "ArrayOfDoubles", &Dim (24,1)] "Total nuclear charge"
                                                         0

0                                      6.0000000000000000e+00
1                                      1.0000000000000000e+00
2                                      1.0000000000000000e+00
3                                      6.0000000000000000e+00
4                                      6.0000000000000000e+00
5                                      8.0000000000000000e+00
6                                      8.0000000000000000e+00
7                                      8.0000000000000000e+00
8                                      6.0000000000000000e+00
9                                      1.0000000000000000e+00
10                                     6.0000000000000000e+00
11                                     1.0000000000000000e+00
12                                     6.0000000000000000e+00
13                                     6.0000000000000000e+00
14                                     1.0000000000000000e+00
15                                     6.0000000000000000e+00
16                                     1.0000000000000000e+00
17                                     6.0000000000000000e+00
18                                     1.0000000000000000e+00
19                                     8.0000000000000000e+00
20                                     1.0000000000000000e+00
21                                     6.0000000000000000e+00
22                                     8.0000000000000000e+00
23                                     8.0000000000000000e+00
   &QA [&Type "ArrayOfDoubles", &Dim (24,1)] "Mulliken gross atomic charge"
                                                         0

0                                      6.3325311986162092e-04
1                                     -1.1480483768533611e-02
2                                     -3.3576879434817686e-02
3                                      1.1725362514048321e-02
4                                      7.4548425923206096e-02
5                                     -4.2101852323340339e-01
6                                     -4.1549698528640988e-01
7                                     -3.6593343480612006e-01
8                                      2.5131085193862379e-01
9                                     -9.6969759873094308e-02
10                                    -5.9041909683236860e-02
11                                    -6.2305890283840704e-02
12                                    -4.9325583834932907e-02
13                                     5.5975599735938353e-02
14                                    -5.6356969982520155e-02
15                                    -2.2401629740105733e-02
16                                    -6.2666816208536646e-02
17                                     2.1293339976387315e-01
18                                    -1.0835255175382974e-02
19                                    -3.4967507356018501e-01
20                                     1.4965794019800316e-01
21                                     7.6446389479144727e-02
22                                    -4.1212444242884949e-01
23                                    -4.0402158537268562e-01
   &VA [&Type "ArrayOfDoubles", &Dim (24,1)] "Mayer's total valence"
                                                         0

0                                      3.8842289003520705e+00
1                                      1.0076750776497361e+00
2                                      1.0190119172558825e+00
3                                      3.9346279366702626e+00
4                                      4.5154326543319572e+00
5                                      2.0704273164888716e+00
6                                      2.0485438544813519e+00
7                                      2.0924859254614563e+00
8                                      3.8681623803278340e+00
9                                      9.8687079306817294e-01
10                                     3.8627378885000394e+00
11                                     1.0329553839284156e+00
12                                     3.7341835163028567e+00
13                                     3.8993801600947733e+00
14                                     1.0347670064826457e+00
15                                     3.8201943296694147e+00
16                                     9.7992678644909548e-01
17                                     3.8962342931296088e+00
18                                     1.0570451280955158e+00
19                                     2.0137534162891355e+00
20                                     1.0125363662241795e+00
21                                     4.5546759749795598e+00
22                                     2.0810666766470316e+00
23                                     2.0911475137694064e+00
   &BVA [&Type "ArrayOfDoubles", &Dim (24,1)] "Mayer's bonded valence"
                                                         0

0                                      3.8842289003520278e+00
1                                      1.0076750776497292e+00
2                                      1.0190119172558809e+00
3                                      3.9346279366702204e+00
4                                      4.5154326543319625e+00
5                                      2.0704273164888658e+00
6                                      2.0485438544813874e+00
7                                      2.0924859254614532e+00
8                                      3.8681623803278047e+00
9                                      9.8687079306817316e-01
10                                     3.8627378885000065e+00
11                                     1.0329553839284029e+00
12                                     3.7341835163027994e+00
13                                     3.8993801600947759e+00
14                                     1.0347670064826555e+00
15                                     3.8201943296693730e+00
16                                     9.7992678644908493e-01
17                                     3.8962342931296079e+00
18                                     1.0570451280955133e+00
19                                     2.0137534162892088e+00
20                                     1.0125363662241811e+00
21                                     4.5546759749795793e+00
22                                     2.0810666766470245e+00
23                                     2.0911475137694495e+00
   &FA [&Type "ArrayOfDoubles", &Dim (24,1)] "Mayer's free valence"
                                                         0

0                                      0.0000000000000000e+00
1                                      0.0000000000000000e+00
2                                      0.0000000000000000e+00
3                                      0.0000000000000000e+00
4                                      0.0000000000000000e+00
5                                      0.0000000000000000e+00
6                                      0.0000000000000000e+00
7                                      0.0000000000000000e+00
8                                      0.0000000000000000e+00
9                                      0.0000000000000000e+00
10                                     0.0000000000000000e+00
11                                     0.0000000000000000e+00
12                                     0.0000000000000000e+00
13                                     0.0000000000000000e+00
14                                     0.0000000000000000e+00
15                                     0.0000000000000000e+00
16                                     0.0000000000000000e+00
17                                     0.0000000000000000e+00
18                                     0.0000000000000000e+00
19                                     0.0000000000000000e+00
20                                     0.0000000000000000e+00
21                                     0.0000000000000000e+00
22                                     0.0000000000000000e+00
23                                     0.0000000000000000e+00
$End
$VdW_Correction
   &GeometryIndex 1
   &ListStatus       OUT
   &VDW [&Type "Double"]      -5.2900267143668488e-02
$End
$Calculation_Info
   &GeometryIndex 1
   &ListStatus       OUT
   &MULT [&Type "Integer"] 1
   &CHARGE [&Type "Integer"] -2
   &NUMOFATOMS [&Type "Integer"] 24
   &NUMOFELECTRONS [&Type "Integer"] 118
   &NUMOFFCELECTRONS [&Type "Integer"] 1
   &NUMOFCORRELECTRONS [&Type "Integer"] 0
   &NUMOFBASISFUNCTS [&Type "Integer"] 264
   &NUMOFAUXCBASISFUNCTS [&Type "Integer"] 0
   &NUMOFAUXJBASISFUNCTS [&Type "Integer"] 872
   &NUMOFAUXJKBASISFUNCTS [&Type "Integer"] 0
   &NUMOFCABSBASISFUNCTS [&Type "Integer"] 0
   &TOTALENERGY [&Type "Double"]      -8.3614148807558547e+02  "Hartrees"
$End
$SCF_Dipole_Moment
   &GeometryIndex 1
   &ListStatus       OUT
   &METHOD [&Type "String"] "SCF"
   &LEVEL [&Type "String"] "Relaxed density"
   &MULT [&Type "Integer"] 1
   &STATE [&Type "Integer"] -1
   &IRREP [&Type "Integer"] 0
   &NATOMS [&Type "Integer"] 24
   &DODIPOLEATOM [&Type "Boolean"] false
   &DIPOLEELECCONTRIB [&Type "ArrayOfDoubles", &Dim (3,1)] "Electronic contribution"
                                                         0

0                                      1.1143983606825276e+00
1                                     -2.8388672821186911e-01
2                                      1.1781265488262591e-01
   &DIPOLENUCCONTRIB [&Type "ArrayOfDoubles", &Dim (3,1)] "Nuclear contribution"
                                                         0

0                                     -3.8527916954321597e+00
1                                     -1.4398028161085392e+00
2                                      2.5938431758916636e-02
   &DIPOLETOTAL [&Type "ArrayOfDoubles", &Dim (3,1)] "Total"
                                                         0

0                                     -2.7383933347496319e+00
1                                     -1.7236895443204083e+00
2                                      1.4375108664154254e-01
   &DIPOLEMAGNITUDE [&Type "Double", &Units "a.u."]       3.2389146447400137e+00
$End
