*************************************************
******************* ORCA 6.0.1 ******************
*************************************************
$Calculation_Status
   &GeometryIndex 1
   &ListStatus       OUT
   &VERSION [&Type "String"] "6.0.1"
   &PROGNAME [&Type "String"] "LeanSCF"
   &STATUS [&Type "String"] "NORMAL TERMINATION"
$End
$Geometry
   &GeometryIndex 1
   &ListStatus       OUT
   &NATOMS [&Type "Integer"] 24
   &NCORELESSECP [&Type "Integer"] 0
   &NGHOSTATOMS [&Type "Integer"] 0
   &CartesianCoordinates [&Type "Coordinates", &Dim(24,4), &Units "Bohr"] 
              C     76.452650200052   39.419687153597   88.308791964274
              H     78.389619487321   38.677024782966   88.422175532309
              H     76.480996092061   41.462481104366   88.609258419567
              C     74.944648745183   38.161129548406   90.372372902516
              C     72.845163010396   39.574644696579   91.838800382439
              O     73.345940435886   41.766727011928   92.549337408793
              O     70.876068378850   38.323645995923   92.280996297776
              O     75.396293291190   35.978495863727   90.937401016558
              C     73.075709598735   34.661356748384   85.831361002703
              H     73.015238362449   32.597775810142   85.786007575489
              C     75.218659034602   35.912355449039   85.372157552160
              H     76.983663243684   34.931587585534   84.975315064037
              C     75.405741921860   38.748834376055   85.568689070088
              C     72.835714379727   39.939361840426   85.247435627322
              H     72.752566429834   41.912235924239   84.667289704208
              C     70.698434122262   38.688363139770   85.727426065338
              H     68.889966212099   39.671020729409   85.606483592767
              C     70.592609458762   35.929362984245   86.413396651951
              H     70.190097792237   35.804641059406   88.461859781122
              O     68.651860719225   34.731276615339   85.014999312849
              H     67.414090101507   33.822318344923   86.146945267068
              C     77.469322860102   39.790073475846   83.701639649774
              O     79.328813375880   38.368999423137   83.344481410463
              O     77.287909151245   42.001053052534   82.836145080438
$End
$SCF_Energy
   &GeometryIndex 1
   &ListStatus       OUT
   &SCF_ENERGY [&Type "Double"]      -8.3612184267837461e+02
$End
$DFT_Energy
   &GeometryIndex 1
   &ListStatus       OUT
   &NALPHAEL [&Type "Integer"] 59
   &NBETAEL [&Type "Integer"] 59
   &NTOTALEL [&Type "Integer"] 118
   &EEXCHANGE [&Type "Double"]      -8.3136034869242849e+01
   &ECORR [&Type "Double"]      -4.8458475811392221e+00
   &ECNL [&Type "Double"]       0.0000000000000000e+00
   &EXC [&Type "Double"]      -8.7981882450382074e+01
   &EEMBED [&Type "Double"]       0.0000000000000000e+00
   &FINALEN [&Type "Double"]      -8.3612184267837461e+02  "No Van der Waals correction"
$End
$Mulliken_Population_Analysis
   &GeometryIndex 1
   &ListStatus       OUT
   &NATOMS [&Type "Integer"] 24
   &ATNO [&Type "ArrayOfIntegers", &Dim (24,1)] 
                                                         0

0                                                        6
1                                                        1
2                                                        1
3                                                        6
4                                                        6
5                                                        8
6                                                        8
7                                                        8
8                                                        6
9                                                        1
10                                                       6
11                                                       1
12                                                       6
13                                                       6
14                                                       1
15                                                       6
16                                                       1
17                                                       6
18                                                       1
19                                                       8
20                                                       1
21                                                       6
22                                                       8
23                                                       8
   &ATOMICCHARGES [&Type "ArrayOfDoubles", &Dim (24,1)] 
                                                         0

0                                      2.2936321925402225e-01
1                                     -4.4882821141873919e-02
2                                     -2.6006219002475017e-02
3                                     -2.5062818953442978e-02
4                                      9.6630175975961130e-02
5                                     -4.0900034502592675e-01
6                                     -4.0960229351489374e-01
7                                     -2.7584616121798966e-01
8                                     -6.0880116191497358e-02
9                                     -9.7273666908509027e-02
10                                     5.6504726847082409e-02
11                                    -5.1847516620474599e-02
12                                    -2.0239824869902723e-01
13                                     5.2825640714553757e-02
14                                    -5.2484080042104697e-02
15                                    -6.8849727291731000e-02
16                                    -8.3884680542482659e-02
17                                     3.0771716649411029e-01
18                                     1.1638639110485571e-02
19                                    -3.6292183783125154e-01
20                                     1.4481568887293106e-01
21                                     9.5828288350741531e-02
22                                    -4.1213643145189849e-01
23                                    -4.1224658118424529e-01
$End
$Loewdin_Population_Analysis
   &GeometryIndex 1
   &ListStatus       OUT
   &NATOMS [&Type "Integer"] 24
   &ATNO [&Type "ArrayOfIntegers", &Dim (24,1)] 
                                                         0

0                                                        6
1                                                        1
2                                                        1
3                                                        6
4                                                        6
5                                                        8
6                                                        8
7                                                        8
8                                                        6
9                                                        1
10                                                       6
11                                                       1
12                                                       6
13                                                       6
14                                                       1
15                                                       6
16                                                       1
17                                                       6
18                                                       1
19                                                       8
20                                                       1
21                                                       6
22                                                       8
23                                                       8
   &ATOMICCHARGES [&Type "ArrayOfDoubles", &Dim (24,1)] 
                                                         0

0                                     -2.6886542546752601e-02
1                                      1.3356080301745066e-02
2                                      1.5810108372196874e-02
3                                      3.8334152598641147e-02
4                                     -7.4051722817423560e-02
5                                     -3.6115058836545444e-01
6                                     -3.6682021339951199e-01
7                                     -1.9591194245562882e-01
8                                     -7.4112120982197993e-02
9                                     -1.0472388012838119e-02
10                                     8.6719539421942216e-04
11                                     8.3620756965351317e-03
12                                    -7.7354002133888322e-02
13                                    -2.4884642403151247e-03
14                                     9.6580345824237579e-03
15                                    -6.3715876917128433e-02
16                                    -3.9793111974792961e-03
17                                     4.6831642360261050e-02
18                                     1.4424828503192710e-02
19                                    -1.8125493641072765e-01
20                                     7.6713453237979623e-02
21                                    -2.3201265019284101e-02
22                                    -3.7785441736922643e-01
23                                    -3.8510377917927308e-01
$End
$Mayer_Population_Analysis
   &GeometryIndex 1
   &ListStatus       OUT
   &NATOMS [&Type "Integer"] 24 "Total number of atoms"
   &BONDTHRESH [&Type "Double"]       1.0000000000000001e-01  "The threshold for printing"
   &NBONDORDERSPRINT [&Type "Integer"] 27 "The number of bond orders larger than threshold"
   &BONDORDERS [&Type "ArrayOfDoubles", &Dim (27,1)] "The bond orders"
                                                         0

0                                      8.8938271101966249e-01
1                                      9.1209184108867447e-01
2                                      9.7489316334588960e-01
3                                      1.0041647686889961e+00
4                                      8.2212193315290272e-01
5                                      2.0415982303290972e+00
6                                      1.8360858746711317e+00
7                                      1.7977495303215383e+00
8                                      1.2987486298388373e-01
9                                      1.0958959769425874e-01
10                                     9.5314053330336423e-01
11                                     1.8589044653470279e+00
12                                     9.7150621563460360e-01
13                                     9.5828580774192229e-01
14                                     9.8223361999894276e-01
15                                     9.5705892660790903e-01
16                                     7.8218624809440851e-01
17                                     9.6205420792584073e-01
18                                     1.8839149151084782e+00
19                                     9.5474487781724482e-01
20                                     9.7351562080088416e-01
21                                     8.4818543451871220e-01
22                                     9.7752898163013613e-01
23                                     9.7333909729194479e-01
24                                     1.8359054914757507e+00
25                                     1.8863270810848691e+00
26                                     1.1379177836910914e-01
   &COMPONENTS [&Type "ArrayOfIntegers", &Dim (27,4)] "The indices and atomic numbers of the bonding atoms"
                                                         0                           1                           2                           3

0                                                        0                           6                           1                           1
1                                                        0                           6                           2                           1
2                                                        0                           6                           3                           6
3                                                        0                           6                          12                           6
4                                                        3                           6                           4                           6
5                                                        3                           6                           7                           8
6                                                        4                           6                           5                           8
7                                                        4                           6                           6                           8
8                                                        5                           8                           6                           8
9                                                        6                           8                          18                           1
10                                                       8                           6                           9                           1
11                                                       8                           6                          10                           6
12                                                       8                           6                          17                           6
13                                                      10                           6                          11                           1
14                                                      10                           6                          12                           6
15                                                      12                           6                          13                           6
16                                                      12                           6                          21                           6
17                                                      13                           6                          14                           1
18                                                      13                           6                          15                           6
19                                                      15                           6                          16                           1
20                                                      15                           6                          17                           6
21                                                      17                           6                          18                           1
22                                                      17                           6                          19                           8
23                                                      19                           8                          20                           1
24                                                      21                           6                          22                           8
25                                                      21                           6                          23                           8
26                                                      22                           8                          23                           8
   &ATNO [&Type "ArrayOfIntegers", &Dim (24,1)] "Atomic number of the elements"
                                                         0

0                                                        6
1                                                        1
2                                                        1
3                                                        6
4                                                        6
5                                                        8
6                                                        8
7                                                        8
8                                                        6
9                                                        1
10                                                       6
11                                                       1
12                                                       6
13                                                       6
14                                                       1
15                                                       6
16                                                       1
17                                                       6
18                                                       1
19                                                       8
20                                                       1
21                                                       6
22                                                       8
23                                                       8
   &NA [&Type "ArrayOfDoubles", &Dim (24,1)] "Mulliken gross atomic population"
                                                         0

0                                      5.7706367807459813e+00
1                                      1.0448828211418744e+00
2                                      1.0260062190024750e+00
3                                      6.0250628189534439e+00
4                                      5.9033698240240371e+00
5                                      8.4090003450259303e+00
6                                      8.4096022935148937e+00
7                                      8.2758461612179897e+00
8                                      6.0608801161914929e+00
9                                      1.0972736669085095e+00
10                                     5.9434952731529203e+00
11                                     1.0518475166204744e+00
12                                     6.2023982486990308e+00
13                                     5.9471743592854480e+00
14                                     1.0524840800421045e+00
15                                     6.0688497272917319e+00
16                                     1.0838846805424831e+00
17                                     5.6922828335058879e+00
18                                     9.8836136088951454e-01
19                                     8.3629218378312480e+00
20                                     8.5518431112706905e-01
21                                     5.9041717116492576e+00
22                                     8.4121364314518985e+00
23                                     8.4122465811842453e+00
   &ZA [&Type "ArrayOfDoubles", &Dim (24,1)] "Total nuclear charge"
                                                         0

0                                      6.0000000000000000e+00
1                                      1.0000000000000000e+00
2                                      1.0000000000000000e+00
3                                      6.0000000000000000e+00
4                                      6.0000000000000000e+00
5                                      8.0000000000000000e+00
6                                      8.0000000000000000e+00
7                                      8.0000000000000000e+00
8                                      6.0000000000000000e+00
9                                      1.0000000000000000e+00
10                                     6.0000000000000000e+00
11                                     1.0000000000000000e+00
12                                     6.0000000000000000e+00
13                                     6.0000000000000000e+00
14                                     1.0000000000000000e+00
15                                     6.0000000000000000e+00
16                                     1.0000000000000000e+00
17                                     6.0000000000000000e+00
18                                     1.0000000000000000e+00
19                                     8.0000000000000000e+00
20                                     1.0000000000000000e+00
21                                     6.0000000000000000e+00
22                                     8.0000000000000000e+00
23                                     8.0000000000000000e+00
   &QA [&Type "ArrayOfDoubles", &Dim (24,1)] "Mulliken gross atomic charge"
                                                         0

0                                      2.2936321925401870e-01
1                                     -4.4882821141874363e-02
2                                     -2.6006219002475017e-02
3                                     -2.5062818953443866e-02
4                                      9.6630175975962906e-02
5                                     -4.0900034502593030e-01
6                                     -4.0960229351489374e-01
7                                     -2.7584616121798966e-01
8                                     -6.0880116191492917e-02
9                                     -9.7273666908509471e-02
10                                     5.6504726847079745e-02
11                                    -5.1847516620474376e-02
12                                    -2.0239824869903078e-01
13                                     5.2825640714551980e-02
14                                    -5.2484080042104475e-02
15                                    -6.8849727291731888e-02
16                                    -8.3884680542483103e-02
17                                     3.0771716649411207e-01
18                                     1.1638639110485460e-02
19                                    -3.6292183783124798e-01
20                                     1.4481568887293095e-01
21                                     9.5828288350742419e-02
22                                    -4.1213643145189849e-01
23                                    -4.1224658118424529e-01
   &VA [&Type "ArrayOfDoubles", &Dim (24,1)] "Mayer's total valence"
                                                         0

0                                      3.7724052183784771e+00
1                                      1.0320850470554643e+00
2                                      1.0313648476690080e+00
3                                      3.9673887490110511e+00
4                                      4.4695376376804079e+00
5                                      2.0728922560348702e+00
6                                      2.0751991280181872e+00
7                                      2.1784632591165276e+00
8                                      3.8931185803877293e+00
9                                      9.8334180029727269e-01
10                                     3.8917960537703435e+00
11                                     1.0464826682414263e+00
12                                     3.7094386526739180e+00
13                                     3.8798591426208651e+00
14                                     1.0303038215077769e+00
15                                     3.9290798019913575e+00
16                                     9.8518438940337449e-01
17                                     3.7595048360200267e+00
18                                     1.0709709571502590e+00
19                                     1.9937580268813306e+00
20                                     1.0183770294966683e+00
21                                     4.5331925222717970e+00
22                                     2.0688395499491108e+00
23                                     2.0812448644403698e+00
   &BVA [&Type "ArrayOfDoubles", &Dim (24,1)] "Mayer's bonded valence"
                                                         0

0                                      3.7724052183784922e+00
1                                      1.0320850470554603e+00
2                                      1.0313648476690120e+00
3                                      3.9673887490110298e+00
4                                      4.4695376376803964e+00
5                                      2.0728922560348586e+00
6                                      2.0751991280182249e+00
7                                      2.1784632591164801e+00
8                                      3.8931185803877479e+00
9                                      9.8334180029728457e-01
10                                     3.8917960537703253e+00
11                                     1.0464826682414141e+00
12                                     3.7094386526738985e+00
13                                     3.8798591426208269e+00
14                                     1.0303038215077691e+00
15                                     3.9290798019913202e+00
16                                     9.8518438940335151e-01
17                                     3.7595048360200436e+00
18                                     1.0709709571502604e+00
19                                     1.9937580268813520e+00
20                                     1.0183770294966663e+00
21                                     4.5331925222718050e+00
22                                     2.0688395499491037e+00
23                                     2.0812448644403769e+00
   &FA [&Type "ArrayOfDoubles", &Dim (24,1)] "Mayer's free valence"
                                                         0

0                                      0.0000000000000000e+00
1                                      0.0000000000000000e+00
2                                      0.0000000000000000e+00
3                                      0.0000000000000000e+00
4                                      0.0000000000000000e+00
5                                      0.0000000000000000e+00
6                                      0.0000000000000000e+00
7                                      0.0000000000000000e+00
8                                      0.0000000000000000e+00
9                                      0.0000000000000000e+00
10                                     0.0000000000000000e+00
11                                     0.0000000000000000e+00
12                                     0.0000000000000000e+00
13                                     0.0000000000000000e+00
14                                     0.0000000000000000e+00
15                                     0.0000000000000000e+00
16                                     0.0000000000000000e+00
17                                     0.0000000000000000e+00
18                                     0.0000000000000000e+00
19                                     0.0000000000000000e+00
20                                     0.0000000000000000e+00
21                                     0.0000000000000000e+00
22                                     0.0000000000000000e+00
23                                     0.0000000000000000e+00
$End
$VdW_Correction
   &GeometryIndex 1
   &ListStatus       OUT
   &VDW [&Type "Double"]      -5.3999822082819796e-02
$End
$Calculation_Info
   &GeometryIndex 1
   &ListStatus       OUT
   &MULT [&Type "Integer"] 1
   &CHARGE [&Type "Integer"] -2
   &NUMOFATOMS [&Type "Integer"] 24
   &NUMOFELECTRONS [&Type "Integer"] 118
   &NUMOFFCELECTRONS [&Type "Integer"] 1
   &NUMOFCORRELECTRONS [&Type "Integer"] 0
   &NUMOFBASISFUNCTS [&Type "Integer"] 264
   &NUMOFAUXCBASISFUNCTS [&Type "Integer"] 0
   &NUMOFAUXJBASISFUNCTS [&Type "Integer"] 872
   &NUMOFAUXJKBASISFUNCTS [&Type "Integer"] 0
   &NUMOFCABSBASISFUNCTS [&Type "Integer"] 0
   &TOTALENERGY [&Type "Double"]      -8.3617584250045741e+02  "Hartrees"
$End
$SCF_Dipole_Moment
   &GeometryIndex 1
   &ListStatus       OUT
   &METHOD [&Type "String"] "SCF"
   &LEVEL [&Type "String"] "Relaxed density"
   &MULT [&Type "Integer"] 1
   &STATE [&Type "Integer"] -1
   &IRREP [&Type "Integer"] 0
   &NATOMS [&Type "Integer"] 24
   &DODIPOLEATOM [&Type "Boolean"] false
   &DIPOLEELECCONTRIB [&Type "ArrayOfDoubles", &Dim (3,1)] "Electronic contribution"
                                                         0

0                                      2.1292010527664553e+00
1                                      1.5398679818773879e+00
2                                      2.2520130991390914e+00
   &DIPOLENUCCONTRIB [&Type "ArrayOfDoubles", &Dim (3,1)] "Nuclear contribution"
                                                         0

0                                     -3.9196147341486238e+00
1                                     -3.5119211743351215e+00
2                                     -2.6268309724729164e+00
   &DIPOLETOTAL [&Type "ArrayOfDoubles", &Dim (3,1)] "Total"
                                                         0

0                                     -1.7904136813821685e+00
1                                     -1.9720531924577336e+00
2                                     -3.7481787333382499e-01
   &DIPOLEMAGNITUDE [&Type "Double", &Units "a.u."]       2.6898073132723987e+00
$End
