*************************************************
******************* ORCA 6.0.1 ******************
*************************************************
$Calculation_Status
   &GeometryIndex 1
   &ListStatus       OUT
   &VERSION [&Type "String"] "6.0.1"
   &PROGNAME [&Type "String"] "LeanSCF"
   &STATUS [&Type "String"] "NORMAL TERMINATION"
$End
$Geometry
   &GeometryIndex 1
   &ListStatus       OUT
   &NATOMS [&Type "Integer"] 24
   &NCORELESSECP [&Type "Integer"] 0
   &NGHOSTATOMS [&Type "Integer"] 0
   &CartesianCoordinates [&Type "Coordinates", &Dim(24,4), &Units "Bohr"] 
              C     76.654850896382   39.727712513426   89.933956439446
              H     78.191198243260   38.962373429188   88.794451580692
              H     76.790911178024   41.645784539357   90.665280453274
              C     74.561034339997   38.410573398083   90.457410578542
              C     72.435092439336   39.519842638695   92.063677792376
              O     72.726110263959   41.721373584713   92.861142220890
              O     70.541586853146   38.129004204129   92.471858637303
              O     74.226552814293   35.957708876254   89.625931079617
              C     73.289248651868   35.541969126791   87.044565180681
              H     73.115393847547   33.476498462415   86.914174077440
              C     75.252674105012   36.517067811894   85.262553436393
              H     77.036575575434   35.492836247309   85.098147262742
              C     75.033465873477   38.816864516876   84.187299266192
              C     72.686426015147   40.254946104791   84.506662982824
              H     72.652410944736   42.176797582988   83.767780064461
              C     70.671977956387   39.306303585562   85.729315791472
              H     68.992011423331   40.476044062459   86.005215807024
              C     70.607727267834   36.624782201528   86.687406941370
              H     69.696879271284   36.577539048180   88.556346087818
              O     69.256573082080   35.114891020525   84.924292458421
              H     68.030140821165   33.992393696975   85.854037716310
              C     77.355939292066   40.043296777791   83.008110158625
              O     79.357159267889   38.765841911261   82.994882075687
              O     77.195312570683   42.305298960095   82.276786144797
$End
$SCF_Energy
   &GeometryIndex 1
   &ListStatus       OUT
   &SCF_ENERGY [&Type "Double"]      -8.3609486117892379e+02
$End
$DFT_Energy
   &GeometryIndex 1
   &ListStatus       OUT
   &NALPHAEL [&Type "Integer"] 59
   &NBETAEL [&Type "Integer"] 59
   &NTOTALEL [&Type "Integer"] 118
   &EEXCHANGE [&Type "Double"]      -8.3127986174396881e+01
   &ECORR [&Type "Double"]      -4.8467273256141956e+00
   &ECNL [&Type "Double"]       0.0000000000000000e+00
   &EXC [&Type "Double"]      -8.7974713500011077e+01
   &EEMBED [&Type "Double"]       0.0000000000000000e+00
   &FINALEN [&Type "Double"]      -8.3609486117892379e+02  "No Van der Waals correction"
$End
$Mulliken_Population_Analysis
   &GeometryIndex 1
   &ListStatus       OUT
   &NATOMS [&Type "Integer"] 24
   &ATNO [&Type "ArrayOfIntegers", &Dim (24,1)] 
                                                         0

0                                                        6
1                                                        1
2                                                        1
3                                                        6
4                                                        6
5                                                        8
6                                                        8
7                                                        8
8                                                        6
9                                                        1
10                                                       6
11                                                       1
12                                                       6
13                                                       6
14                                                       1
15                                                       6
16                                                       1
17                                                       6
18                                                       1
19                                                       8
20                                                       1
21                                                       6
22                                                       8
23                                                       8
   &ATOMICCHARGES [&Type "ArrayOfDoubles", &Dim (24,1)] 
                                                         0

0                                      4.7163210449943094e-03
1                                     -1.4045555798442466e-02
2                                     -3.0199104771551966e-02
3                                      3.9803977671759583e-04
4                                      8.7341264803042051e-02
5                                     -3.9870222342119810e-01
6                                     -4.2096723748795206e-01
7                                     -3.7273197833042992e-01
8                                      2.7801514852507925e-01
9                                     -9.0913431239346698e-02
10                                    -7.9932371088784926e-02
11                                    -5.5228519731967740e-02
12                                    -3.7583977516301381e-02
13                                     3.8832056024490136e-02
14                                    -6.3988344967625510e-02
15                                    -2.2222549815172243e-02
16                                    -7.0060808362666149e-02
17                                     2.0099518667171523e-01
18                                    -9.3886703956600481e-03
19                                    -3.4278796837582171e-01
20                                     1.4441945143421298e-01
21                                     7.6763532245579746e-02
22                                    -4.1420417468278892e-01
23                                    -4.0852408454009925e-01
$End
$Loewdin_Population_Analysis
   &GeometryIndex 1
   &ListStatus       OUT
   &NATOMS [&Type "Integer"] 24
   &ATNO [&Type "ArrayOfIntegers", &Dim (24,1)] 
                                                         0

0                                                        6
1                                                        1
2                                                        1
3                                                        6
4                                                        6
5                                                        8
6                                                        8
7                                                        8
8                                                        6
9                                                        1
10                                                       6
11                                                       1
12                                                       6
13                                                       6
14                                                       1
15                                                       6
16                                                       1
17                                                       6
18                                                       1
19                                                       8
20                                                       1
21                                                       6
22                                                       8
23                                                       8
   &ATOMICCHARGES [&Type "ArrayOfDoubles", &Dim (24,1)] 
                                                         0

0                                     -9.4272177270220858e-02
1                                      9.0695727276971505e-03
2                                      1.0190370005421223e-02
3                                     -1.1626580742253978e-02
4                                     -5.7717759602556207e-02
5                                     -3.7176793942364306e-01
6                                     -3.8688225808693133e-01
7                                     -1.5668865780608954e-01
8                                      7.7959698694418655e-02
9                                     -5.8507572585655421e-03
10                                    -3.8995428525449682e-02
11                                     4.0982458458154181e-03
12                                    -6.6506580204582555e-02
13                                    -9.3212778082003567e-03
14                                     9.7845822422546469e-03
15                                    -5.5677666726790420e-02
16                                    -5.7496444282545411e-04
17                                     4.2016335574259323e-02
18                                     9.4152135691552008e-03
19                                    -1.7377558784737346e-01
20                                     7.5715030370116176e-02
21                                    -4.1561224215820758e-02
22                                    -3.8546916751994331e-01
23                                    -3.8156102154785287e-01
$End
$Mayer_Population_Analysis
   &GeometryIndex 1
   &ListStatus       OUT
   &NATOMS [&Type "Integer"] 24 "Total number of atoms"
   &BONDTHRESH [&Type "Double"]       1.0000000000000001e-01  "The threshold for printing"
   &NBONDORDERSPRINT [&Type "Integer"] 27 "The number of bond orders larger than threshold"
   &BONDORDERS [&Type "ArrayOfDoubles", &Dim (27,1)] "The bond orders"
                                                         0

0                                      9.1330284333967249e-01
1                                      9.0231920107536112e-01
2                                      1.9641361669514339e+00
3                                      8.3331366768020820e-01
4                                      1.0288321723491265e+00
5                                      1.8952500331445683e+00
6                                      1.7697201912017579e+00
7                                      1.2300630802683593e-01
8                                      1.3335690940027473e-01
9                                      9.4986037602394091e-01
10                                     8.8600744911046481e-01
11                                     9.7379452804685851e-01
12                                     9.5929320621946390e-01
13                                     9.3018791906853915e-01
14                                     1.7819224652913408e+00
15                                     1.0842082763448027e+00
16                                     8.3307316823815569e-01
17                                     9.6403274221449253e-01
18                                     1.7759516113234981e+00
19                                     9.5738110285428368e-01
20                                     9.6860617622213607e-01
21                                     8.8231730029074118e-01
22                                     1.0222498285272883e+00
23                                     9.7621711940812883e-01
24                                     1.8584006660320187e+00
25                                     1.8761855897112167e+00
26                                     1.2072621338834139e-01
   &COMPONENTS [&Type "ArrayOfIntegers", &Dim (27,4)] "The indices and atomic numbers of the bonding atoms"
                                                         0                           1                           2                           3

0                                                        0                           6                           1                           1
1                                                        0                           6                           2                           1
2                                                        0                           6                           3                           6
3                                                        3                           6                           4                           6
4                                                        3                           6                           7                           8
5                                                        4                           6                           5                           8
6                                                        4                           6                           6                           8
7                                                        5                           8                           6                           8
8                                                        6                           8                          18                           1
9                                                        7                           8                           8                           6
10                                                       8                           6                           9                           1
11                                                       8                           6                          10                           6
12                                                       8                           6                          17                           6
13                                                      10                           6                          11                           1
14                                                      10                           6                          12                           6
15                                                      12                           6                          13                           6
16                                                      12                           6                          21                           6
17                                                      13                           6                          14                           1
18                                                      13                           6                          15                           6
19                                                      15                           6                          16                           1
20                                                      15                           6                          17                           6
21                                                      17                           6                          18                           1
22                                                      17                           6                          19                           8
23                                                      19                           8                          20                           1
24                                                      21                           6                          22                           8
25                                                      21                           6                          23                           8
26                                                      22                           8                          23                           8
   &ATNO [&Type "ArrayOfIntegers", &Dim (24,1)] "Atomic number of the elements"
                                                         0

0                                                        6
1                                                        1
2                                                        1
3                                                        6
4                                                        6
5                                                        8
6                                                        8
7                                                        8
8                                                        6
9                                                        1
10                                                       6
11                                                       1
12                                                       6
13                                                       6
14                                                       1
15                                                       6
16                                                       1
17                                                       6
18                                                       1
19                                                       8
20                                                       1
21                                                       6
22                                                       8
23                                                       8
   &NA [&Type "ArrayOfDoubles", &Dim (24,1)] "Mulliken gross atomic population"
                                                         0

0                                      5.9952836789550066e+00
1                                      1.0140455557984425e+00
2                                      1.0301991047715520e+00
3                                      5.9996019602232789e+00
4                                      5.9126587351969579e+00
5                                      8.3987022234211999e+00
6                                      8.4209672374879521e+00
7                                      8.3727319783304264e+00
8                                      5.7219848514749163e+00
9                                      1.0909134312393467e+00
10                                     6.0799323710887831e+00
11                                     1.0552285197319682e+00
12                                     6.0375839775163040e+00
13                                     5.9611679439755134e+00
14                                     1.0639883449676251e+00
15                                     6.0222225498151740e+00
16                                     1.0700608083626659e+00
17                                     5.7990048133282848e+00
18                                     1.0093886703956603e+00
19                                     8.3427879683758199e+00
20                                     8.5558054856578691e-01
21                                     5.9232364677544203e+00
22                                     8.4142041746827907e+00
23                                     8.4085240845400993e+00
   &ZA [&Type "ArrayOfDoubles", &Dim (24,1)] "Total nuclear charge"
                                                         0

0                                      6.0000000000000000e+00
1                                      1.0000000000000000e+00
2                                      1.0000000000000000e+00
3                                      6.0000000000000000e+00
4                                      6.0000000000000000e+00
5                                      8.0000000000000000e+00
6                                      8.0000000000000000e+00
7                                      8.0000000000000000e+00
8                                      6.0000000000000000e+00
9                                      1.0000000000000000e+00
10                                     6.0000000000000000e+00
11                                     1.0000000000000000e+00
12                                     6.0000000000000000e+00
13                                     6.0000000000000000e+00
14                                     1.0000000000000000e+00
15                                     6.0000000000000000e+00
16                                     1.0000000000000000e+00
17                                     6.0000000000000000e+00
18                                     1.0000000000000000e+00
19                                     8.0000000000000000e+00
20                                     1.0000000000000000e+00
21                                     6.0000000000000000e+00
22                                     8.0000000000000000e+00
23                                     8.0000000000000000e+00
   &QA [&Type "ArrayOfDoubles", &Dim (24,1)] "Mulliken gross atomic charge"
                                                         0

0                                      4.7163210449934212e-03
1                                     -1.4045555798442466e-02
2                                     -3.0199104771551966e-02
3                                      3.9803977672114854e-04
4                                      8.7341264803042051e-02
5                                     -3.9870222342119988e-01
6                                     -4.2096723748795206e-01
7                                     -3.7273197833042637e-01
8                                      2.7801514852508369e-01
9                                     -9.0913431239346698e-02
10                                    -7.9932371088783150e-02
11                                    -5.5228519731968184e-02
12                                    -3.7583977516304046e-02
13                                     3.8832056024486583e-02
14                                    -6.3988344967625066e-02
15                                    -2.2222549815174020e-02
16                                    -7.0060808362665927e-02
17                                     2.0099518667171523e-01
18                                    -9.3886703956602702e-03
19                                    -3.4278796837581993e-01
20                                     1.4441945143421309e-01
21                                     7.6763532245579746e-02
22                                    -4.1420417468279069e-01
23                                    -4.0852408454009925e-01
   &VA [&Type "ArrayOfDoubles", &Dim (24,1)] "Mayer's total valence"
                                                         0

0                                      3.8793522887195167e+00
1                                      1.0027677509120860e+00
2                                      1.0237756575349235e+00
3                                      3.9299230143455923e+00
4                                      4.4996578654243127e+00
5                                      2.1058653221848580e+00
6                                      2.0581284052110882e+00
7                                      2.0844606421304852e+00
8                                      3.8215067749705174e+00
9                                      9.9710007523249644e-01
10                                     3.8809270855065647e+00
11                                     1.0412643280513803e+00
12                                     3.7103224098764755e+00
13                                     3.9055224382123459e+00
14                                     1.0283283783066008e+00
15                                     3.8232387021789944e+00
16                                     9.7818406439135619e-01
17                                     3.8648055109820487e+00
18                                     1.0925252314040670e+00
19                                     2.0202492006809400e+00
20                                     1.0191920342084737e+00
21                                     4.5534741026435412e+00
22                                     2.0791103353908937e+00
23                                     2.0890385668131590e+00
   &BVA [&Type "ArrayOfDoubles", &Dim (24,1)] "Mayer's bonded valence"
                                                         0

0                                      3.8793522887194887e+00
1                                      1.0027677509120840e+00
2                                      1.0237756575349206e+00
3                                      3.9299230143455888e+00
4                                      4.4996578654243269e+00
5                                      2.1058653221848420e+00
6                                      2.0581284052111020e+00
7                                      2.0844606421304857e+00
8                                      3.8215067749704645e+00
9                                      9.9710007523249444e-01
10                                     3.8809270855065665e+00
11                                     1.0412643280513842e+00
12                                     3.7103224098765177e+00
13                                     3.9055224382123654e+00
14                                     1.0283283783066037e+00
15                                     3.8232387021789811e+00
16                                     9.7818406439135475e-01
17                                     3.8648055109820141e+00
18                                     1.0925252314040659e+00
19                                     2.0202492006809365e+00
20                                     1.0191920342084706e+00
21                                     4.5534741026435448e+00
22                                     2.0791103353909381e+00
23                                     2.0890385668131657e+00
   &FA [&Type "ArrayOfDoubles", &Dim (24,1)] "Mayer's free valence"
                                                         0

0                                      0.0000000000000000e+00
1                                      0.0000000000000000e+00
2                                      0.0000000000000000e+00
3                                      0.0000000000000000e+00
4                                      0.0000000000000000e+00
5                                      0.0000000000000000e+00
6                                      0.0000000000000000e+00
7                                      0.0000000000000000e+00
8                                      0.0000000000000000e+00
9                                      0.0000000000000000e+00
10                                     0.0000000000000000e+00
11                                     0.0000000000000000e+00
12                                     0.0000000000000000e+00
13                                     0.0000000000000000e+00
14                                     0.0000000000000000e+00
15                                     0.0000000000000000e+00
16                                     0.0000000000000000e+00
17                                     0.0000000000000000e+00
18                                     0.0000000000000000e+00
19                                     0.0000000000000000e+00
20                                     0.0000000000000000e+00
21                                     0.0000000000000000e+00
22                                     0.0000000000000000e+00
23                                     0.0000000000000000e+00
$End
$VdW_Correction
   &GeometryIndex 1
   &ListStatus       OUT
   &VDW [&Type "Double"]      -5.2672938923441895e-02
$End
$Calculation_Info
   &GeometryIndex 1
   &ListStatus       OUT
   &MULT [&Type "Integer"] 1
   &CHARGE [&Type "Integer"] -2
   &NUMOFATOMS [&Type "Integer"] 24
   &NUMOFELECTRONS [&Type "Integer"] 118
   &NUMOFFCELECTRONS [&Type "Integer"] 1
   &NUMOFCORRELECTRONS [&Type "Integer"] 0
   &NUMOFBASISFUNCTS [&Type "Integer"] 264
   &NUMOFAUXCBASISFUNCTS [&Type "Integer"] 0
   &NUMOFAUXJBASISFUNCTS [&Type "Integer"] 872
   &NUMOFAUXJKBASISFUNCTS [&Type "Integer"] 0
   &NUMOFCABSBASISFUNCTS [&Type "Integer"] 0
   &TOTALENERGY [&Type "Double"]      -8.3614753411784727e+02  "Hartrees"
$End
$SCF_Dipole_Moment
   &GeometryIndex 1
   &ListStatus       OUT
   &METHOD [&Type "String"] "SCF"
   &LEVEL [&Type "String"] "Relaxed density"
   &MULT [&Type "Integer"] 1
   &STATE [&Type "Integer"] -1
   &IRREP [&Type "Integer"] 0
   &NATOMS [&Type "Integer"] 24
   &DODIPOLEATOM [&Type "Boolean"] false
   &DIPOLEELECCONTRIB [&Type "ArrayOfDoubles", &Dim (3,1)] "Electronic contribution"
                                                         0

0                                      1.0799945785597300e+00
1                                      1.6749295142463727e-01
2                                      2.4746908487117047e-01
   &DIPOLENUCCONTRIB [&Type "ArrayOfDoubles", &Dim (3,1)] "Nuclear contribution"
                                                         0

0                                     -3.0783693684885094e+00
1                                     -2.7138990874423783e+00
2                                     -8.0405968804379313e-01
   &DIPOLETOTAL [&Type "ArrayOfDoubles", &Dim (3,1)] "Total"
                                                         0

0                                     -1.9983747899287794e+00
1                                     -2.5464061360177412e+00
2                                     -5.5659060317262266e-01
   &DIPOLEMAGNITUDE [&Type "Double", &Units "a.u."]       3.2844297998452885e+00
$End
