*************************************************
******************* ORCA 6.0.1 ******************
*************************************************
$Calculation_Status
   &GeometryIndex 1
   &ListStatus       OUT
   &VERSION [&Type "String"] "6.0.1"
   &PROGNAME [&Type "String"] "LeanSCF"
   &STATUS [&Type "String"] "NORMAL TERMINATION"
$End
$Geometry
   &GeometryIndex 1
   &ListStatus       OUT
   &NATOMS [&Type "Integer"] 24
   &NCORELESSECP [&Type "Integer"] 0
   &NGHOSTATOMS [&Type "Integer"] 0
   &CartesianCoordinates [&Type "Coordinates", &Dim(24,4), &Units "Bohr"] 
              C     73.762003539468   36.086881842168   83.253164630929
              H     75.205792122873   34.884201502236   82.421792288239
              H     73.888762109427   38.129491036314   83.023611186923
              C     72.156395045941   35.075785048058   85.084049617411
              C     70.376688731447   36.728330270367   86.698758687888
              O     70.500740231660   39.087174962261   86.468083810138
              O     68.943591170255   35.584507525060   88.204996680891
              O     71.945894737210   32.696890080067   85.341865935482
              C     69.475643586466   31.308260969302   82.419956642557
              H     69.412050486604   29.400558452145   83.198969747239
              C     71.295095444659   31.914134264978   80.644795900496
              H     72.840124155382   30.606884089611   80.277846265042
              C     71.437635967076   34.366339332507   79.680592574715
              C     69.274741028591   36.063630855128   80.046820234744
              H     69.358209930125   37.913592433537   79.136268446780
              C     67.323681891214   35.427579258715   81.536448841014
              H     65.821359084416   36.790915907957   81.906992914447
              C     67.107106330484   32.874134762152   82.776969607789
              H     66.794970857846   33.152727707778   84.816121155518
              O     65.054701058211   31.537584806825   81.661259519872
              H     63.896728224288   30.789230166068   82.961997872951
              C     73.247533464670   34.846259944478   77.488464595882
              O     75.492813378407   34.032123734755   77.577157823851
              O     72.313507536323   35.980275495766   75.636401815376
$End
$SCF_Energy
   &GeometryIndex 1
   &ListStatus       OUT
   &SCF_ENERGY [&Type "Double"]      -8.3605481475299712e+02
$End
$DFT_Energy
   &GeometryIndex 1
   &ListStatus       OUT
   &NALPHAEL [&Type "Integer"] 59
   &NBETAEL [&Type "Integer"] 59
   &NTOTALEL [&Type "Integer"] 118
   &EEXCHANGE [&Type "Double"]      -8.3086996285985848e+01
   &ECORR [&Type "Double"]      -4.8425028057671016e+00
   &ECNL [&Type "Double"]       0.0000000000000000e+00
   &EXC [&Type "Double"]      -8.7929499091752945e+01
   &EEMBED [&Type "Double"]       0.0000000000000000e+00
   &FINALEN [&Type "Double"]      -8.3605481475299712e+02  "No Van der Waals correction"
$End
$Mulliken_Population_Analysis
   &GeometryIndex 1
   &ListStatus       OUT
   &NATOMS [&Type "Integer"] 24
   &ATNO [&Type "ArrayOfIntegers", &Dim (24,1)] 
                                                         0

0                                                        6
1                                                        1
2                                                        1
3                                                        6
4                                                        6
5                                                        8
6                                                        8
7                                                        8
8                                                        6
9                                                        1
10                                                       6
11                                                       1
12                                                       6
13                                                       6
14                                                       1
15                                                       6
16                                                       1
17                                                       6
18                                                       1
19                                                       8
20                                                       1
21                                                       6
22                                                       8
23                                                       8
   &ATOMICCHARGES [&Type "ArrayOfDoubles", &Dim (24,1)] 
                                                         0

0                                      8.3869924672970164e-02
1                                     -2.1163826960457266e-02
2                                     -2.9199843247551316e-02
3                                     -4.9912808469560588e-02
4                                      6.4397812271520749e-02
5                                     -4.0744041052134428e-01
6                                     -4.1857841461905032e-01
7                                     -3.1363176349865185e-01
8                                      6.5271831036853634e-02
9                                     -7.3646151354459288e-02
10                                     2.7937428176434409e-02
11                                    -6.5067943333703804e-02
12                                    -1.0732153388776133e-01
13                                     8.7643838702636145e-02
14                                    -5.8338967934484343e-02
15                                    -4.5655801323288614e-02
16                                    -6.9114069854556703e-02
17                                     2.7366480399336446e-01
18                                    -1.1689136065862193e-03
19                                    -3.4789480826368369e-01
20                                     1.3485804051503958e-01
21                                     9.0462806506641513e-02
22                                    -4.2129260193207507e-01
23                                    -3.9867862706838508e-01
$End
$Loewdin_Population_Analysis
   &GeometryIndex 1
   &ListStatus       OUT
   &NATOMS [&Type "Integer"] 24
   &ATNO [&Type "ArrayOfIntegers", &Dim (24,1)] 
                                                         0

0                                                        6
1                                                        1
2                                                        1
3                                                        6
4                                                        6
5                                                        8
6                                                        8
7                                                        8
8                                                        6
9                                                        1
10                                                       6
11                                                       1
12                                                       6
13                                                       6
14                                                       1
15                                                       6
16                                                       1
17                                                       6
18                                                       1
19                                                       8
20                                                       1
21                                                       6
22                                                       8
23                                                       8
   &ATOMICCHARGES [&Type "ArrayOfDoubles", &Dim (24,1)] 
                                                         0

0                                     -5.8050602209423374e-02
1                                      8.3568963770471738e-03
2                                      5.3344418405130156e-03
3                                     -3.6494773197945030e-02
4                                     -7.3627697842649553e-02
5                                     -3.7951449083065825e-01
6                                     -3.8409129113103013e-01
7                                     -1.9743033419075395e-01
8                                      4.5359726867286732e-02
9                                     -1.2360449581427790e-03
10                                    -5.3469607157994758e-02
11                                     7.0579591655256513e-03
12                                    -1.0748523690440770e-02
13                                     4.6658130687760035e-04
14                                     1.4436180856112757e-02
15                                    -6.0723762492457922e-02
16                                     1.7294061615659162e-03
17                                     4.9899267009836379e-02
18                                     1.5131061369652921e-02
19                                    -1.7502226497193796e-01
20                                     6.7909876076320708e-02
21                                    -3.8495419328721248e-02
22                                    -3.8691612013610310e-01
23                                    -3.5986046489264112e-01
$End
$Mayer_Population_Analysis
   &GeometryIndex 1
   &ListStatus       OUT
   &NATOMS [&Type "Integer"] 24 "Total number of atoms"
   &BONDTHRESH [&Type "Double"]       1.0000000000000001e-01  "The threshold for printing"
   &NBONDORDERSPRINT [&Type "Integer"] 28 "The number of bond orders larger than threshold"
   &BONDORDERS [&Type "ArrayOfDoubles", &Dim (28,1)] "The bond orders"
                                                         0

0                                      8.9197550184470653e-01
1                                      9.2255092804266725e-01
2                                      1.4311301546437383e+00
3                                      1.2376372006932483e-01
4                                      3.5388370156307258e-01
5                                      8.1037865582111834e-01
6                                      1.6319917911809099e+00
7                                      1.8748499077334912e+00
8                                      1.8037046146474323e+00
9                                      1.2264017048705853e-01
10                                     2.8906869059386930e-01
11                                     9.4115800551801987e-01
12                                     1.4741277951194141e+00
13                                     9.9122503502235959e-01
14                                     9.5569537603415333e-01
15                                     1.3684744321396285e+00
16                                     1.0451074726781884e+00
17                                     8.3378110163331987e-01
18                                     9.7536549917773929e-01
19                                     1.7823363304318272e+00
20                                     9.5517261737687542e-01
21                                     9.7995629146707308e-01
22                                     8.6811493177553523e-01
23                                     9.8567134759137631e-01
24                                     9.7197704293243081e-01
25                                     1.8213105790729396e+00
26                                     1.8608788964422533e+00
27                                     1.1550895395623335e-01
   &COMPONENTS [&Type "ArrayOfIntegers", &Dim (28,4)] "The indices and atomic numbers of the bonding atoms"
                                                         0                           1                           2                           3

0                                                        0                           6                           1                           1
1                                                        0                           6                           2                           1
2                                                        0                           6                           3                           6
3                                                        0                           6                           8                           6
4                                                        0                           6                          12                           6
5                                                        3                           6                           4                           6
6                                                        3                           6                           7                           8
7                                                        4                           6                           5                           8
8                                                        4                           6                           6                           8
9                                                        5                           8                           6                           8
10                                                       7                           8                           8                           6
11                                                       8                           6                           9                           1
12                                                       8                           6                          10                           6
13                                                       8                           6                          17                           6
14                                                      10                           6                          11                           1
15                                                      10                           6                          12                           6
16                                                      12                           6                          13                           6
17                                                      12                           6                          21                           6
18                                                      13                           6                          14                           1
19                                                      13                           6                          15                           6
20                                                      15                           6                          16                           1
21                                                      15                           6                          17                           6
22                                                      17                           6                          18                           1
23                                                      17                           6                          19                           8
24                                                      19                           8                          20                           1
25                                                      21                           6                          22                           8
26                                                      21                           6                          23                           8
27                                                      22                           8                          23                           8
   &ATNO [&Type "ArrayOfIntegers", &Dim (24,1)] "Atomic number of the elements"
                                                         0

0                                                        6
1                                                        1
2                                                        1
3                                                        6
4                                                        6
5                                                        8
6                                                        8
7                                                        8
8                                                        6
9                                                        1
10                                                       6
11                                                       1
12                                                       6
13                                                       6
14                                                       1
15                                                       6
16                                                       1
17                                                       6
18                                                       1
19                                                       8
20                                                       1
21                                                       6
22                                                       8
23                                                       8
   &NA [&Type "ArrayOfDoubles", &Dim (24,1)] "Mulliken gross atomic population"
                                                         0

0                                      5.9161300753270316e+00
1                                      1.0211638269604582e+00
2                                      1.0291998432475558e+00
3                                      6.0499128084695588e+00
4                                      5.9356021877284881e+00
5                                      8.4074404105213407e+00
6                                      8.4185784146190468e+00
7                                      8.3136317634986874e+00
8                                      5.9347281689631384e+00
9                                      1.0736461513544624e+00
10                                     5.9720625718235754e+00
11                                     1.0650679433337031e+00
12                                     6.1073215338877596e+00
13                                     5.9123561612973647e+00
14                                     1.0583389679344863e+00
15                                     6.0456558013232646e+00
16                                     1.0691140698545565e+00
17                                     5.7263351960066373e+00
18                                     1.0011689136065849e+00
19                                     8.3478948082636819e+00
20                                     8.6514195948496142e-01
21                                     5.9095371934933691e+00
22                                     8.4212926019320573e+00
23                                     8.3986786270683957e+00
   &ZA [&Type "ArrayOfDoubles", &Dim (24,1)] "Total nuclear charge"
                                                         0

0                                      6.0000000000000000e+00
1                                      1.0000000000000000e+00
2                                      1.0000000000000000e+00
3                                      6.0000000000000000e+00
4                                      6.0000000000000000e+00
5                                      8.0000000000000000e+00
6                                      8.0000000000000000e+00
7                                      8.0000000000000000e+00
8                                      6.0000000000000000e+00
9                                      1.0000000000000000e+00
10                                     6.0000000000000000e+00
11                                     1.0000000000000000e+00
12                                     6.0000000000000000e+00
13                                     6.0000000000000000e+00
14                                     1.0000000000000000e+00
15                                     6.0000000000000000e+00
16                                     1.0000000000000000e+00
17                                     6.0000000000000000e+00
18                                     1.0000000000000000e+00
19                                     8.0000000000000000e+00
20                                     1.0000000000000000e+00
21                                     6.0000000000000000e+00
22                                     8.0000000000000000e+00
23                                     8.0000000000000000e+00
   &QA [&Type "ArrayOfDoubles", &Dim (24,1)] "Mulliken gross atomic charge"
                                                         0

0                                      8.3869924672968388e-02
1                                     -2.1163826960458154e-02
2                                     -2.9199843247555757e-02
3                                     -4.9912808469558811e-02
4                                      6.4397812271511867e-02
5                                     -4.0744041052134072e-01
6                                     -4.1857841461904677e-01
7                                     -3.1363176349868738e-01
8                                      6.5271831036861627e-02
9                                     -7.3646151354462397e-02
10                                     2.7937428176424639e-02
11                                    -6.5067943333703138e-02
12                                    -1.0732153388775956e-01
13                                     8.7643838702635257e-02
14                                    -5.8338967934486341e-02
15                                    -4.5655801323264633e-02
16                                    -6.9114069854556481e-02
17                                     2.7366480399336268e-01
18                                    -1.1689136065848871e-03
19                                    -3.4789480826368191e-01
20                                     1.3485804051503858e-01
21                                     9.0462806506630855e-02
22                                    -4.2129260193205731e-01
23                                    -3.9867862706839574e-01
   &VA [&Type "ArrayOfDoubles", &Dim (24,1)] "Mayer's total valence"
                                                         0

0                                      3.7958661485932321e+00
1                                      1.0433647162500961e+00
2                                      1.0179150662464898e+00
3                                      4.0174321834906186e+00
4                                      4.4850574749166583e+00
5                                      2.0896842490314151e+00
6                                      2.0529324637099049e+00
7                                      2.1352268883776220e+00
8                                      3.9291493163334552e+00
9                                      9.8785151929087611e-01
10                                     3.9539928751437690e+00
11                                     1.0179065598233228e+00
12                                     3.7227040294456168e+00
13                                     3.9275670031333298e+00
14                                     1.0106750370989122e+00
15                                     3.8700881693830071e+00
16                                     9.8367361331422176e-01
17                                     3.8546399668897031e+00
18                                     1.0666918231879030e+00
19                                     1.9997916580061346e+00
20                                     1.0285287899865414e+00
21                                     4.5279567077329288e+00
22                                     2.0568299827681091e+00
23                                     2.0962339745094316e+00
   &BVA [&Type "ArrayOfDoubles", &Dim (24,1)] "Mayer's bonded valence"
                                                         0

0                                      3.7958661485932406e+00
1                                      1.0433647162500985e+00
2                                      1.0179150662464724e+00
3                                      4.0174321834906248e+00
4                                      4.4850574749166139e+00
5                                      2.0896842490314054e+00
6                                      2.0529324637099342e+00
7                                      2.1352268883775984e+00
8                                      3.9291493163334921e+00
9                                      9.8785151929086845e-01
10                                     3.9539928751437738e+00
11                                     1.0179065598233190e+00
12                                     3.7227040294456493e+00
13                                     3.9275670031333725e+00
14                                     1.0106750370989181e+00
15                                     3.8700881693830769e+00
16                                     9.8367361331422221e-01
17                                     3.8546399668897133e+00
18                                     1.0666918231879106e+00
19                                     1.9997916580061454e+00
20                                     1.0285287899865472e+00
21                                     4.5279567077329155e+00
22                                     2.0568299827681442e+00
23                                     2.0962339745094294e+00
   &FA [&Type "ArrayOfDoubles", &Dim (24,1)] "Mayer's free valence"
                                                         0

0                                      0.0000000000000000e+00
1                                      0.0000000000000000e+00
2                                      0.0000000000000000e+00
3                                      0.0000000000000000e+00
4                                      0.0000000000000000e+00
5                                      0.0000000000000000e+00
6                                      0.0000000000000000e+00
7                                      0.0000000000000000e+00
8                                      0.0000000000000000e+00
9                                      0.0000000000000000e+00
10                                     0.0000000000000000e+00
11                                     0.0000000000000000e+00
12                                     0.0000000000000000e+00
13                                     0.0000000000000000e+00
14                                     0.0000000000000000e+00
15                                     0.0000000000000000e+00
16                                     0.0000000000000000e+00
17                                     0.0000000000000000e+00
18                                     0.0000000000000000e+00
19                                     0.0000000000000000e+00
20                                     0.0000000000000000e+00
21                                     0.0000000000000000e+00
22                                     0.0000000000000000e+00
23                                     0.0000000000000000e+00
$End
$VdW_Correction
   &GeometryIndex 1
   &ListStatus       OUT
   &VDW [&Type "Double"]      -5.6452848191812469e-02
$End
$Calculation_Info
   &GeometryIndex 1
   &ListStatus       OUT
   &MULT [&Type "Integer"] 1
   &CHARGE [&Type "Integer"] -2
   &NUMOFATOMS [&Type "Integer"] 24
   &NUMOFELECTRONS [&Type "Integer"] 118
   &NUMOFFCELECTRONS [&Type "Integer"] 1
   &NUMOFCORRELECTRONS [&Type "Integer"] 0
   &NUMOFBASISFUNCTS [&Type "Integer"] 264
   &NUMOFAUXCBASISFUNCTS [&Type "Integer"] 0
   &NUMOFAUXJBASISFUNCTS [&Type "Integer"] 872
   &NUMOFAUXJKBASISFUNCTS [&Type "Integer"] 0
   &NUMOFCABSBASISFUNCTS [&Type "Integer"] 0
   &TOTALENERGY [&Type "Double"]      -8.3611126760118896e+02  "Hartrees"
$End
$SCF_Dipole_Moment
   &GeometryIndex 1
   &ListStatus       OUT
   &METHOD [&Type "String"] "SCF"
   &LEVEL [&Type "String"] "Relaxed density"
   &MULT [&Type "Integer"] 1
   &STATE [&Type "Integer"] -1
   &IRREP [&Type "Integer"] 0
   &NATOMS [&Type "Integer"] 24
   &DODIPOLEATOM [&Type "Boolean"] false
   &DIPOLEELECCONTRIB [&Type "ArrayOfDoubles", &Dim (3,1)] "Electronic contribution"
                                                         0

0                                      1.7308518116962979e+00
1                                      5.5606585498071814e-01
2                                      7.4926017096744124e-02
   &DIPOLENUCCONTRIB [&Type "ArrayOfDoubles", &Dim (3,1)] "Nuclear contribution"
                                                         0

0                                     -3.6918320719789364e+00
1                                     -2.5413725402674920e+00
2                                      1.0757932166035289e-01
   &DIPOLETOTAL [&Type "ArrayOfDoubles", &Dim (3,1)] "Total"
                                                         0

0                                     -1.9609802602826385e+00
1                                     -1.9853066852867740e+00
2                                      1.8250533875709701e-01
   &DIPOLEMAGNITUDE [&Type "Double", &Units "a.u."]       2.7964610518541759e+00
$End
