*************************************************
******************* ORCA 6.0.1 ******************
*************************************************
$Calculation_Status
   &GeometryIndex 1
   &ListStatus       OUT
   &VERSION [&Type "String"] "6.0.1"
   &PROGNAME [&Type "String"] "LeanSCF"
   &STATUS [&Type "String"] "NORMAL TERMINATION"
$End
$Geometry
   &GeometryIndex 1
   &ListStatus       OUT
   &NATOMS [&Type "Integer"] 24
   &NCORELESSECP [&Type "Integer"] 0
   &NGHOSTATOMS [&Type "Integer"] 0
   &CartesianCoordinates [&Type "Coordinates", &Dim(24,4), &Units "Bohr"] 
              C     77.036575575434   39.478268663749   89.756322182858
              H     78.650401693802   38.593876833074   88.830356377236
              H     77.132951608264   41.473819461170   90.257099608347
              C     74.914413127040   38.210262427888   90.279776321954
              C     72.705323276486   39.415907701329   91.666835304252
              O     72.523909567630   41.789403725535   91.610143520234
              O     71.225667713626   37.970267208880   92.810119615274
              O     74.642292563756   35.676139682299   89.705299577242
              C     73.767349363750   35.026073892230   87.139051487377
              H     73.610502094635   32.954934049453   87.184404914591
              C     75.762900161171   35.851884212754   85.317355494277
              H     77.544911905459   34.818204017499   85.253104805723
              C     75.551250834172   38.019400088362   84.000216378934
              C     73.219328784913   39.510394008026   84.181630087790
              H     73.215549332645   41.362325619268   83.276451269642
              C     71.182204012546   38.675135056832   85.453415775919
              H     69.479560765883   39.842985807596   85.581917153026
              C     71.085827979716   36.071092444289   86.609928169879
              H     70.108839568478   36.158019846449   88.448631698184
              O     69.763019685971   34.459156052054   84.920513006153
              H     68.583830578404   33.323430645567   85.878604156051
              C     77.832150277815   39.039852200679   82.558355338752
              O     79.746442851477   37.660352122917   82.384500534431
              O     77.650736568958   41.254611229635   81.698529947817
$End
$SCF_Energy
   &GeometryIndex 1
   &ListStatus       OUT
   &SCF_ENERGY [&Type "Double"]      -8.3609227945206862e+02
$End
$DFT_Energy
   &GeometryIndex 1
   &ListStatus       OUT
   &NALPHAEL [&Type "Integer"] 59
   &NBETAEL [&Type "Integer"] 59
   &NTOTALEL [&Type "Integer"] 118
   &EEXCHANGE [&Type "Double"]      -8.3126210542682500e+01
   &ECORR [&Type "Double"]      -4.8452478985975631e+00
   &ECNL [&Type "Double"]       0.0000000000000000e+00
   &EXC [&Type "Double"]      -8.7971458441280063e+01
   &EEMBED [&Type "Double"]       0.0000000000000000e+00
   &FINALEN [&Type "Double"]      -8.3609227945206862e+02  "No Van der Waals correction"
$End
$Mulliken_Population_Analysis
   &GeometryIndex 1
   &ListStatus       OUT
   &NATOMS [&Type "Integer"] 24
   &ATNO [&Type "ArrayOfIntegers", &Dim (24,1)] 
                                                         0

0                                                        6
1                                                        1
2                                                        1
3                                                        6
4                                                        6
5                                                        8
6                                                        8
7                                                        8
8                                                        6
9                                                        1
10                                                       6
11                                                       1
12                                                       6
13                                                       6
14                                                       1
15                                                       6
16                                                       1
17                                                       6
18                                                       1
19                                                       8
20                                                       1
21                                                       6
22                                                       8
23                                                       8
   &ATOMICCHARGES [&Type "ArrayOfDoubles", &Dim (24,1)] 
                                                         0

0                                      1.5144745435193840e-03
1                                     -2.3261378632006835e-02
2                                     -3.0973704014389813e-02
3                                      2.2532656203129164e-02
4                                      7.7618218169374309e-02
5                                     -4.1588339945070096e-01
6                                     -4.2112847635427642e-01
7                                     -3.7203826266333984e-01
8                                      2.8027930205542084e-01
9                                     -8.7681042253979768e-02
10                                    -8.7842351584091816e-02
11                                    -5.8082958774185789e-02
12                                    -3.1107397329130926e-02
13                                     4.5712871028896096e-02
14                                    -5.9319559366674657e-02
15                                    -1.4130490716844690e-02
16                                    -6.6354367072255060e-02
17                                     1.9142148072105414e-01
18                                    -9.8198364011470307e-03
19                                    -3.3612805284936975e-01
20                                     1.4316636012300665e-01
21                                     7.2442181664561289e-02
22                                    -4.0896124561744429e-01
23                                    -4.1197502142932052e-01
$End
$Loewdin_Population_Analysis
   &GeometryIndex 1
   &ListStatus       OUT
   &NATOMS [&Type "Integer"] 24
   &ATNO [&Type "ArrayOfIntegers", &Dim (24,1)] 
                                                         0

0                                                        6
1                                                        1
2                                                        1
3                                                        6
4                                                        6
5                                                        8
6                                                        8
7                                                        8
8                                                        6
9                                                        1
10                                                       6
11                                                       1
12                                                       6
13                                                       6
14                                                       1
15                                                       6
16                                                       1
17                                                       6
18                                                       1
19                                                       8
20                                                       1
21                                                       6
22                                                       8
23                                                       8
   &ATOMICCHARGES [&Type "ArrayOfDoubles", &Dim (24,1)] 
                                                         0

0                                     -1.0332403752158559e-01
1                                      5.9341792415058547e-03
2                                      1.0112421070565536e-02
3                                     -2.9264878236618941e-03
4                                     -6.6796846362995765e-02
5                                     -3.8478047598322895e-01
6                                     -3.8176791224197082e-01
7                                     -1.5734910147344827e-01
8                                      7.8920549904736070e-02
9                                     -4.6202954746916713e-03
10                                    -4.2939137983652564e-02
11                                     3.7032048045577692e-03
12                                    -6.2015461096467384e-02
13                                    -3.9947785607852282e-03
14                                     1.2153016182872012e-02
15                                    -5.4305989275649225e-02
16                                     1.1117419217961944e-03
17                                     4.5397468630063109e-02
18                                     1.1474106774570503e-02
19                                    -1.6941379373417043e-01
20                                     7.3613011756853419e-02
21                                    -4.4012254669780759e-02
22                                    -3.8232128155089562e-01
23                                    -3.8185184653477222e-01
$End
$Mayer_Population_Analysis
   &GeometryIndex 1
   &ListStatus       OUT
   &NATOMS [&Type "Integer"] 24 "Total number of atoms"
   &BONDTHRESH [&Type "Double"]       1.0000000000000001e-01  "The threshold for printing"
   &NBONDORDERSPRINT [&Type "Integer"] 26 "The number of bond orders larger than threshold"
   &BONDORDERS [&Type "ArrayOfDoubles", &Dim (26,1)] "The bond orders"
                                                         0

0                                      9.1546961016358974e-01
1                                      9.0798739882972213e-01
2                                      1.9678231932265935e+00
3                                      8.3758724883052393e-01
4                                      1.0378617551491742e+00
5                                      1.8727362687569431e+00
6                                      1.7964653042751642e+00
7                                      1.1896554021318489e-01
8                                      9.4830401789354246e-01
9                                      8.8769790438545548e-01
10                                     9.6477885007418773e-01
11                                     9.5655753364534313e-01
12                                     9.3491052027592048e-01
13                                     1.7827478519414972e+00
14                                     1.0890274852312296e+00
15                                     8.2956403473580953e-01
16                                     9.6407683371423070e-01
17                                     1.7730609995275259e+00
18                                     9.5604436185314268e-01
19                                     9.7345108011410453e-01
20                                     8.9969438849551320e-01
21                                     1.0283987615048982e+00
22                                     9.7466822936625686e-01
23                                     1.8807558421828872e+00
24                                     1.8655272925548663e+00
25                                     1.2323697061316402e-01
   &COMPONENTS [&Type "ArrayOfIntegers", &Dim (26,4)] "The indices and atomic numbers of the bonding atoms"
                                                         0                           1                           2                           3

0                                                        0                           6                           1                           1
1                                                        0                           6                           2                           1
2                                                        0                           6                           3                           6
3                                                        3                           6                           4                           6
4                                                        3                           6                           7                           8
5                                                        4                           6                           5                           8
6                                                        4                           6                           6                           8
7                                                        5                           8                           6                           8
8                                                        7                           8                           8                           6
9                                                        8                           6                           9                           1
10                                                       8                           6                          10                           6
11                                                       8                           6                          17                           6
12                                                      10                           6                          11                           1
13                                                      10                           6                          12                           6
14                                                      12                           6                          13                           6
15                                                      12                           6                          21                           6
16                                                      13                           6                          14                           1
17                                                      13                           6                          15                           6
18                                                      15                           6                          16                           1
19                                                      15                           6                          17                           6
20                                                      17                           6                          18                           1
21                                                      17                           6                          19                           8
22                                                      19                           8                          20                           1
23                                                      21                           6                          22                           8
24                                                      21                           6                          23                           8
25                                                      22                           8                          23                           8
   &ATNO [&Type "ArrayOfIntegers", &Dim (24,1)] "Atomic number of the elements"
                                                         0

0                                                        6
1                                                        1
2                                                        1
3                                                        6
4                                                        6
5                                                        8
6                                                        8
7                                                        8
8                                                        6
9                                                        1
10                                                       6
11                                                       1
12                                                       6
13                                                       6
14                                                       1
15                                                       6
16                                                       1
17                                                       6
18                                                       1
19                                                       8
20                                                       1
21                                                       6
22                                                       8
23                                                       8
   &NA [&Type "ArrayOfDoubles", &Dim (24,1)] "Mulliken gross atomic population"
                                                         0

0                                      5.9984855254564842e+00
1                                      1.0232613786320064e+00
2                                      1.0309737040143905e+00
3                                      5.9774673437968771e+00
4                                      5.9223817818306284e+00
5                                      8.4158833994507010e+00
6                                      8.4211284763542782e+00
7                                      8.3720382626633381e+00
8                                      5.7197206979445827e+00
9                                      1.0876810422539795e+00
10                                     6.0878423515840945e+00
11                                     1.0580829587741858e+00
12                                     6.0311073973291274e+00
13                                     5.9542871289711030e+00
14                                     1.0593195593666749e+00
15                                     6.0141304907168465e+00
16                                     1.0663543670722553e+00
17                                     5.8085785192789468e+00
18                                     1.0098198364011473e+00
19                                     8.3361280528493698e+00
20                                     8.5683363987699368e-01
21                                     5.9275578183354387e+00
22                                     8.4089612456174425e+00
23                                     8.4119750214293205e+00
   &ZA [&Type "ArrayOfDoubles", &Dim (24,1)] "Total nuclear charge"
                                                         0

0                                      6.0000000000000000e+00
1                                      1.0000000000000000e+00
2                                      1.0000000000000000e+00
3                                      6.0000000000000000e+00
4                                      6.0000000000000000e+00
5                                      8.0000000000000000e+00
6                                      8.0000000000000000e+00
7                                      8.0000000000000000e+00
8                                      6.0000000000000000e+00
9                                      1.0000000000000000e+00
10                                     6.0000000000000000e+00
11                                     1.0000000000000000e+00
12                                     6.0000000000000000e+00
13                                     6.0000000000000000e+00
14                                     1.0000000000000000e+00
15                                     6.0000000000000000e+00
16                                     1.0000000000000000e+00
17                                     6.0000000000000000e+00
18                                     1.0000000000000000e+00
19                                     8.0000000000000000e+00
20                                     1.0000000000000000e+00
21                                     6.0000000000000000e+00
22                                     8.0000000000000000e+00
23                                     8.0000000000000000e+00
   &QA [&Type "ArrayOfDoubles", &Dim (24,1)] "Mulliken gross atomic charge"
                                                         0

0                                      1.5144745435158313e-03
1                                     -2.3261378632006391e-02
2                                     -3.0973704014390480e-02
3                                      2.2532656203122947e-02
4                                      7.7618218169371644e-02
5                                     -4.1588339945070096e-01
6                                     -4.2112847635427819e-01
7                                     -3.7203826266333806e-01
8                                      2.8027930205541729e-01
9                                     -8.7681042253979546e-02
10                                    -8.7842351584094480e-02
11                                    -5.8082958774185789e-02
12                                    -3.1107397329127373e-02
13                                     4.5712871028896984e-02
14                                    -5.9319559366674879e-02
15                                    -1.4130490716846467e-02
16                                    -6.6354367072255283e-02
17                                     1.9142148072105325e-01
18                                    -9.8198364011472528e-03
19                                    -3.3612805284936975e-01
20                                     1.4316636012300632e-01
21                                     7.2442181664561289e-02
22                                    -4.0896124561744251e-01
23                                    -4.1197502142932052e-01
   &VA [&Type "ArrayOfDoubles", &Dim (24,1)] "Mayer's total valence"
                                                         0

0                                      3.8925194186605649e+00
1                                      9.9164721236566478e-01
2                                      1.0177129723228886e+00
3                                      3.9475849657307687e+00
4                                      4.5074987477618151e+00
5                                      2.0704952139427135e+00
6                                      2.0413316698354995e+00
7                                      2.0901383310138195e+00
8                                      3.8068490022187205e+00
9                                      9.9507019700177257e-01
10                                     3.8777282234083019e+00
11                                     1.0386029516754938e+00
12                                     3.7087406207961751e+00
13                                     3.9125841688904339e+00
14                                     1.0309374857196050e+00
15                                     3.8203371542738442e+00
16                                     9.8053720175536430e-01
17                                     3.9031162366969014e+00
18                                     1.0580811773079899e+00
19                                     2.0249466418516926e+00
20                                     1.0204344977607207e+00
21                                     4.5624439187911250e+00
22                                     2.0869195932798066e+00
23                                     2.0845064598646785e+00
   &BVA [&Type "ArrayOfDoubles", &Dim (24,1)] "Mayer's bonded valence"
                                                         0

0                                      3.8925194186605800e+00
1                                      9.9164721236566711e-01
2                                      1.0177129723228830e+00
3                                      3.9475849657307789e+00
4                                      4.5074987477618205e+00
5                                      2.0704952139427704e+00
6                                      2.0413316698354542e+00
7                                      2.0901383310138648e+00
8                                      3.8068490022187906e+00
9                                      9.9507019700178689e-01
10                                     3.8777282234083241e+00
11                                     1.0386029516755002e+00
12                                     3.7087406207961862e+00
13                                     3.9125841688904739e+00
14                                     1.0309374857196170e+00
15                                     3.8203371542738647e+00
16                                     9.8053720175537440e-01
17                                     3.9031162366968966e+00
18                                     1.0580811773079908e+00
19                                     2.0249466418517308e+00
20                                     1.0204344977607225e+00
21                                     4.5624439187911250e+00
22                                     2.0869195932798146e+00
23                                     2.0845064598647109e+00
   &FA [&Type "ArrayOfDoubles", &Dim (24,1)] "Mayer's free valence"
                                                         0

0                                      0.0000000000000000e+00
1                                      0.0000000000000000e+00
2                                      0.0000000000000000e+00
3                                      0.0000000000000000e+00
4                                      0.0000000000000000e+00
5                                      0.0000000000000000e+00
6                                      0.0000000000000000e+00
7                                      0.0000000000000000e+00
8                                      0.0000000000000000e+00
9                                      0.0000000000000000e+00
10                                     0.0000000000000000e+00
11                                     0.0000000000000000e+00
12                                     0.0000000000000000e+00
13                                     0.0000000000000000e+00
14                                     0.0000000000000000e+00
15                                     0.0000000000000000e+00
16                                     0.0000000000000000e+00
17                                     0.0000000000000000e+00
18                                     0.0000000000000000e+00
19                                     0.0000000000000000e+00
20                                     0.0000000000000000e+00
21                                     0.0000000000000000e+00
22                                     0.0000000000000000e+00
23                                     0.0000000000000000e+00
$End
$VdW_Correction
   &GeometryIndex 1
   &ListStatus       OUT
   &VDW [&Type "Double"]      -5.2402105413384699e-02
$End
$Calculation_Info
   &GeometryIndex 1
   &ListStatus       OUT
   &MULT [&Type "Integer"] 1
   &CHARGE [&Type "Integer"] -2
   &NUMOFATOMS [&Type "Integer"] 24
   &NUMOFELECTRONS [&Type "Integer"] 118
   &NUMOFFCELECTRONS [&Type "Integer"] 1
   &NUMOFCORRELECTRONS [&Type "Integer"] 0
   &NUMOFBASISFUNCTS [&Type "Integer"] 264
   &NUMOFAUXCBASISFUNCTS [&Type "Integer"] 0
   &NUMOFAUXJBASISFUNCTS [&Type "Integer"] 872
   &NUMOFAUXJKBASISFUNCTS [&Type "Integer"] 0
   &NUMOFCABSBASISFUNCTS [&Type "Integer"] 0
   &TOTALENERGY [&Type "Double"]      -8.3614468155748204e+02  "Hartrees"
$End
$SCF_Dipole_Moment
   &GeometryIndex 1
   &ListStatus       OUT
   &METHOD [&Type "String"] "SCF"
   &LEVEL [&Type "String"] "Relaxed density"
   &MULT [&Type "Integer"] 1
   &STATE [&Type "Integer"] -1
   &IRREP [&Type "Integer"] 0
   &NATOMS [&Type "Integer"] 24
   &DODIPOLEATOM [&Type "Boolean"] false
   &DIPOLEELECCONTRIB [&Type "ArrayOfDoubles", &Dim (3,1)] "Electronic contribution"
                                                         0

0                                      9.6741880284844872e-01
1                                      1.2104137045013640e-01
2                                      3.1707589966961040e-02
   &DIPOLENUCCONTRIB [&Type "ArrayOfDoubles", &Dim (3,1)] "Nuclear contribution"
                                                         0

0                                     -2.8486595711961655e+00
1                                     -2.6928131063269163e+00
2                                     -2.7790489487284731e-01
   &DIPOLETOTAL [&Type "ArrayOfDoubles", &Dim (3,1)] "Total"
                                                         0

0                                     -1.8812407683477168e+00
1                                     -2.5717717358767800e+00
2                                     -2.4619730490588626e-01
   &DIPOLEMAGNITUDE [&Type "Double", &Units "a.u."]       3.1958863876694830e+00
$End
