*************************************************
******************* ORCA 6.0.1 ******************
*************************************************
$Calculation_Status
   &GeometryIndex 1
   &ListStatus       OUT
   &VERSION [&Type "String"] "6.0.1"
   &PROGNAME [&Type "String"] "LeanSCF"
   &STATUS [&Type "String"] "NORMAL TERMINATION"
$End
$Geometry
   &GeometryIndex 1
   &ListStatus       OUT
   &NATOMS [&Type "Integer"] 24
   &NCORELESSECP [&Type "Integer"] 0
   &NGHOSTATOMS [&Type "Integer"] 0
   &CartesianCoordinates [&Type "Coordinates", &Dim(24,4), &Units "Bohr"] 
              C     78.336707155572   38.070422693978   83.170626606142
              H     80.288794251912   37.393900738034   83.412511551284
              H     78.327258524902   40.137783084487   83.149839618669
              C     76.821146796167   37.014065785116   85.353260290821
              C     74.562924066131   38.425691207155   86.581582277870
              O     74.929530936112   40.659347497450   87.237317246341
              O     72.591939708451   37.170913054231   86.978424765993
              O     77.406961897682   34.967492382079   86.224424038559
              C     74.598828862675   33.210047077532   81.116494298570
              H     74.370172000471   31.169142852897   81.311136090364
              C     76.875948854050   34.230499189850   80.761225785393
              H     78.578592100713   33.079655974292   80.713982632045
              C     77.303026960317   37.036742498723   80.557135362929
              C     74.865280247558   38.408683671949   79.975099713681
              H     75.067480943888   40.343763233085   79.285349674800
              C     72.586270530049   37.373113750561   80.336037405260
              H     70.866619748181   38.467265182101   79.969430535280
              C     72.196986946461   34.725607436937   81.313025816498
              H     71.688650616437   34.890013610588   83.338812232061
              O     70.193877244505   33.561536138441   79.978879165949
              H     69.426648434133   32.193374417482   81.080589502025
              C     79.410071599639   37.609329517301   78.544577030303
              O     81.158068273516   36.037077373878   78.270566740884
              O     79.238106521452   39.646454289668   77.333262578459
$End
$SCF_Energy
   &GeometryIndex 1
   &ListStatus       OUT
   &SCF_ENERGY [&Type "Double"]      -8.3612417160204325e+02
$End
$DFT_Energy
   &GeometryIndex 1
   &ListStatus       OUT
   &NALPHAEL [&Type "Integer"] 59
   &NBETAEL [&Type "Integer"] 59
   &NTOTALEL [&Type "Integer"] 117
   &EEXCHANGE [&Type "Double"]      -8.3133098178707471e+01
   &ECORR [&Type "Double"]      -4.8452538470126498e+00
   &ECNL [&Type "Double"]       0.0000000000000000e+00
   &EXC [&Type "Double"]      -8.7978352025720113e+01
   &EEMBED [&Type "Double"]       0.0000000000000000e+00
   &FINALEN [&Type "Double"]      -8.3612417160204325e+02  "No Van der Waals correction"
$End
$Mulliken_Population_Analysis
   &GeometryIndex 1
   &ListStatus       OUT
   &NATOMS [&Type "Integer"] 24
   &ATNO [&Type "ArrayOfIntegers", &Dim (24,1)] 
                                                         0

0                                                        6
1                                                        1
2                                                        1
3                                                        6
4                                                        6
5                                                        8
6                                                        8
7                                                        8
8                                                        6
9                                                        1
10                                                       6
11                                                       1
12                                                       6
13                                                       6
14                                                       1
15                                                       6
16                                                       1
17                                                       6
18                                                       1
19                                                       8
20                                                       1
21                                                       6
22                                                       8
23                                                       8
   &ATOMICCHARGES [&Type "ArrayOfDoubles", &Dim (24,1)] 
                                                         0

0                                      2.2173553055790229e-01
1                                     -4.6020914683236214e-02
2                                     -2.8204533574596402e-02
3                                     -6.6248147812197899e-03
4                                      9.7355298779127075e-02
5                                     -4.1238790998352748e-01
6                                     -4.0266449426179562e-01
7                                     -2.8581715852719469e-01
8                                     -7.9272333048964860e-02
9                                     -1.0312009977557324e-01
10                                     6.8800044510562763e-02
11                                    -5.4492167968537064e-02
12                                    -2.1621889632527491e-01
13                                     6.2680783599512679e-02
14                                    -4.7613891980807566e-02
15                                    -7.9830151016612838e-02
16                                    -7.7736172290447270e-02
17                                     3.1593129795737784e-01
18                                     1.3458886796126279e-02
19                                    -3.6404066517805411e-01
20                                     1.4388647491105910e-01
21                                     9.6606428222720808e-02
22                                    -4.0647380079497708e-01
23                                    -4.0993674114349155e-01
$End
$Loewdin_Population_Analysis
   &GeometryIndex 1
   &ListStatus       OUT
   &NATOMS [&Type "Integer"] 24
   &ATNO [&Type "ArrayOfIntegers", &Dim (24,1)] 
                                                         0

0                                                        6
1                                                        1
2                                                        1
3                                                        6
4                                                        6
5                                                        8
6                                                        8
7                                                        8
8                                                        6
9                                                        1
10                                                       6
11                                                       1
12                                                       6
13                                                       6
14                                                       1
15                                                       6
16                                                       1
17                                                       6
18                                                       1
19                                                       8
20                                                       1
21                                                       6
22                                                       8
23                                                       8
   &ATOMICCHARGES [&Type "ArrayOfDoubles", &Dim (24,1)] 
                                                         0

0                                     -2.8710546063548392e-02
1                                      1.1830336827380661e-02
2                                      1.5101781863587349e-02
3                                      4.3109115869923720e-02
4                                     -7.3346056144597327e-02
5                                     -3.6185048832076383e-01
6                                     -3.6054114575350837e-01
7                                     -2.0062404074448814e-01
8                                     -7.9440386926362017e-02
9                                     -1.2577749187233422e-02
10                                     3.8346989065827231e-03
11                                     8.6746021639465543e-03
12                                    -7.9517653049376413e-02
13                                     1.9416223822004142e-03
14                                     1.1094948252171499e-02
15                                    -6.5302453268016869e-02
16                                    -1.7402375277573157e-03
17                                     4.2532844657811708e-02
18                                     1.3293746255893635e-02
19                                    -1.8414361943913882e-01
20                                     7.7299813824697194e-02
21                                    -2.3484292043355559e-02
22                                    -3.7650213410520372e-01
23                                    -3.8093270843076965e-01
$End
$Mayer_Population_Analysis
   &GeometryIndex 1
   &ListStatus       OUT
   &NATOMS [&Type "Integer"] 24 "Total number of atoms"
   &BONDTHRESH [&Type "Double"]       1.0000000000000001e-01  "The threshold for printing"
   &NBONDORDERSPRINT [&Type "Integer"] 27 "The number of bond orders larger than threshold"
   &BONDORDERS [&Type "ArrayOfDoubles", &Dim (27,1)] "The bond orders"
                                                         0

0                                      8.8928923368962720e-01
1                                      9.1604167814299109e-01
2                                      9.8012086715182756e-01
3                                      1.0047364991702668e+00
4                                      8.2116053735120542e-01
5                                      2.0282800552405460e+00
6                                      1.8353382989573910e+00
7                                      1.7812965234079257e+00
8                                      1.2324474761542210e-01
9                                      1.2605915845470864e-01
10                                     9.4799901750906213e-01
11                                     1.8720852730875697e+00
12                                     9.7588975979483172e-01
13                                     9.5740387521402537e-01
14                                     9.8523834848451841e-01
15                                     9.6970962339547551e-01
16                                     7.7516235642826004e-01
17                                     9.5820382175130914e-01
18                                     1.8732626965255088e+00
19                                     9.5721331653008213e-01
20                                     9.7679378215958013e-01
21                                     8.4225505094255126e-01
22                                     9.6126311799578645e-01
23                                     9.7531147495457171e-01
24                                     1.8601054717238128e+00
25                                     1.8810801815909064e+00
26                                     1.1280968443612810e-01
   &COMPONENTS [&Type "ArrayOfIntegers", &Dim (27,4)] "The indices and atomic numbers of the bonding atoms"
                                                         0                           1                           2                           3

0                                                        0                           6                           1                           1
1                                                        0                           6                           2                           1
2                                                        0                           6                           3                           6
3                                                        0                           6                          12                           6
4                                                        3                           6                           4                           6
5                                                        3                           6                           7                           8
6                                                        4                           6                           5                           8
7                                                        4                           6                           6                           8
8                                                        5                           8                           6                           8
9                                                        6                           8                          18                           1
10                                                       8                           6                           9                           1
11                                                       8                           6                          10                           6
12                                                       8                           6                          17                           6
13                                                      10                           6                          11                           1
14                                                      10                           6                          12                           6
15                                                      12                           6                          13                           6
16                                                      12                           6                          21                           6
17                                                      13                           6                          14                           1
18                                                      13                           6                          15                           6
19                                                      15                           6                          16                           1
20                                                      15                           6                          17                           6
21                                                      17                           6                          18                           1
22                                                      17                           6                          19                           8
23                                                      19                           8                          20                           1
24                                                      21                           6                          22                           8
25                                                      21                           6                          23                           8
26                                                      22                           8                          23                           8
   &ATNO [&Type "ArrayOfIntegers", &Dim (24,1)] "Atomic number of the elements"
                                                         0

0                                                        6
1                                                        1
2                                                        1
3                                                        6
4                                                        6
5                                                        8
6                                                        8
7                                                        8
8                                                        6
9                                                        1
10                                                       6
11                                                       1
12                                                       6
13                                                       6
14                                                       1
15                                                       6
16                                                       1
17                                                       6
18                                                       1
19                                                       8
20                                                       1
21                                                       6
22                                                       8
23                                                       8
   &NA [&Type "ArrayOfDoubles", &Dim (24,1)] "Mulliken gross atomic population"
                                                         0

0                                      5.7782644694420959e+00
1                                      1.0460209146832355e+00
2                                      1.0282045335745973e+00
3                                      6.0066248147812216e+00
4                                      5.9026447012208729e+00
5                                      8.4123879099835293e+00
6                                      8.4026644942617992e+00
7                                      8.2858171585271947e+00
8                                      6.0792723330489666e+00
9                                      1.1031200997755728e+00
10                                     5.9311999554894452e+00
11                                     1.0544921679685368e+00
12                                     6.2162188963252767e+00
13                                     5.9373192164004855e+00
14                                     1.0476138919808076e+00
15                                     6.0798301510166146e+00
16                                     1.0777361722904473e+00
17                                     5.6840687020426204e+00
18                                     9.8654111320387361e-01
19                                     8.3640406651780559e+00
20                                     8.5611352508894090e-01
21                                     5.9033935717772774e+00
22                                     8.4064738007949718e+00
23                                     8.4099367411434898e+00
   &ZA [&Type "ArrayOfDoubles", &Dim (24,1)] "Total nuclear charge"
                                                         0

0                                      6.0000000000000000e+00
1                                      1.0000000000000000e+00
2                                      1.0000000000000000e+00
3                                      6.0000000000000000e+00
4                                      6.0000000000000000e+00
5                                      8.0000000000000000e+00
6                                      8.0000000000000000e+00
7                                      8.0000000000000000e+00
8                                      6.0000000000000000e+00
9                                      1.0000000000000000e+00
10                                     6.0000000000000000e+00
11                                     1.0000000000000000e+00
12                                     6.0000000000000000e+00
13                                     6.0000000000000000e+00
14                                     1.0000000000000000e+00
15                                     6.0000000000000000e+00
16                                     1.0000000000000000e+00
17                                     6.0000000000000000e+00
18                                     1.0000000000000000e+00
19                                     8.0000000000000000e+00
20                                     1.0000000000000000e+00
21                                     6.0000000000000000e+00
22                                     8.0000000000000000e+00
23                                     8.0000000000000000e+00
   &QA [&Type "ArrayOfDoubles", &Dim (24,1)] "Mulliken gross atomic charge"
                                                         0

0                                      2.2173553055790407e-01
1                                     -4.6020914683235548e-02
2                                     -2.8204533574597290e-02
3                                     -6.6248147812215663e-03
4                                      9.7355298779127075e-02
5                                     -4.1238790998352925e-01
6                                     -4.0266449426179918e-01
7                                     -2.8581715852719469e-01
8                                     -7.9272333048966637e-02
9                                     -1.0312009977557279e-01
10                                     6.8800044510554770e-02
11                                    -5.4492167968536842e-02
12                                    -2.1621889632527669e-01
13                                     6.2680783599514456e-02
14                                    -4.7613891980807566e-02
15                                    -7.9830151016614614e-02
16                                    -7.7736172290447270e-02
17                                     3.1593129795737962e-01
18                                     1.3458886796126390e-02
19                                    -3.6404066517805589e-01
20                                     1.4388647491105910e-01
21                                     9.6606428222722585e-02
22                                    -4.0647380079497175e-01
23                                    -4.0993674114348977e-01
   &VA [&Type "ArrayOfDoubles", &Dim (24,1)] "Mayer's total valence"
                                                         0

0                                      3.7884983712070328e+00
1                                      1.0279013509686368e+00
2                                      1.0209490330315416e+00
3                                      3.9661413522327700e+00
4                                      4.4604227800947926e+00
5                                      2.0668055665974316e+00
6                                      2.0739460947589228e+00
7                                      2.1749308385564343e+00
8                                      3.9321834419727866e+00
9                                      9.7897011558798253e-01
10                                     3.9078198406343363e+00
11                                     1.0406232701369329e+00
12                                     3.7105772177735927e+00
13                                     3.8790657431557136e+00
14                                     1.0359063573170557e+00
15                                     3.9255992272339908e+00
16                                     9.8429712918158974e-01
17                                     3.7415089084544495e+00
18                                     1.0801010992653599e+00
19                                     1.9963657139117301e+00
20                                     1.0181395759674734e+00
21                                     4.5388290539668468e+00
22                                     2.0784332010832345e+00
23                                     2.0838588561012217e+00
   &BVA [&Type "ArrayOfDoubles", &Dim (24,1)] "Mayer's bonded valence"
                                                         0

0                                      3.7884983712070448e+00
1                                      1.0279013509686279e+00
2                                      1.0209490330315405e+00
3                                      3.9661413522327575e+00
4                                      4.4604227800948104e+00
5                                      2.0668055665973899e+00
6                                      2.0739460947589539e+00
7                                      2.1749308385564579e+00
8                                      3.9321834419727644e+00
9                                      9.7897011558797686e-01
10                                     3.9078198406343070e+00
11                                     1.0406232701369289e+00
12                                     3.7105772177735883e+00
13                                     3.8790657431556896e+00
14                                     1.0359063573170637e+00
15                                     3.9255992272339491e+00
16                                     9.8429712918157919e-01
17                                     3.7415089084544166e+00
18                                     1.0801010992653617e+00
19                                     1.9963657139117412e+00
20                                     1.0181395759674721e+00
21                                     4.5388290539668290e+00
22                                     2.0784332010832003e+00
23                                     2.0838588561012070e+00
   &FA [&Type "ArrayOfDoubles", &Dim (24,1)] "Mayer's free valence"
                                                         0

0                                      0.0000000000000000e+00
1                                      0.0000000000000000e+00
2                                      0.0000000000000000e+00
3                                      0.0000000000000000e+00
4                                      0.0000000000000000e+00
5                                      0.0000000000000000e+00
6                                      0.0000000000000000e+00
7                                      0.0000000000000000e+00
8                                      0.0000000000000000e+00
9                                      0.0000000000000000e+00
10                                     0.0000000000000000e+00
11                                     0.0000000000000000e+00
12                                     0.0000000000000000e+00
13                                     0.0000000000000000e+00
14                                     0.0000000000000000e+00
15                                     0.0000000000000000e+00
16                                     0.0000000000000000e+00
17                                     0.0000000000000000e+00
18                                     0.0000000000000000e+00
19                                     0.0000000000000000e+00
20                                     0.0000000000000000e+00
21                                     0.0000000000000000e+00
22                                     0.0000000000000000e+00
23                                     0.0000000000000000e+00
$End
$VdW_Correction
   &GeometryIndex 1
   &ListStatus       OUT
   &VDW [&Type "Double"]      -5.3741091268375257e-02
$End
$Calculation_Info
   &GeometryIndex 1
   &ListStatus       OUT
   &MULT [&Type "Integer"] 1
   &CHARGE [&Type "Integer"] -2
   &NUMOFATOMS [&Type "Integer"] 24
   &NUMOFELECTRONS [&Type "Integer"] 118
   &NUMOFFCELECTRONS [&Type "Integer"] 1
   &NUMOFCORRELECTRONS [&Type "Integer"] 0
   &NUMOFBASISFUNCTS [&Type "Integer"] 264
   &NUMOFAUXCBASISFUNCTS [&Type "Integer"] 0
   &NUMOFAUXJBASISFUNCTS [&Type "Integer"] 872
   &NUMOFAUXJKBASISFUNCTS [&Type "Integer"] 0
   &NUMOFCABSBASISFUNCTS [&Type "Integer"] 0
   &TOTALENERGY [&Type "Double"]      -8.3617791269331167e+02  "Hartrees"
$End
$SCF_Dipole_Moment
   &GeometryIndex 1
   &ListStatus       OUT
   &METHOD [&Type "String"] "SCF"
   &LEVEL [&Type "String"] "Relaxed density"
   &MULT [&Type "Integer"] 1
   &STATE [&Type "Integer"] -1
   &IRREP [&Type "Integer"] 0
   &NATOMS [&Type "Integer"] 24
   &DODIPOLEATOM [&Type "Boolean"] false
   &DIPOLEELECCONTRIB [&Type "ArrayOfDoubles", &Dim (3,1)] "Electronic contribution"
                                                         0

0                                      2.2299825892920206e+00
1                                      1.4222577611549339e+00
2                                      2.1933263648455572e+00
   &DIPOLENUCCONTRIB [&Type "ArrayOfDoubles", &Dim (3,1)] "Nuclear contribution"
                                                         0

0                                     -3.8297525949220557e+00
1                                     -3.1557559162727884e+00
2                                     -2.4174376362893071e+00
   &DIPOLETOTAL [&Type "ArrayOfDoubles", &Dim (3,1)] "Total"
                                                         0

0                                     -1.5997700056300350e+00
1                                     -1.7334981551178545e+00
2                                     -2.2411127144374987e-01
   &DIPOLEMAGNITUDE [&Type "Double", &Units "a.u."]       2.3694948378712839e+00
$End
