*************************************************
******************* ORCA 6.0.1 ******************
*************************************************
$Calculation_Status
   &GeometryIndex 1
   &ListStatus       OUT
   &VERSION [&Type "String"] "6.0.1"
   &PROGNAME [&Type "String"] "LeanSCF"
   &STATUS [&Type "String"] "NORMAL TERMINATION"
$End
$Geometry
   &GeometryIndex 1
   &ListStatus       OUT
   &NATOMS [&Type "Integer"] 24
   &NCORELESSECP [&Type "Integer"] 0
   &NGHOSTATOMS [&Type "Integer"] 0
   &CartesianCoordinates [&Type "Coordinates", &Dim(24,4), &Units "Bohr"] 
              C     78.345405039965   34.318660206613   91.800424458324
              H     79.152347311263   32.558892621400   91.106536937388
              H     79.250172232338   36.099416845976   91.294360393410
              C     76.533913650407   34.263766016728   93.707374646225
              C     75.667006075249   36.696984204801   95.059577736993
              O     76.554654505333   38.781511489680   94.326835025393
              O     74.138782776960   36.423678488369   96.847909620297
              O     75.365287049314   32.229964349243   94.267769132916
              C     72.339814506847   31.763578064281   91.538645506390
              H     71.506920920912   30.177826911961   92.561404901657
              C     74.120445255376   31.322441168136   89.677784989342
              H     74.938340294945   29.456717494744   89.424453470665
              C     75.211001226977   33.352040107468   88.409609004116
              C     74.011923036290   35.836320084270   88.545576714673
              H     74.825795599342   37.277482854138   87.311363777624
              C     72.054753993479   36.279541432177   90.095849529932
              H     71.209980471496   38.157894616385   90.223139781331
              C     70.884263674165   34.222107766247   91.678907115969
              H     70.798805869625   34.855488396896   93.662407866161
              O     68.424981271040   33.748092704236   90.706256904353
              H     67.172847613491   33.346734435030   92.115154498279
              C     77.123130825515   32.835176024421   86.319625255917
              O     78.121480592491   30.680984161370   86.239428742254
              O     77.520635146739   34.582130736024   84.785356738958
$End
$SCF_Energy
   &GeometryIndex 1
   &ListStatus       OUT
   &SCF_ENERGY [&Type "Double"]      -8.3605523014422465e+02
$End
$DFT_Energy
   &GeometryIndex 1
   &ListStatus       OUT
   &NALPHAEL [&Type "Integer"] 59
   &NBETAEL [&Type "Integer"] 59
   &NTOTALEL [&Type "Integer"] 118
   &EEXCHANGE [&Type "Double"]      -8.3088442202273114e+01
   &ECORR [&Type "Double"]      -4.8425409001381468e+00
   &ECNL [&Type "Double"]       0.0000000000000000e+00
   &EXC [&Type "Double"]      -8.7930983102411261e+01
   &EEMBED [&Type "Double"]       0.0000000000000000e+00
   &FINALEN [&Type "Double"]      -8.3605523014422465e+02  "No Van der Waals correction"
$End
$Mulliken_Population_Analysis
   &GeometryIndex 1
   &ListStatus       OUT
   &NATOMS [&Type "Integer"] 24
   &ATNO [&Type "ArrayOfIntegers", &Dim (24,1)] 
                                                         0

0                                                        6
1                                                        1
2                                                        1
3                                                        6
4                                                        6
5                                                        8
6                                                        8
7                                                        8
8                                                        6
9                                                        1
10                                                       6
11                                                       1
12                                                       6
13                                                       6
14                                                       1
15                                                       6
16                                                       1
17                                                       6
18                                                       1
19                                                       8
20                                                       1
21                                                       6
22                                                       8
23                                                       8
   &ATOMICCHARGES [&Type "ArrayOfDoubles", &Dim (24,1)] 
                                                         0

0                                      7.7564380672479061e-02
1                                     -2.5623998886660893e-02
2                                     -1.8530358151862103e-02
3                                     -4.2740622683204776e-02
4                                      6.3819999662661608e-02
5                                     -4.0979686157421291e-01
6                                     -4.1795291697925485e-01
7                                     -3.1810241220313529e-01
8                                      7.5019388482473914e-02
9                                     -7.4725076151794134e-02
10                                     3.0484697743710321e-02
11                                    -6.4983991986462541e-02
12                                    -1.3884519413507412e-01
13                                     8.0084829445334016e-02
14                                    -5.3089870993233035e-02
15                                    -2.2668475963223855e-02
16                                    -6.9861957365447314e-02
17                                     2.6356686149361686e-01
18                                     8.4321931850617204e-04
19                                    -3.5309607697001510e-01
20                                     1.3817870295405865e-01
21                                     8.9134925658836295e-02
22                                    -4.1635478035336426e-01
23                                    -3.9232441103473370e-01
$End
$Loewdin_Population_Analysis
   &GeometryIndex 1
   &ListStatus       OUT
   &NATOMS [&Type "Integer"] 24
   &ATNO [&Type "ArrayOfIntegers", &Dim (24,1)] 
                                                         0

0                                                        6
1                                                        1
2                                                        1
3                                                        6
4                                                        6
5                                                        8
6                                                        8
7                                                        8
8                                                        6
9                                                        1
10                                                       6
11                                                       1
12                                                       6
13                                                       6
14                                                       1
15                                                       6
16                                                       1
17                                                       6
18                                                       1
19                                                       8
20                                                       1
21                                                       6
22                                                       8
23                                                       8
   &ATOMICCHARGES [&Type "ArrayOfDoubles", &Dim (24,1)] 
                                                         0

0                                     -5.5434003515307140e-02
1                                      7.5445698729234012e-03
2                                      9.1023290439210536e-03
3                                     -3.5901485915620590e-02
4                                     -7.3473012389392522e-02
5                                     -3.8109845549176846e-01
6                                     -3.8244206442429274e-01
7                                     -2.0110166626732706e-01
8                                      4.5435877843046590e-02
9                                     -1.9468372608948403e-03
10                                    -4.8999506266258486e-02
11                                     6.9771547829675651e-03
12                                    -1.3714099033068194e-02
13                                    -2.7617804913724342e-03
14                                     1.4605421220615145e-02
15                                    -5.4819221494971870e-02
16                                     1.8003359448192091e-03
17                                     4.9942328087591470e-02
18                                     1.5411270762126783e-02
19                                    -1.7849473822888662e-01
20                                     7.4463338810375479e-02
21                                    -4.6249268567611246e-02
22                                    -3.8492635552330334e-01
23                                    -3.6392013149829339e-01
$End
$Mayer_Population_Analysis
   &GeometryIndex 1
   &ListStatus       OUT
   &NATOMS [&Type "Integer"] 24 "Total number of atoms"
   &BONDTHRESH [&Type "Double"]       1.0000000000000001e-01  "The threshold for printing"
   &NBONDORDERSPRINT [&Type "Integer"] 28 "The number of bond orders larger than threshold"
   &BONDORDERS [&Type "ArrayOfDoubles", &Dim (28,1)] "The bond orders"
                                                         0

0                                      9.0099571566749326e-01
1                                      9.2211790314422215e-01
2                                      1.4492600571048380e+00
3                                      1.2817467915233280e-01
4                                      3.2738792112806603e-01
5                                      8.1375004888030855e-01
6                                      1.6202887678415590e+00
7                                      1.8651020422673241e+00
8                                      1.8146803426556775e+00
9                                      1.2155907008045892e-01
10                                     2.9356813176898244e-01
11                                     9.4187902559271974e-01
12                                     1.4313450830955996e+00
13                                     9.9015872605178124e-01
14                                     9.5081503247260424e-01
15                                     1.3798578874818670e+00
16                                     1.0788440219215547e+00
17                                     8.3083974281087658e-01
18                                     9.6510840249057184e-01
19                                     1.7547138477893895e+00
20                                     9.5879018389474846e-01
21                                     9.8447406485925837e-01
22                                     8.7580607297628499e-01
23                                     9.7657343269253460e-01
24                                     9.6580063243346592e-01
25                                     1.8379544178622189e+00
26                                     1.8876620794329222e+00
27                                     1.2054029005576246e-01
   &COMPONENTS [&Type "ArrayOfIntegers", &Dim (28,4)] "The indices and atomic numbers of the bonding atoms"
                                                         0                           1                           2                           3

0                                                        0                           6                           1                           1
1                                                        0                           6                           2                           1
2                                                        0                           6                           3                           6
3                                                        0                           6                           8                           6
4                                                        0                           6                          12                           6
5                                                        3                           6                           4                           6
6                                                        3                           6                           7                           8
7                                                        4                           6                           5                           8
8                                                        4                           6                           6                           8
9                                                        5                           8                           6                           8
10                                                       7                           8                           8                           6
11                                                       8                           6                           9                           1
12                                                       8                           6                          10                           6
13                                                       8                           6                          17                           6
14                                                      10                           6                          11                           1
15                                                      10                           6                          12                           6
16                                                      12                           6                          13                           6
17                                                      12                           6                          21                           6
18                                                      13                           6                          14                           1
19                                                      13                           6                          15                           6
20                                                      15                           6                          16                           1
21                                                      15                           6                          17                           6
22                                                      17                           6                          18                           1
23                                                      17                           6                          19                           8
24                                                      19                           8                          20                           1
25                                                      21                           6                          22                           8
26                                                      21                           6                          23                           8
27                                                      22                           8                          23                           8
   &ATNO [&Type "ArrayOfIntegers", &Dim (24,1)] "Atomic number of the elements"
                                                         0

0                                                        6
1                                                        1
2                                                        1
3                                                        6
4                                                        6
5                                                        8
6                                                        8
7                                                        8
8                                                        6
9                                                        1
10                                                       6
11                                                       1
12                                                       6
13                                                       6
14                                                       1
15                                                       6
16                                                       1
17                                                       6
18                                                       1
19                                                       8
20                                                       1
21                                                       6
22                                                       8
23                                                       8
   &NA [&Type "ArrayOfDoubles", &Dim (24,1)] "Mulliken gross atomic population"
                                                         0

0                                      5.9224356193275254e+00
1                                      1.0256239988866596e+00
2                                      1.0185303581518623e+00
3                                      6.0427406226832225e+00
4                                      5.9361800003373180e+00
5                                      8.4097968615742484e+00
6                                      8.4179529169792637e+00
7                                      8.3181024122031300e+00
8                                      5.9249806115175074e+00
9                                      1.0747250761517937e+00
10                                     5.9695153022562968e+00
11                                     1.0649839919864650e+00
12                                     6.1388451941350848e+00
13                                     5.9199151705546678e+00
14                                     1.0530898709932304e+00
15                                     6.0226684759632283e+00
16                                     1.0698619573654482e+00
17                                     5.7364331385063752e+00
18                                     9.9915678068149449e-01
19                                     8.3530960769700116e+00
20                                     8.6182129704594124e-01
21                                     5.9108650743411646e+00
22                                     8.4163547803533412e+00
23                                     8.3923244110346999e+00
   &ZA [&Type "ArrayOfDoubles", &Dim (24,1)] "Total nuclear charge"
                                                         0

0                                      6.0000000000000000e+00
1                                      1.0000000000000000e+00
2                                      1.0000000000000000e+00
3                                      6.0000000000000000e+00
4                                      6.0000000000000000e+00
5                                      8.0000000000000000e+00
6                                      8.0000000000000000e+00
7                                      8.0000000000000000e+00
8                                      6.0000000000000000e+00
9                                      1.0000000000000000e+00
10                                     6.0000000000000000e+00
11                                     1.0000000000000000e+00
12                                     6.0000000000000000e+00
13                                     6.0000000000000000e+00
14                                     1.0000000000000000e+00
15                                     6.0000000000000000e+00
16                                     1.0000000000000000e+00
17                                     6.0000000000000000e+00
18                                     1.0000000000000000e+00
19                                     8.0000000000000000e+00
20                                     1.0000000000000000e+00
21                                     6.0000000000000000e+00
22                                     8.0000000000000000e+00
23                                     8.0000000000000000e+00
   &QA [&Type "ArrayOfDoubles", &Dim (24,1)] "Mulliken gross atomic charge"
                                                         0

0                                      7.7564380672474620e-02
1                                     -2.5623998886659560e-02
2                                     -1.8530358151862325e-02
3                                     -4.2740622683222540e-02
4                                      6.3819999662682037e-02
5                                     -4.0979686157424844e-01
6                                     -4.1795291697926373e-01
7                                     -3.1810241220312996e-01
8                                      7.5019388482492566e-02
9                                     -7.4725076151793690e-02
10                                     3.0484697743703215e-02
11                                    -6.4983991986464984e-02
12                                    -1.3884519413508478e-01
13                                     8.0084829445332240e-02
14                                    -5.3089870993230370e-02
15                                    -2.2668475963228296e-02
16                                    -6.9861957365448202e-02
17                                     2.6356686149362485e-01
18                                     8.4321931850550591e-04
19                                    -3.5309607697001155e-01
20                                     1.3817870295405876e-01
21                                     8.9134925658835407e-02
22                                    -4.1635478035334117e-01
23                                    -3.9232441103469995e-01
   &VA [&Type "ArrayOfDoubles", &Dim (24,1)] "Mayer's total valence"
                                                         0

0                                      3.8026951530561783e+00
1                                      1.0235195049424934e+00
2                                      1.0216918551269816e+00
3                                      4.0185767492173019e+00
4                                      4.4896430280865651e+00
5                                      2.0847661248562921e+00
6                                      2.0505815814005119e+00
7                                      2.1359197155844676e+00
8                                      3.8904020422138563e+00
9                                      9.8788497924218210e-01
10                                     3.9084750794364949e+00
11                                     1.0372034047259846e+00
12                                     3.7238845921010939e+00
13                                     3.8939651502831429e+00
14                                     1.0358920467087713e+00
15                                     3.8459862614102978e+00
16                                     9.8516953904699545e-01
17                                     3.8571735653064816e+00
18                                     1.0534899263370703e+00
19                                     1.9953187659067089e+00
20                                     1.0245307672088335e+00
21                                     4.5472767810860706e+00
22                                     2.0732753342605599e+00
23                                     2.1103178028565002e+00
   &BVA [&Type "ArrayOfDoubles", &Dim (24,1)] "Mayer's bonded valence"
                                                         0

0                                      3.8026951530561557e+00
1                                      1.0235195049425019e+00
2                                      1.0216918551269745e+00
3                                      4.0185767492172708e+00
4                                      4.4896430280866051e+00
5                                      2.0847661248562224e+00
6                                      2.0505815814004937e+00
7                                      2.1359197155844925e+00
8                                      3.8904020422138763e+00
9                                      9.8788497924217578e-01
10                                     3.9084750794364713e+00
11                                     1.0372034047259806e+00
12                                     3.7238845921010619e+00
13                                     3.8939651502831163e+00
14                                     1.0358920467087682e+00
15                                     3.8459862614102658e+00
16                                     9.8516953904698035e-01
17                                     3.8571735653065060e+00
18                                     1.0534899263370687e+00
19                                     1.9953187659067635e+00
20                                     1.0245307672088313e+00
21                                     4.5472767810861079e+00
22                                     2.0732753342606371e+00
23                                     2.1103178028565655e+00
   &FA [&Type "ArrayOfDoubles", &Dim (24,1)] "Mayer's free valence"
                                                         0

0                                      0.0000000000000000e+00
1                                      0.0000000000000000e+00
2                                      0.0000000000000000e+00
3                                      0.0000000000000000e+00
4                                      0.0000000000000000e+00
5                                      0.0000000000000000e+00
6                                      0.0000000000000000e+00
7                                      0.0000000000000000e+00
8                                      0.0000000000000000e+00
9                                      0.0000000000000000e+00
10                                     0.0000000000000000e+00
11                                     0.0000000000000000e+00
12                                     0.0000000000000000e+00
13                                     0.0000000000000000e+00
14                                     0.0000000000000000e+00
15                                     0.0000000000000000e+00
16                                     0.0000000000000000e+00
17                                     0.0000000000000000e+00
18                                     0.0000000000000000e+00
19                                     0.0000000000000000e+00
20                                     0.0000000000000000e+00
21                                     0.0000000000000000e+00
22                                     0.0000000000000000e+00
23                                     0.0000000000000000e+00
$End
$VdW_Correction
   &GeometryIndex 1
   &ListStatus       OUT
   &VDW [&Type "Double"]      -5.6432043247047384e-02
$End
$Calculation_Info
   &GeometryIndex 1
   &ListStatus       OUT
   &MULT [&Type "Integer"] 1
   &CHARGE [&Type "Integer"] -2
   &NUMOFATOMS [&Type "Integer"] 24
   &NUMOFELECTRONS [&Type "Integer"] 118
   &NUMOFFCELECTRONS [&Type "Integer"] 1
   &NUMOFCORRELECTRONS [&Type "Integer"] 0
   &NUMOFBASISFUNCTS [&Type "Integer"] 264
   &NUMOFAUXCBASISFUNCTS [&Type "Integer"] 0
   &NUMOFAUXJBASISFUNCTS [&Type "Integer"] 872
   &NUMOFAUXJKBASISFUNCTS [&Type "Integer"] 0
   &NUMOFCABSBASISFUNCTS [&Type "Integer"] 0
   &TOTALENERGY [&Type "Double"]      -8.3611166218747167e+02  "Hartrees"
$End
$SCF_Dipole_Moment
   &GeometryIndex 1
   &ListStatus       OUT
   &METHOD [&Type "String"] "SCF"
   &LEVEL [&Type "String"] "Relaxed density"
   &MULT [&Type "Integer"] 1
   &STATE [&Type "Integer"] -1
   &IRREP [&Type "Integer"] 0
   &NATOMS [&Type "Integer"] 24
   &DODIPOLEATOM [&Type "Boolean"] false
   &DIPOLEELECCONTRIB [&Type "ArrayOfDoubles", &Dim (3,1)] "Electronic contribution"
                                                         0

0                                      1.8498619473760842e+00
1                                     -1.3629113295720807e-01
2                                      1.6631764301534394e-01
   &DIPOLENUCCONTRIB [&Type "ArrayOfDoubles", &Dim (3,1)] "Nuclear contribution"
                                                         0

0                                     -4.5681891550438252e+00
1                                     -9.0754156521516194e-01
2                                      2.1035154996638994e-01
   &DIPOLETOTAL [&Type "ArrayOfDoubles", &Dim (3,1)] "Total"
                                                         0

0                                     -2.7183272076677412e+00
1                                     -1.0438326981723700e+00
2                                      3.7666919298173385e-01
   &DIPOLEMAGNITUDE [&Type "Double", &Units "a.u."]       2.9361146419480999e+00
$End
