*************************************************
******************* ORCA 6.0.1 ******************
*************************************************
$Calculation_Status
   &GeometryIndex 1
   &ListStatus       OUT
   &VERSION [&Type "String"] "6.0.1"
   &PROGNAME [&Type "String"] "LeanSCF"
   &STATUS [&Type "String"] "NORMAL TERMINATION"
$End
$Geometry
   &GeometryIndex 1
   &ListStatus       OUT
   &NATOMS [&Type "Integer"] 24
   &NCORELESSECP [&Type "Integer"] 0
   &NGHOSTATOMS [&Type "Integer"] 0
   &CartesianCoordinates [&Type "Coordinates", &Dim(24,4), &Units "Bohr"] 
              C     78.103458560892   39.895057820408   87.193501199883
              H     79.695673434341   38.820713605796   86.455264636683
              H     78.259131158465   41.936665923460   87.358764200058
              C     76.139614025424   38.687405082231   88.464821397049
              C     74.070376713468   40.294311416633   89.756368335157
              O     74.569228863255   42.565968234443   90.169029551558
              O     72.029823512263   39.184504905984   90.316048514540
              O     75.858629974472   36.297836502557   88.375732278835
              C     74.334916443701   35.236723209516   84.716538862744
              H     74.416636035273   33.220999310355   85.139225147587
              C     76.292385624113   36.383967597648   83.427347034967
              H     78.057376028214   35.393878553758   83.057128778379
              C     76.237353643634   38.991316476810   83.008927573698
              C     73.835328354944   40.335771786933   83.291721015247
              H     73.791201346488   42.318172270902   82.734577273222
              C     71.758037510276   39.159910525863   84.155514260410
              H     69.970979143274   40.181836999558   84.319365017999
              C     71.735541413424   36.411908715190   84.870072393134
              H     71.048362813801   36.269070130359   86.825867317448
              O     70.119146352058   35.072568166685   83.190433773062
              H     68.922512241296   33.956341673482   84.193905341055
              C     78.348837634064   40.190572853790   81.446163906527
              O     80.377236685034   38.990075798563   81.212727955182
              O     77.870686351081   42.296286768011   80.440490598314
$End
$SCF_Energy
   &GeometryIndex 1
   &ListStatus       OUT
   &SCF_ENERGY [&Type "Double"]      -8.3606184253629613e+02
$End
$DFT_Energy
   &GeometryIndex 1
   &ListStatus       OUT
   &NALPHAEL [&Type "Integer"] 59
   &NBETAEL [&Type "Integer"] 59
   &NTOTALEL [&Type "Integer"] 118
   &EEXCHANGE [&Type "Double"]      -8.3082310975810259e+01
   &ECORR [&Type "Double"]      -4.8425244819886109e+00
   &ECNL [&Type "Double"]       0.0000000000000000e+00
   &EXC [&Type "Double"]      -8.7924835457798864e+01
   &EEMBED [&Type "Double"]       0.0000000000000000e+00
   &FINALEN [&Type "Double"]      -8.3606184253629613e+02  "No Van der Waals correction"
$End
$Mulliken_Population_Analysis
   &GeometryIndex 1
   &ListStatus       OUT
   &NATOMS [&Type "Integer"] 24
   &ATNO [&Type "ArrayOfIntegers", &Dim (24,1)] 
                                                         0

0                                                        6
1                                                        1
2                                                        1
3                                                        6
4                                                        6
5                                                        8
6                                                        8
7                                                        8
8                                                        6
9                                                        1
10                                                       6
11                                                       1
12                                                       6
13                                                       6
14                                                       1
15                                                       6
16                                                       1
17                                                       6
18                                                       1
19                                                       8
20                                                       1
21                                                       6
22                                                       8
23                                                       8
   &ATOMICCHARGES [&Type "ArrayOfDoubles", &Dim (24,1)] 
                                                         0

0                                      7.1597495424242652e-02
1                                     -2.8629045762425864e-02
2                                     -1.5306832480151744e-02
3                                     -3.7455276811601657e-02
4                                      7.9076017475753879e-02
5                                     -4.0218035519860251e-01
6                                     -4.2409638901633606e-01
7                                     -3.2511514809751851e-01
8                                      6.9453189625778400e-02
9                                     -8.0142957306122087e-02
10                                     2.0140383759653879e-02
11                                    -6.3077219548070662e-02
12                                    -1.2298934408598594e-01
13                                     6.1908153726391468e-02
14                                    -5.2503640122714579e-02
15                                    -2.3397356329591723e-02
16                                    -7.3451571539824068e-02
17                                     2.8431373873992172e-01
18                                    -4.8816294009825789e-03
19                                    -3.5243901557997681e-01
20                                     1.3887281741167357e-01
21                                     9.7736354137330395e-02
22                                    -4.1106096474578813e-01
23                                    -4.0637140427500817e-01
$End
$Loewdin_Population_Analysis
   &GeometryIndex 1
   &ListStatus       OUT
   &NATOMS [&Type "Integer"] 24
   &ATNO [&Type "ArrayOfIntegers", &Dim (24,1)] 
                                                         0

0                                                        6
1                                                        1
2                                                        1
3                                                        6
4                                                        6
5                                                        8
6                                                        8
7                                                        8
8                                                        6
9                                                        1
10                                                       6
11                                                       1
12                                                       6
13                                                       6
14                                                       1
15                                                       6
16                                                       1
17                                                       6
18                                                       1
19                                                       8
20                                                       1
21                                                       6
22                                                       8
23                                                       8
   &ATOMICCHARGES [&Type "ArrayOfDoubles", &Dim (24,1)] 
                                                         0

0                                     -5.0575295014845700e-02
1                                      4.7163808854194800e-03
2                                      1.0258648899595268e-02
3                                     -3.4976708974322257e-02
4                                     -6.3939093684318493e-02
5                                     -3.7014774192428668e-01
6                                     -3.8712130523136246e-01
7                                     -2.1271648925141839e-01
8                                      3.8805640997739310e-02
9                                     -3.9663348497653850e-03
10                                    -5.4633224654892842e-02
11                                     6.2672075536969185e-03
12                                    -7.3302735691083143e-03
13                                    -9.9279450741320829e-03
14                                     1.4916031023284204e-02
15                                    -4.1099021694624760e-02
16                                     7.8730157244732979e-04
17                                     4.7041822460223592e-02
18                                     1.3714518336442993e-02
19                                    -1.8009066104113280e-01
20                                     7.4204185952750024e-02
21                                    -3.9226049092723869e-02
22                                    -3.7911808352433241e-01
23                                    -3.7584351010032080e-01
$End
$Mayer_Population_Analysis
   &GeometryIndex 1
   &ListStatus       OUT
   &NATOMS [&Type "Integer"] 24 "Total number of atoms"
   &BONDTHRESH [&Type "Double"]       1.0000000000000001e-01  "The threshold for printing"
   &NBONDORDERSPRINT [&Type "Integer"] 28 "The number of bond orders larger than threshold"
   &BONDORDERS [&Type "ArrayOfDoubles", &Dim (28,1)] "The bond orders"
                                                         0

0                                      9.0974112326820966e-01
1                                      9.2054967002711252e-01
2                                      1.4376667292806846e+00
3                                      1.1842444113020185e-01
4                                      3.4419829106112149e-01
5                                      8.1455280892427173e-01
6                                      1.6286128446490955e+00
7                                      1.8640211909998792e+00
8                                      1.7981778209986721e+00
9                                      1.2605623458232321e-01
10                                     2.8568645684410260e-01
11                                     9.3922105397554267e-01
12                                     1.4678450892513701e+00
13                                     9.8902573764354507e-01
14                                     9.5083969552342773e-01
15                                     1.3527692525873589e+00
16                                     1.0722621851065517e+00
17                                     8.2822965224551170e-01
18                                     9.7046410915669923e-01
19                                     1.7631395978570927e+00
20                                     9.5447327797152992e-01
21                                     9.7801640441204296e-01
22                                     8.6173772405519578e-01
23                                     9.8247437646808777e-01
24                                     9.7212012074048448e-01
25                                     1.8417614159725153e+00
26                                     1.8752550421144947e+00
27                                     1.2221593622694581e-01
   &COMPONENTS [&Type "ArrayOfIntegers", &Dim (28,4)] "The indices and atomic numbers of the bonding atoms"
                                                         0                           1                           2                           3

0                                                        0                           6                           1                           1
1                                                        0                           6                           2                           1
2                                                        0                           6                           3                           6
3                                                        0                           6                           8                           6
4                                                        0                           6                          12                           6
5                                                        3                           6                           4                           6
6                                                        3                           6                           7                           8
7                                                        4                           6                           5                           8
8                                                        4                           6                           6                           8
9                                                        5                           8                           6                           8
10                                                       7                           8                           8                           6
11                                                       8                           6                           9                           1
12                                                       8                           6                          10                           6
13                                                       8                           6                          17                           6
14                                                      10                           6                          11                           1
15                                                      10                           6                          12                           6
16                                                      12                           6                          13                           6
17                                                      12                           6                          21                           6
18                                                      13                           6                          14                           1
19                                                      13                           6                          15                           6
20                                                      15                           6                          16                           1
21                                                      15                           6                          17                           6
22                                                      17                           6                          18                           1
23                                                      17                           6                          19                           8
24                                                      19                           8                          20                           1
25                                                      21                           6                          22                           8
26                                                      21                           6                          23                           8
27                                                      22                           8                          23                           8
   &ATNO [&Type "ArrayOfIntegers", &Dim (24,1)] "Atomic number of the elements"
                                                         0

0                                                        6
1                                                        1
2                                                        1
3                                                        6
4                                                        6
5                                                        8
6                                                        8
7                                                        8
8                                                        6
9                                                        1
10                                                       6
11                                                       1
12                                                       6
13                                                       6
14                                                       1
15                                                       6
16                                                       1
17                                                       6
18                                                       1
19                                                       8
20                                                       1
21                                                       6
22                                                       8
23                                                       8
   &NA [&Type "ArrayOfDoubles", &Dim (24,1)] "Mulliken gross atomic population"
                                                         0

0                                      5.9284025045757556e+00
1                                      1.0286290457624241e+00
2                                      1.0153068324801540e+00
3                                      6.0374552768116105e+00
4                                      5.9209239825242328e+00
5                                      8.4021803551986167e+00
6                                      8.4240963890163219e+00
7                                      8.3251151480975221e+00
8                                      5.9305468103742385e+00
9                                      1.0801429573061203e+00
10                                     5.9798596162403372e+00
11                                     1.0630772195480731e+00
12                                     6.1229893440860073e+00
13                                     5.9380918462736183e+00
14                                     1.0525036401227144e+00
15                                     6.0233973563295988e+00
16                                     1.0734515715398243e+00
17                                     5.7156862612600747e+00
18                                     1.0048816294009830e+00
19                                     8.3524390155799590e+00
20                                     8.6112718258832588e-01
21                                     5.9022636458626474e+00
22                                     8.4110609647457775e+00
23                                     8.4063714042750117e+00
   &ZA [&Type "ArrayOfDoubles", &Dim (24,1)] "Total nuclear charge"
                                                         0

0                                      6.0000000000000000e+00
1                                      1.0000000000000000e+00
2                                      1.0000000000000000e+00
3                                      6.0000000000000000e+00
4                                      6.0000000000000000e+00
5                                      8.0000000000000000e+00
6                                      8.0000000000000000e+00
7                                      8.0000000000000000e+00
8                                      6.0000000000000000e+00
9                                      1.0000000000000000e+00
10                                     6.0000000000000000e+00
11                                     1.0000000000000000e+00
12                                     6.0000000000000000e+00
13                                     6.0000000000000000e+00
14                                     1.0000000000000000e+00
15                                     6.0000000000000000e+00
16                                     1.0000000000000000e+00
17                                     6.0000000000000000e+00
18                                     1.0000000000000000e+00
19                                     8.0000000000000000e+00
20                                     1.0000000000000000e+00
21                                     6.0000000000000000e+00
22                                     8.0000000000000000e+00
23                                     8.0000000000000000e+00
   &QA [&Type "ArrayOfDoubles", &Dim (24,1)] "Mulliken gross atomic charge"
                                                         0

0                                      7.1597495424244428e-02
1                                     -2.8629045762424088e-02
2                                     -1.5306832480153965e-02
3                                     -3.7455276811610538e-02
4                                      7.9076017475767202e-02
5                                     -4.0218035519861672e-01
6                                     -4.2409638901632185e-01
7                                     -3.2511514809752207e-01
8                                      6.9453189625761524e-02
9                                     -8.0142957306120310e-02
10                                     2.0140383759662761e-02
11                                    -6.3077219548073105e-02
12                                    -1.2298934408600726e-01
13                                     6.1908153726381698e-02
14                                    -5.2503640122714357e-02
15                                    -2.3397356329598828e-02
16                                    -7.3451571539824290e-02
17                                     2.8431373873992527e-01
18                                    -4.8816294009830230e-03
19                                    -3.5243901557995905e-01
20                                     1.3887281741167412e-01
21                                     9.7736354137352599e-02
22                                    -4.1106096474577747e-01
23                                    -4.0637140427501173e-01
   &VA [&Type "ArrayOfDoubles", &Dim (24,1)] "Mayer's total valence"
                                                         0

0                                      3.8223934473126722e+00
1                                      1.0212274825865526e+00
2                                      1.0271989068731469e+00
3                                      4.0230684101894223e+00
4                                      4.4759478579316756e+00
5                                      2.0924771571117819e+00
6                                      2.0673707187585113e+00
7                                      2.1263966416395905e+00
8                                      3.9095017749108658e+00
9                                      9.8812994396807419e-01
10                                     3.9074771738699998e+00
11                                     1.0346615202485114e+00
12                                     3.6982254535829373e+00
13                                     3.8983095982383102e+00
14                                     1.0321189924706564e+00
15                                     3.8785984505817552e+00
16                                     9.8522457429264498e-01
17                                     3.8304208921534588e+00
18                                     1.0704053122387465e+00
19                                     1.9955577521831822e+00
20                                     1.0248743507459324e+00
21                                     4.5393534395602018e+00
22                                     2.0770122018538695e+00
23                                     2.0974128860637227e+00
   &BVA [&Type "ArrayOfDoubles", &Dim (24,1)] "Mayer's bonded valence"
                                                         0

0                                      3.8223934473126433e+00
1                                      1.0212274825865499e+00
2                                      1.0271989068731411e+00
3                                      4.0230684101894107e+00
4                                      4.4759478579316765e+00
5                                      2.0924771571117509e+00
6                                      2.0673707187585508e+00
7                                      2.1263966416395661e+00
8                                      3.9095017749108751e+00
9                                      9.8812994396808929e-01
10                                     3.9074771738700118e+00
11                                     1.0346615202485094e+00
12                                     3.6982254535828649e+00
13                                     3.8983095982382476e+00
14                                     1.0321189924706486e+00
15                                     3.8785984505817450e+00
16                                     9.8522457429263244e-01
17                                     3.8304208921534757e+00
18                                     1.0704053122387420e+00
19                                     1.9955577521832519e+00
20                                     1.0248743507459352e+00
21                                     4.5393534395602151e+00
22                                     2.0770122018539068e+00
23                                     2.0974128860637173e+00
   &FA [&Type "ArrayOfDoubles", &Dim (24,1)] "Mayer's free valence"
                                                         0

0                                      0.0000000000000000e+00
1                                      0.0000000000000000e+00
2                                      0.0000000000000000e+00
3                                      0.0000000000000000e+00
4                                      0.0000000000000000e+00
5                                      0.0000000000000000e+00
6                                      0.0000000000000000e+00
7                                      0.0000000000000000e+00
8                                      0.0000000000000000e+00
9                                      0.0000000000000000e+00
10                                     0.0000000000000000e+00
11                                     0.0000000000000000e+00
12                                     0.0000000000000000e+00
13                                     0.0000000000000000e+00
14                                     0.0000000000000000e+00
15                                     0.0000000000000000e+00
16                                     0.0000000000000000e+00
17                                     0.0000000000000000e+00
18                                     0.0000000000000000e+00
19                                     0.0000000000000000e+00
20                                     0.0000000000000000e+00
21                                     0.0000000000000000e+00
22                                     0.0000000000000000e+00
23                                     0.0000000000000000e+00
$End
$VdW_Correction
   &GeometryIndex 1
   &ListStatus       OUT
   &VDW [&Type "Double"]      -5.6409123255500834e-02
$End
$Calculation_Info
   &GeometryIndex 1
   &ListStatus       OUT
   &MULT [&Type "Integer"] 1
   &CHARGE [&Type "Integer"] -2
   &NUMOFATOMS [&Type "Integer"] 24
   &NUMOFELECTRONS [&Type "Integer"] 118
   &NUMOFFCELECTRONS [&Type "Integer"] 1
   &NUMOFCORRELECTRONS [&Type "Integer"] 0
   &NUMOFBASISFUNCTS [&Type "Integer"] 264
   &NUMOFAUXCBASISFUNCTS [&Type "Integer"] 0
   &NUMOFAUXJBASISFUNCTS [&Type "Integer"] 872
   &NUMOFAUXJKBASISFUNCTS [&Type "Integer"] 0
   &NUMOFCABSBASISFUNCTS [&Type "Integer"] 0
   &TOTALENERGY [&Type "Double"]      -8.3611825165955167e+02  "Hartrees"
$End
$SCF_Dipole_Moment
   &GeometryIndex 1
   &ListStatus       OUT
   &METHOD [&Type "String"] "SCF"
   &LEVEL [&Type "String"] "Relaxed density"
   &MULT [&Type "Integer"] 1
   &STATE [&Type "Integer"] -1
   &IRREP [&Type "Integer"] 0
   &NATOMS [&Type "Integer"] 24
   &DODIPOLEATOM [&Type "Boolean"] false
   &DIPOLEELECCONTRIB [&Type "ArrayOfDoubles", &Dim (3,1)] "Electronic contribution"
                                                         0

0                                      1.4072440943165487e+00
1                                      1.3095987548442409e+00
2                                      6.7030356248052270e-01
   &DIPOLENUCCONTRIB [&Type "ArrayOfDoubles", &Dim (3,1)] "Nuclear contribution"
                                                         0

0                                     -3.2072863342775264e+00
1                                     -3.9005766163256084e+00
2                                     -1.0645319819924026e+00
   &DIPOLETOTAL [&Type "ArrayOfDoubles", &Dim (3,1)] "Total"
                                                         0

0                                     -1.8000422399609777e+00
1                                     -2.5909778614813677e+00
2                                     -3.9422841951187992e-01
   &DIPOLEMAGNITUDE [&Type "Double", &Units "a.u."]       3.1794235941568294e+00
$End
