*************************************************
******************* ORCA 6.0.1 ******************
*************************************************
$Calculation_Status
   &GeometryIndex 1
   &ListStatus       OUT
   &VERSION [&Type "String"] "6.0.1"
   &PROGNAME [&Type "String"] "LeanSCF"
   &STATUS [&Type "String"] "NORMAL TERMINATION"
$End
$Geometry
   &GeometryIndex 1
   &ListStatus       OUT
   &NATOMS [&Type "Integer"] 24
   &NCORELESSECP [&Type "Integer"] 0
   &NGHOSTATOMS [&Type "Integer"] 0
   &CartesianCoordinates [&Type "Coordinates", &Dim(24,4), &Units "Bohr"] 
              C     76.739476475246   39.635139856611   89.076887820944
              H     78.398911683384   38.660611899341   88.353840143646
              H     76.815787649693   41.675042785851   89.328289946801
              C     74.862719411422   38.256067305483   90.320226442735
              C     72.754856098280   39.589260121014   91.844107165753
              O     73.185306547455   41.781548886732   92.612180412849
              O     70.788175830844   38.310802058239   92.275709625597
              O     74.734726676629   35.870592836030   90.098752807008
              C     73.111213865285   34.946714361266   86.364677085121
              H     73.141234764717   32.913584077454   86.712494472621
              C     75.113874100319   36.098139072457   85.167103196841
              H     76.864124654220   35.079180097900   84.810216912928
              C     75.107560105240   38.724054656075   84.803295930984
              C     72.696649902116   40.067583508785   84.997121924012
              H     72.636066525781   42.037236242436   84.407696338599
              C     70.610848902737   38.920340464184   85.878510260396
              H     68.854941064276   39.985104520921   86.082012756722
              C     70.552690454092   36.178638234918   86.613379844698
              H     69.927961149017   36.046660226901   88.593753501563
              O     68.866842550839   34.871265444506   84.979330796931
              H     67.603142024135   33.843063846529   85.990660941827
              C     77.386075284999   39.895068232379   83.463736376376
              O     79.314758568861   38.523160978636   83.304839570554
              O     77.249447088639   42.128124007342   82.642568110923
$End
$SCF_Energy
   &GeometryIndex 1
   &ListStatus       OUT
   &SCF_ENERGY [&Type "Double"]      -8.3606115450508310e+02
$End
$DFT_Energy
   &GeometryIndex 1
   &ListStatus       OUT
   &NALPHAEL [&Type "Integer"] 59
   &NBETAEL [&Type "Integer"] 59
   &NTOTALEL [&Type "Integer"] 118
   &EEXCHANGE [&Type "Double"]      -8.3083139544075323e+01
   &ECORR [&Type "Double"]      -4.8421272254689729e+00
   &ECNL [&Type "Double"]       0.0000000000000000e+00
   &EXC [&Type "Double"]      -8.7925266769544294e+01
   &EEMBED [&Type "Double"]       0.0000000000000000e+00
   &FINALEN [&Type "Double"]      -8.3606115450508310e+02  "No Van der Waals correction"
$End
$Mulliken_Population_Analysis
   &GeometryIndex 1
   &ListStatus       OUT
   &NATOMS [&Type "Integer"] 24
   &ATNO [&Type "ArrayOfIntegers", &Dim (24,1)] 
                                                         0

0                                                        6
1                                                        1
2                                                        1
3                                                        6
4                                                        6
5                                                        8
6                                                        8
7                                                        8
8                                                        6
9                                                        1
10                                                       6
11                                                       1
12                                                       6
13                                                       6
14                                                       1
15                                                       6
16                                                       1
17                                                       6
18                                                       1
19                                                       8
20                                                       1
21                                                       6
22                                                       8
23                                                       8
   &ATOMICCHARGES [&Type "ArrayOfDoubles", &Dim (24,1)] 
                                                         0

0                                      7.4050666527052833e-02
1                                     -2.3475477658535304e-02
2                                     -1.6416189519115276e-02
3                                     -3.5153210553138692e-02
4                                      7.6034166513353263e-02
5                                     -4.0392800083268021e-01
6                                     -4.1875477997312949e-01
7                                     -3.1827628968875210e-01
8                                      6.6241833934292060e-02
9                                     -7.8020838015917082e-02
10                                     2.8411830110391278e-02
11                                    -6.0098187881419740e-02
12                                    -1.2697369454996554e-01
13                                     5.6389997299951311e-02
14                                    -6.0907555935868496e-02
15                                    -3.2424975706844883e-02
16                                    -7.4010474307064866e-02
17                                     2.8201719217167831e-01
18                                     4.4226985184652179e-03
19                                    -3.5689790758815398e-01
20                                     1.4054154210975001e-01
21                                     9.6439039169176510e-02
22                                    -4.1266874693853062e-01
23                                    -4.0654263720491812e-01
$End
$Loewdin_Population_Analysis
   &GeometryIndex 1
   &ListStatus       OUT
   &NATOMS [&Type "Integer"] 24
   &ATNO [&Type "ArrayOfIntegers", &Dim (24,1)] 
                                                         0

0                                                        6
1                                                        1
2                                                        1
3                                                        6
4                                                        6
5                                                        8
6                                                        8
7                                                        8
8                                                        6
9                                                        1
10                                                       6
11                                                       1
12                                                       6
13                                                       6
14                                                       1
15                                                       6
16                                                       1
17                                                       6
18                                                       1
19                                                       8
20                                                       1
21                                                       6
22                                                       8
23                                                       8
   &ATOMICCHARGES [&Type "ArrayOfDoubles", &Dim (24,1)] 
                                                         0

0                                     -4.8794535069128564e-02
1                                      8.4077809366525091e-03
2                                      9.5106932699949853e-03
3                                     -3.1660599219528685e-02
4                                     -6.5662604339554953e-02
5                                     -3.6985876490698111e-01
6                                     -3.8286601049813029e-01
7                                     -2.0542143992662787e-01
8                                      3.6148741486797142e-02
9                                     -2.6160989004211377e-03
10                                    -4.7774190608928180e-02
11                                     8.1357098777546932e-03
12                                    -1.2518035152904616e-02
13                                    -1.4273421887398996e-02
14                                     1.1487806984581850e-02
15                                    -4.7024393311223989e-02
16                                    -3.2774461357520934e-05
17                                     4.5240796098171110e-02
18                                     1.6279652635259767e-02
19                                    -1.8023534371595140e-01
20                                     7.4943745643388238e-02
21                                    -3.9795564202965039e-02
22                                    -3.8006423362064723e-01
23                                    -3.8155691711075690e-01
$End
$Mayer_Population_Analysis
   &GeometryIndex 1
   &ListStatus       OUT
   &NATOMS [&Type "Integer"] 24 "Total number of atoms"
   &BONDTHRESH [&Type "Double"]       1.0000000000000001e-01  "The threshold for printing"
   &NBONDORDERSPRINT [&Type "Integer"] 29 "The number of bond orders larger than threshold"
   &BONDORDERS [&Type "ArrayOfDoubles", &Dim (29,1)] "The bond orders"
                                                         0

0                                      9.0523045192130169e-01
1                                      9.2696993013669560e-01
2                                      1.4118195861754341e+00
3                                      1.2253115012533609e-01
4                                      3.6703646258479411e-01
5                                      8.1369459925645349e-01
6                                      1.6550203238822327e+00
7                                      1.8657467064944844e+00
8                                      1.7862336873778066e+00
9                                      1.2739496438311879e-01
10                                     1.2644123943235516e-01
11                                     2.5400756497870475e-01
12                                     9.4226881320442513e-01
13                                     1.4812560333461924e+00
14                                     9.9007158230731918e-01
15                                     9.5099537617928076e-01
16                                     1.3334791659850818e+00
17                                     1.0560810401262359e+00
18                                     8.2743345275863711e-01
19                                     9.7199691004785349e-01
20                                     1.7714819577798813e+00
21                                     9.5593619602665436e-01
22                                     9.7842757207197306e-01
23                                     8.5059833239334592e-01
24                                     9.7892395321511738e-01
25                                     9.7114238134244879e-01
26                                     1.8229483782115947e+00
27                                     1.8944395971356474e+00
28                                     1.1917349675111977e-01
   &COMPONENTS [&Type "ArrayOfIntegers", &Dim (29,4)] "The indices and atomic numbers of the bonding atoms"
                                                         0                           1                           2                           3

0                                                        0                           6                           1                           1
1                                                        0                           6                           2                           1
2                                                        0                           6                           3                           6
3                                                        0                           6                           8                           6
4                                                        0                           6                          12                           6
5                                                        3                           6                           4                           6
6                                                        3                           6                           7                           8
7                                                        4                           6                           5                           8
8                                                        4                           6                           6                           8
9                                                        5                           8                           6                           8
10                                                       6                           8                          18                           1
11                                                       7                           8                           8                           6
12                                                       8                           6                           9                           1
13                                                       8                           6                          10                           6
14                                                       8                           6                          17                           6
15                                                      10                           6                          11                           1
16                                                      10                           6                          12                           6
17                                                      12                           6                          13                           6
18                                                      12                           6                          21                           6
19                                                      13                           6                          14                           1
20                                                      13                           6                          15                           6
21                                                      15                           6                          16                           1
22                                                      15                           6                          17                           6
23                                                      17                           6                          18                           1
24                                                      17                           6                          19                           8
25                                                      19                           8                          20                           1
26                                                      21                           6                          22                           8
27                                                      21                           6                          23                           8
28                                                      22                           8                          23                           8
   &ATNO [&Type "ArrayOfIntegers", &Dim (24,1)] "Atomic number of the elements"
                                                         0

0                                                        6
1                                                        1
2                                                        1
3                                                        6
4                                                        6
5                                                        8
6                                                        8
7                                                        8
8                                                        6
9                                                        1
10                                                       6
11                                                       1
12                                                       6
13                                                       6
14                                                       1
15                                                       6
16                                                       1
17                                                       6
18                                                       1
19                                                       8
20                                                       1
21                                                       6
22                                                       8
23                                                       8
   &NA [&Type "ArrayOfDoubles", &Dim (24,1)] "Mulliken gross atomic population"
                                                         0

0                                      5.9259493334729543e+00
1                                      1.0234754776585329e+00
2                                      1.0164161895191137e+00
3                                      6.0351532105531174e+00
4                                      5.9239658334866414e+00
5                                      8.4039280008326767e+00
6                                      8.4187547799731455e+00
7                                      8.3182762896887414e+00
8                                      5.9337581660657115e+00
9                                      1.0780208380159140e+00
10                                     5.9715881698896158e+00
11                                     1.0600981878814197e+00
12                                     6.1269736945499575e+00
13                                     5.9436100027000682e+00
14                                     1.0609075559358687e+00
15                                     6.0324249757068511e+00
16                                     1.0740104743070638e+00
17                                     5.7179828078283350e+00
18                                     9.9557730148153678e-01
19                                     8.3568979075881433e+00
20                                     8.5945845789025088e-01
21                                     5.9035609608308297e+00
22                                     8.4126687469384969e+00
23                                     8.4065426372048986e+00
   &ZA [&Type "ArrayOfDoubles", &Dim (24,1)] "Total nuclear charge"
                                                         0

0                                      6.0000000000000000e+00
1                                      1.0000000000000000e+00
2                                      1.0000000000000000e+00
3                                      6.0000000000000000e+00
4                                      6.0000000000000000e+00
5                                      8.0000000000000000e+00
6                                      8.0000000000000000e+00
7                                      8.0000000000000000e+00
8                                      6.0000000000000000e+00
9                                      1.0000000000000000e+00
10                                     6.0000000000000000e+00
11                                     1.0000000000000000e+00
12                                     6.0000000000000000e+00
13                                     6.0000000000000000e+00
14                                     1.0000000000000000e+00
15                                     6.0000000000000000e+00
16                                     1.0000000000000000e+00
17                                     6.0000000000000000e+00
18                                     1.0000000000000000e+00
19                                     8.0000000000000000e+00
20                                     1.0000000000000000e+00
21                                     6.0000000000000000e+00
22                                     8.0000000000000000e+00
23                                     8.0000000000000000e+00
   &QA [&Type "ArrayOfDoubles", &Dim (24,1)] "Mulliken gross atomic charge"
                                                         0

0                                      7.4050666527045728e-02
1                                     -2.3475477658532862e-02
2                                     -1.6416189519113722e-02
3                                     -3.5153210553117376e-02
4                                      7.6034166513358592e-02
5                                     -4.0392800083267666e-01
6                                     -4.1875477997314547e-01
7                                     -3.1827628968874144e-01
8                                      6.6241833934288508e-02
9                                     -7.8020838015913974e-02
10                                     2.8411830110384173e-02
11                                    -6.0098187881419740e-02
12                                    -1.2697369454995755e-01
13                                     5.6389997299931771e-02
14                                    -6.0907555935868718e-02
15                                    -3.2424975706851100e-02
16                                    -7.4010474307063756e-02
17                                     2.8201719217166499e-01
18                                     4.4226985184632195e-03
19                                    -3.5689790758814333e-01
20                                     1.4054154210974912e-01
21                                     9.6439039169170293e-02
22                                    -4.1266874693849687e-01
23                                    -4.0654263720489858e-01
   &VA [&Type "ArrayOfDoubles", &Dim (24,1)] "Mayer's total valence"
                                                         0

0                                      3.8177135479530628e+00
1                                      1.0291184510248255e+00
2                                      1.0190018588202649e+00
3                                      4.0186819586907507e+00
4                                      4.4653744150441907e+00
5                                      2.0885013521270532e+00
6                                      2.0683436436113594e+00
7                                      2.1299637057366541e+00
8                                      3.8927229767673399e+00
9                                      9.8949237174863969e-01
10                                     3.9067001956841407e+00
11                                     1.0429511820809856e+00
12                                     3.6775800566708878e+00
13                                     3.8842029436574004e+00
14                                     1.0249538523340413e+00
15                                     3.8781598180395798e+00
16                                     9.8363374421783301e-01
17                                     3.8130259576403378e+00
18                                     1.0873024138866469e+00
19                                     1.9937090383553828e+00
20                                     1.0238375168245257e+00
21                                     4.5375944393392906e+00
22                                     2.0732360271653842e+00
23                                     2.0959763308655015e+00
   &BVA [&Type "ArrayOfDoubles", &Dim (24,1)] "Mayer's bonded valence"
                                                         0

0                                      3.8177135479529980e+00
1                                      1.0291184510248235e+00
2                                      1.0190018588202590e+00
3                                      4.0186819586907605e+00
4                                      4.4653744150441934e+00
5                                      2.0885013521270488e+00
6                                      2.0683436436113389e+00
7                                      2.1299637057366625e+00
8                                      3.8927229767673874e+00
9                                      9.8949237174865767e-01
10                                     3.9067001956841225e+00
11                                     1.0429511820809896e+00
12                                     3.6775800566708856e+00
13                                     3.8842029436573875e+00
14                                     1.0249538523340456e+00
15                                     3.8781598180395678e+00
16                                     9.8363374421783223e-01
17                                     3.8130259576403107e+00
18                                     1.0873024138866441e+00
19                                     1.9937090383553868e+00
20                                     1.0238375168245155e+00
21                                     4.5375944393392746e+00
22                                     2.0732360271654184e+00
23                                     2.0959763308654846e+00
   &FA [&Type "ArrayOfDoubles", &Dim (24,1)] "Mayer's free valence"
                                                         0

0                                      0.0000000000000000e+00
1                                      0.0000000000000000e+00
2                                      0.0000000000000000e+00
3                                      0.0000000000000000e+00
4                                      0.0000000000000000e+00
5                                      0.0000000000000000e+00
6                                      0.0000000000000000e+00
7                                      0.0000000000000000e+00
8                                      0.0000000000000000e+00
9                                      0.0000000000000000e+00
10                                     0.0000000000000000e+00
11                                     0.0000000000000000e+00
12                                     0.0000000000000000e+00
13                                     0.0000000000000000e+00
14                                     0.0000000000000000e+00
15                                     0.0000000000000000e+00
16                                     0.0000000000000000e+00
17                                     0.0000000000000000e+00
18                                     0.0000000000000000e+00
19                                     0.0000000000000000e+00
20                                     0.0000000000000000e+00
21                                     0.0000000000000000e+00
22                                     0.0000000000000000e+00
23                                     0.0000000000000000e+00
$End
$VdW_Correction
   &GeometryIndex 1
   &ListStatus       OUT
   &VDW [&Type "Double"]      -5.5973881495683331e-02
$End
$Calculation_Info
   &GeometryIndex 1
   &ListStatus       OUT
   &MULT [&Type "Integer"] 1
   &CHARGE [&Type "Integer"] -2
   &NUMOFATOMS [&Type "Integer"] 24
   &NUMOFELECTRONS [&Type "Integer"] 118
   &NUMOFFCELECTRONS [&Type "Integer"] 1
   &NUMOFCORRELECTRONS [&Type "Integer"] 0
   &NUMOFBASISFUNCTS [&Type "Integer"] 264
   &NUMOFAUXCBASISFUNCTS [&Type "Integer"] 0
   &NUMOFAUXJBASISFUNCTS [&Type "Integer"] 872
   &NUMOFAUXJKBASISFUNCTS [&Type "Integer"] 0
   &NUMOFCABSBASISFUNCTS [&Type "Integer"] 0
   &TOTALENERGY [&Type "Double"]      -8.3611712838657877e+02  "Hartrees"
$End
$SCF_Dipole_Moment
   &GeometryIndex 1
   &ListStatus       OUT
   &METHOD [&Type "String"] "SCF"
   &LEVEL [&Type "String"] "Relaxed density"
   &MULT [&Type "Integer"] 1
   &STATE [&Type "Integer"] -1
   &IRREP [&Type "Integer"] 0
   &NATOMS [&Type "Integer"] 24
   &DODIPOLEATOM [&Type "Boolean"] false
   &DIPOLEELECCONTRIB [&Type "ArrayOfDoubles", &Dim (3,1)] "Electronic contribution"
                                                         0

0                                      1.5596897984154312e+00
1                                      9.4062061243611617e-01
2                                      9.0379933466013507e-01
   &DIPOLENUCCONTRIB [&Type "ArrayOfDoubles", &Dim (3,1)] "Nuclear contribution"
                                                         0

0                                     -3.5210200819576727e+00
1                                     -3.2685350490447291e+00
2                                     -1.5983844904478275e+00
   &DIPOLETOTAL [&Type "ArrayOfDoubles", &Dim (3,1)] "Total"
                                                         0

0                                     -1.9613302835422415e+00
1                                     -2.3279144366086131e+00
2                                     -6.9458515578769242e-01
   &DIPOLEMAGNITUDE [&Type "Double", &Units "a.u."]       3.1222508938186402e+00
$End
