*************************************************
******************* ORCA 6.0.1 ******************
*************************************************
$Calculation_Status
   &GeometryIndex 1
   &ListStatus       OUT
   &VERSION [&Type "String"] "6.0.1"
   &PROGNAME [&Type "String"] "LeanSCF"
   &STATUS [&Type "String"] "NORMAL TERMINATION"
$End
$Geometry
   &GeometryIndex 1
   &ListStatus       OUT
   &NATOMS [&Type "Integer"] 24
   &NCORELESSECP [&Type "Integer"] 0
   &NGHOSTATOMS [&Type "Integer"] 0
   &CartesianCoordinates [&Type "Coordinates", &Dim(24,4), &Units "Bohr"] 
              C     77.035767147451   39.391651331915   88.977882011064
              H     78.790582987244   38.480182731002   88.433530538485
              H     76.961427675628   41.442246206576   89.082583070390
              C     75.190317398542   37.999461947386   90.250241263690
              C     72.921789052672   39.326285432034   91.524595575877
              O     72.761383826797   41.700286649527   91.402885014687
              O     71.382098966793   37.937323201173   92.658211957309
              O     75.201868462486   35.601709692676   90.253119124716
              C     73.539348223233   34.436405972613   86.412458107616
              H     73.560096694837   32.426452339223   86.876863193889
              C     75.591739207223   35.535497032463   85.265511328882
              H     77.364280341923   34.527735930244   85.018041093896
              C     75.591401289257   38.113010727499   84.647530833743
              C     73.198418153394   39.495682141862   84.733435241076
              H     73.187241865353   41.437535234343   84.046976340395
              C     71.082023075487   38.407825632605   85.619656490533
              H     69.311180186374   39.465937486489   85.690883854880
              C     70.984332997693   35.703684710256   86.489444530520
              H     70.279122728234   35.664222441139   88.452469421222
              O     69.326600958856   34.356232114477   84.859417440265
              H     68.167380349399   33.225963045372   85.872687149197
              C     77.773841091808   39.063897786119   82.968995780789
              O     79.608219106919   37.607151265055   82.642175321984
              O     77.522529916782   41.188106597986   81.927772451963
$End
$SCF_Energy
   &GeometryIndex 1
   &ListStatus       OUT
   &SCF_ENERGY [&Type "Double"]      -8.3605782170111468e+02
$End
$DFT_Energy
   &GeometryIndex 1
   &ListStatus       OUT
   &NALPHAEL [&Type "Integer"] 59
   &NBETAEL [&Type "Integer"] 59
   &NTOTALEL [&Type "Integer"] 118
   &EEXCHANGE [&Type "Double"]      -8.3080915743392950e+01
   &ECORR [&Type "Double"]      -4.8399751683720913e+00
   &ECNL [&Type "Double"]       0.0000000000000000e+00
   &EXC [&Type "Double"]      -8.7920890911765042e+01
   &EEMBED [&Type "Double"]       0.0000000000000000e+00
   &FINALEN [&Type "Double"]      -8.3605782170111468e+02  "No Van der Waals correction"
$End
$Mulliken_Population_Analysis
   &GeometryIndex 1
   &ListStatus       OUT
   &NATOMS [&Type "Integer"] 24
   &ATNO [&Type "ArrayOfIntegers", &Dim (24,1)] 
                                                         0

0                                                        6
1                                                        1
2                                                        1
3                                                        6
4                                                        6
5                                                        8
6                                                        8
7                                                        8
8                                                        6
9                                                        1
10                                                       6
11                                                       1
12                                                       6
13                                                       6
14                                                       1
15                                                       6
16                                                       1
17                                                       6
18                                                       1
19                                                       8
20                                                       1
21                                                       6
22                                                       8
23                                                       8
   &ATOMICCHARGES [&Type "ArrayOfDoubles", &Dim (24,1)] 
                                                         0

0                                      7.7897245899696266e-02
1                                     -3.3891224181052948e-02
2                                     -1.8934509747992267e-02
3                                     -4.5174657222740500e-02
4                                      6.1963248970188012e-02
5                                     -4.0980706061436756e-01
6                                     -4.1238063453615226e-01
7                                     -3.1148339738492403e-01
8                                      6.2346077837132086e-02
9                                     -7.6021120195922665e-02
10                                     2.8987319096304809e-02
11                                    -5.9007141565265320e-02
12                                    -1.1829092436091848e-01
13                                     7.0528920044880650e-02
14                                    -5.3183078516415350e-02
15                                    -3.3247002046141283e-02
16                                    -6.9541764046221033e-02
17                                     2.6880431629178325e-01
18                                     4.6700310955045676e-03
19                                    -3.5113744323490081e-01
20                                     1.3914813944221505e-01
21                                     8.7553117069861131e-02
22                                    -4.0430301450678741e-01
23                                    -4.0549544358779066e-01
$End
$Loewdin_Population_Analysis
   &GeometryIndex 1
   &ListStatus       OUT
   &NATOMS [&Type "Integer"] 24
   &ATNO [&Type "ArrayOfIntegers", &Dim (24,1)] 
                                                         0

0                                                        6
1                                                        1
2                                                        1
3                                                        6
4                                                        6
5                                                        8
6                                                        8
7                                                        8
8                                                        6
9                                                        1
10                                                       6
11                                                       1
12                                                       6
13                                                       6
14                                                       1
15                                                       6
16                                                       1
17                                                       6
18                                                       1
19                                                       8
20                                                       1
21                                                       6
22                                                       8
23                                                       8
   &ATOMICCHARGES [&Type "ArrayOfDoubles", &Dim (24,1)] 
                                                         0

0                                     -5.9371704918006252e-02
1                                      4.6225677064224424e-03
2                                      8.5372084088118916e-03
3                                     -3.1681253156619071e-02
4                                     -7.5074170632051462e-02
5                                     -3.8095586496902278e-01
6                                     -3.7797730637193361e-01
7                                     -2.0728984891651869e-01
8                                      2.3555976057410888e-02
9                                     -1.6130624175871855e-03
10                                    -3.9400857853438609e-02
11                                     9.2468358575097387e-03
12                                    -6.9201140970180930e-03
13                                    -5.0688458825502991e-03
14                                     1.4817662795752806e-02
15                                    -4.8107889720430563e-02
16                                     1.9083034691638190e-03
17                                     4.8454909981220595e-02
18                                     1.8528435568666679e-02
19                                    -1.7621485973721818e-01
20                                     7.2910608530118437e-02
21                                    -4.1087855478519231e-02
22                                    -3.7434383852114017e-01
23                                    -3.7747503570305696e-01
$End
$Mayer_Population_Analysis
   &GeometryIndex 1
   &ListStatus       OUT
   &NATOMS [&Type "Integer"] 24 "Total number of atoms"
   &BONDTHRESH [&Type "Double"]       1.0000000000000001e-01  "The threshold for printing"
   &NBONDORDERSPRINT [&Type "Integer"] 28 "The number of bond orders larger than threshold"
   &BONDORDERS [&Type "ArrayOfDoubles", &Dim (28,1)] "The bond orders"
                                                         0

0                                      9.0695669841783366e-01
1                                      9.1904211401856950e-01
2                                      1.4002810870263807e+00
3                                      1.2858763386163430e-01
4                                      3.6350608891568981e-01
5                                      8.0886721370115056e-01
6                                      1.7005737284650395e+00
7                                      1.8581495794931586e+00
8                                      1.8197661960792224e+00
9                                      1.2206098655103641e-01
10                                     2.1485666674200082e-01
11                                     9.4757467603308343e-01
12                                     1.5065759924077256e+00
13                                     9.8677392942836706e-01
14                                     9.5713856328695734e-01
15                                     1.3126977650039484e+00
16                                     1.0704562722137989e+00
17                                     8.2669231004101451e-01
18                                     9.7126225137314015e-01
19                                     1.7699621453226391e+00
20                                     9.5865681110337508e-01
21                                     9.8302916896048909e-01
22                                     8.6425635342929186e-01
23                                     9.7873441546776685e-01
24                                     9.7148907464172063e-01
25                                     1.8508658013001744e+00
26                                     1.8796656039742212e+00
27                                     1.2435708134305480e-01
   &COMPONENTS [&Type "ArrayOfIntegers", &Dim (28,4)] "The indices and atomic numbers of the bonding atoms"
                                                         0                           1                           2                           3

0                                                        0                           6                           1                           1
1                                                        0                           6                           2                           1
2                                                        0                           6                           3                           6
3                                                        0                           6                           8                           6
4                                                        0                           6                          12                           6
5                                                        3                           6                           4                           6
6                                                        3                           6                           7                           8
7                                                        4                           6                           5                           8
8                                                        4                           6                           6                           8
9                                                        5                           8                           6                           8
10                                                       7                           8                           8                           6
11                                                       8                           6                           9                           1
12                                                       8                           6                          10                           6
13                                                       8                           6                          17                           6
14                                                      10                           6                          11                           1
15                                                      10                           6                          12                           6
16                                                      12                           6                          13                           6
17                                                      12                           6                          21                           6
18                                                      13                           6                          14                           1
19                                                      13                           6                          15                           6
20                                                      15                           6                          16                           1
21                                                      15                           6                          17                           6
22                                                      17                           6                          18                           1
23                                                      17                           6                          19                           8
24                                                      19                           8                          20                           1
25                                                      21                           6                          22                           8
26                                                      21                           6                          23                           8
27                                                      22                           8                          23                           8
   &ATNO [&Type "ArrayOfIntegers", &Dim (24,1)] "Atomic number of the elements"
                                                         0

0                                                        6
1                                                        1
2                                                        1
3                                                        6
4                                                        6
5                                                        8
6                                                        8
7                                                        8
8                                                        6
9                                                        1
10                                                       6
11                                                       1
12                                                       6
13                                                       6
14                                                       1
15                                                       6
16                                                       1
17                                                       6
18                                                       1
19                                                       8
20                                                       1
21                                                       6
22                                                       8
23                                                       8
   &NA [&Type "ArrayOfDoubles", &Dim (24,1)] "Mulliken gross atomic population"
                                                         0

0                                      5.9221027541002851e+00
1                                      1.0338912241810563e+00
2                                      1.0189345097479912e+00
3                                      6.0451746572227263e+00
4                                      5.9380367510298209e+00
5                                      8.4098070606143693e+00
6                                      8.4123806345361611e+00
7                                      8.3114833973848956e+00
8                                      5.9376539221628750e+00
9                                      1.0760211201959238e+00
10                                     5.9710126809037067e+00
11                                     1.0590071415652698e+00
12                                     6.1182909243609114e+00
13                                     5.9294710799551176e+00
14                                     1.0531830785164167e+00
15                                     6.0332470020461502e+00
16                                     1.0695417640462244e+00
17                                     5.7311956837082132e+00
18                                     9.9532996890449454e-01
19                                     8.3511374432349239e+00
20                                     8.6085186055778440e-01
21                                     5.9124468829301433e+00
22                                     8.4043030145067625e+00
23                                     8.4054954435877711e+00
   &ZA [&Type "ArrayOfDoubles", &Dim (24,1)] "Total nuclear charge"
                                                         0

0                                      6.0000000000000000e+00
1                                      1.0000000000000000e+00
2                                      1.0000000000000000e+00
3                                      6.0000000000000000e+00
4                                      6.0000000000000000e+00
5                                      8.0000000000000000e+00
6                                      8.0000000000000000e+00
7                                      8.0000000000000000e+00
8                                      6.0000000000000000e+00
9                                      1.0000000000000000e+00
10                                     6.0000000000000000e+00
11                                     1.0000000000000000e+00
12                                     6.0000000000000000e+00
13                                     6.0000000000000000e+00
14                                     1.0000000000000000e+00
15                                     6.0000000000000000e+00
16                                     1.0000000000000000e+00
17                                     6.0000000000000000e+00
18                                     1.0000000000000000e+00
19                                     8.0000000000000000e+00
20                                     1.0000000000000000e+00
21                                     6.0000000000000000e+00
22                                     8.0000000000000000e+00
23                                     8.0000000000000000e+00
   &QA [&Type "ArrayOfDoubles", &Dim (24,1)] "Mulliken gross atomic charge"
                                                         0

0                                      7.7897245899714918e-02
1                                     -3.3891224181056279e-02
2                                     -1.8934509747991157e-02
3                                     -4.5174657222726289e-02
4                                      6.1963248970179130e-02
5                                     -4.0980706061436933e-01
6                                     -4.1238063453616114e-01
7                                     -3.1148339738489561e-01
8                                      6.2346077837124980e-02
9                                     -7.6021120195923775e-02
10                                     2.8987319096293263e-02
11                                    -5.9007141565269761e-02
12                                    -1.1829092436091138e-01
13                                     7.0528920044882426e-02
14                                    -5.3183078516416682e-02
15                                    -3.3247002046150165e-02
16                                    -6.9541764046224364e-02
17                                     2.6880431629178680e-01
18                                     4.6700310955054558e-03
19                                    -3.5113744323492391e-01
20                                     1.3914813944221560e-01
21                                     8.7553117069856690e-02
22                                    -4.0430301450676254e-01
23                                    -4.0549544358777112e-01
   &VA [&Type "ArrayOfDoubles", &Dim (24,1)] "Mayer's total valence"
                                                         0

0                                      3.8022573961216040e+00
1                                      1.0058956253030178e+00
2                                      1.0247439511629550e+00
3                                      4.0424778734395934e+00
4                                      4.4791125420512614e+00
5                                      2.0850305766114512e+00
6                                      2.0574143543589516e+00
7                                      2.1406359294248767e+00
8                                      3.8758564253466945e+00
9                                      9.8837738826851018e-01
10                                     3.9129680183777098e+00
11                                     1.0431302707282146e+00
12                                     3.6660256395241841e+00
13                                     3.9060180845064711e+00
14                                     1.0278465361980873e+00
15                                     3.8753150554190157e+00
16                                     9.8477327117599911e-01
17                                     3.8374029064186339e+00
18                                     1.0579620833146346e+00
19                                     1.9974978390663305e+00
20                                     1.0253393883057966e+00
21                                     4.5538240370127196e+00
22                                     2.0861720147409994e+00
23                                     2.0919109340415609e+00
   &BVA [&Type "ArrayOfDoubles", &Dim (24,1)] "Mayer's bonded valence"
                                                         0

0                                      3.8022573961216568e+00
1                                      1.0058956253030105e+00
2                                      1.0247439511629586e+00
3                                      4.0424778734396583e+00
4                                      4.4791125420512463e+00
5                                      2.0850305766114867e+00
6                                      2.0574143543589294e+00
7                                      2.1406359294249317e+00
8                                      3.8758564253467078e+00
9                                      9.8837738826850619e-01
10                                     3.9129680183776849e+00
11                                     1.0431302707282140e+00
12                                     3.6660256395242117e+00
13                                     3.9060180845064814e+00
14                                     1.0278465361980824e+00
15                                     3.8753150554189904e+00
16                                     9.8477327117600144e-01
17                                     3.8374029064186312e+00
18                                     1.0579620833146282e+00
19                                     1.9974978390662377e+00
20                                     1.0253393883057940e+00
21                                     4.5538240370127339e+00
22                                     2.0861720147410696e+00
23                                     2.0919109340415756e+00
   &FA [&Type "ArrayOfDoubles", &Dim (24,1)] "Mayer's free valence"
                                                         0

0                                      0.0000000000000000e+00
1                                      0.0000000000000000e+00
2                                      0.0000000000000000e+00
3                                      0.0000000000000000e+00
4                                      0.0000000000000000e+00
5                                      0.0000000000000000e+00
6                                      0.0000000000000000e+00
7                                      0.0000000000000000e+00
8                                      0.0000000000000000e+00
9                                      0.0000000000000000e+00
10                                     0.0000000000000000e+00
11                                     0.0000000000000000e+00
12                                     0.0000000000000000e+00
13                                     0.0000000000000000e+00
14                                     0.0000000000000000e+00
15                                     0.0000000000000000e+00
16                                     0.0000000000000000e+00
17                                     0.0000000000000000e+00
18                                     0.0000000000000000e+00
19                                     0.0000000000000000e+00
20                                     0.0000000000000000e+00
21                                     0.0000000000000000e+00
22                                     0.0000000000000000e+00
23                                     0.0000000000000000e+00
$End
$VdW_Correction
   &GeometryIndex 1
   &ListStatus       OUT
   &VDW [&Type "Double"]      -5.5456163227967648e-02
$End
$Calculation_Info
   &GeometryIndex 1
   &ListStatus       OUT
   &MULT [&Type "Integer"] 1
   &CHARGE [&Type "Integer"] -2
   &NUMOFATOMS [&Type "Integer"] 24
   &NUMOFELECTRONS [&Type "Integer"] 118
   &NUMOFFCELECTRONS [&Type "Integer"] 1
   &NUMOFCORRELECTRONS [&Type "Integer"] 0
   &NUMOFBASISFUNCTS [&Type "Integer"] 264
   &NUMOFAUXCBASISFUNCTS [&Type "Integer"] 0
   &NUMOFAUXJBASISFUNCTS [&Type "Integer"] 872
   &NUMOFAUXJKBASISFUNCTS [&Type "Integer"] 0
   &NUMOFCABSBASISFUNCTS [&Type "Integer"] 0
   &TOTALENERGY [&Type "Double"]      -8.3611327786434265e+02  "Hartrees"
$End
$SCF_Dipole_Moment
   &GeometryIndex 1
   &ListStatus       OUT
   &METHOD [&Type "String"] "SCF"
   &LEVEL [&Type "String"] "Relaxed density"
   &MULT [&Type "Integer"] 1
   &STATE [&Type "Integer"] -1
   &IRREP [&Type "Integer"] 0
   &NATOMS [&Type "Integer"] 24
   &DODIPOLEATOM [&Type "Boolean"] false
   &DIPOLEELECCONTRIB [&Type "ArrayOfDoubles", &Dim (3,1)] "Electronic contribution"
                                                         0

0                                      1.5341469409477704e+00
1                                      8.3541910128727803e-01
2                                      5.8471059152913241e-01
   &DIPOLENUCCONTRIB [&Type "ArrayOfDoubles", &Dim (3,1)] "Nuclear contribution"
                                                         0

0                                     -3.2240189512040303e+00
1                                     -3.0714780621384250e+00
2                                     -1.0251356445560162e+00
   &DIPOLETOTAL [&Type "ArrayOfDoubles", &Dim (3,1)] "Total"
                                                         0

0                                     -1.6898720102562599e+00
1                                     -2.2360589608511470e+00
2                                     -4.4042505302688384e-01
   &DIPOLEMAGNITUDE [&Type "Double", &Units "a.u."]       2.8371819319148317e+00
$End
