*************************************************
******************* ORCA 6.0.1 ******************
*************************************************
$Calculation_Status
   &GeometryIndex 1
   &ListStatus       OUT
   &VERSION [&Type "String"] "6.0.1"
   &PROGNAME [&Type "String"] "LeanSCF"
   &STATUS [&Type "String"] "NORMAL TERMINATION"
$End
$Geometry
   &GeometryIndex 1
   &ListStatus       OUT
   &NATOMS [&Type "Integer"] 24
   &NCORELESSECP [&Type "Integer"] 0
   &NGHOSTATOMS [&Type "Integer"] 0
   &CartesianCoordinates [&Type "Coordinates", &Dim(24,4), &Units "Bohr"] 
              C     77.905849597038   34.173807405832   91.247316102522
              H     79.325033923612   32.654467594159   91.211411305977
              H     78.795910606114   35.993613672798   90.808899639452
              C     76.709652954265   34.154910144493   93.832461453726
              C     75.798804957715   36.622892475394   95.147710842935
              O     76.600048838498   38.682693961368   94.284105999733
              O     74.355054191399   36.339433555306   96.990193823508
              O     76.341156358151   32.144241538000   94.871810827383
              C     72.015573237605   31.501734652467   91.026218144853
              H     70.970554685547   29.821768119411   91.621481877038
              C     74.290803502846   31.284416147066   89.958522879187
              H     75.160077524450   29.440043440359   89.688292042037
              C     75.834709754260   33.535079972567   89.166727629074
              C     74.198206922284   35.838656129817   88.866261173781
              H     75.014568612138   37.320201418811   87.679513161678
              C     71.951322549052   36.082430801092   89.979309866660
              H     70.898745092458   37.849324736309   89.803565336206
              C     70.705993026798   33.996173149243   91.470303786324
              H     70.819376594833   34.472384134991   93.509318284825
              O     68.154862746004   33.843105332396   90.697405797550
              H     66.983232542973   33.440593665870   92.160053825206
              C     77.365387922736   32.987059393729   86.694965845905
              O     78.121278376305   30.768520912506   86.332138428192
              O     77.798135207404   34.825762922035   85.290899328402
$End
$SCF_Energy
   &GeometryIndex 1
   &ListStatus       OUT
   &SCF_ENERGY [&Type "Double"]      -8.3611842046831703e+02
$End
$DFT_Energy
   &GeometryIndex 1
   &ListStatus       OUT
   &NALPHAEL [&Type "Integer"] 59
   &NBETAEL [&Type "Integer"] 59
   &NTOTALEL [&Type "Integer"] 118
   &EEXCHANGE [&Type "Double"]      -8.3143179174692563e+01
   &ECORR [&Type "Double"]      -4.8465098888231442e+00
   &ECNL [&Type "Double"]       0.0000000000000000e+00
   &EXC [&Type "Double"]      -8.7989689063515712e+01
   &EEMBED [&Type "Double"]       0.0000000000000000e+00
   &FINALEN [&Type "Double"]      -8.3611842046831703e+02  "No Van der Waals correction"
$End
$Mulliken_Population_Analysis
   &GeometryIndex 1
   &ListStatus       OUT
   &NATOMS [&Type "Integer"] 24
   &ATNO [&Type "ArrayOfIntegers", &Dim (24,1)] 
                                                         0

0                                                        6
1                                                        1
2                                                        1
3                                                        6
4                                                        6
5                                                        8
6                                                        8
7                                                        8
8                                                        6
9                                                        1
10                                                       6
11                                                       1
12                                                       6
13                                                       6
14                                                       1
15                                                       6
16                                                       1
17                                                       6
18                                                       1
19                                                       8
20                                                       1
21                                                       6
22                                                       8
23                                                       8
   &ATOMICCHARGES [&Type "ArrayOfDoubles", &Dim (24,1)] 
                                                         0

0                                      2.4605435911542095e-01
1                                     -5.1393225583171276e-02
2                                     -2.8113143546954156e-02
3                                     -5.5365720880895530e-02
4                                      6.4352732877678953e-02
5                                     -4.0179842562069901e-01
6                                     -4.0278175118537796e-01
7                                     -2.4604679085289405e-01
8                                     -6.6784588425897518e-02
9                                     -1.0090708993902897e-01
10                                     6.8993015722377038e-02
11                                    -5.7119034200826535e-02
12                                    -2.3746229653512785e-01
13                                     7.7872457704997622e-02
14                                    -4.0947374419193494e-02
15                                    -6.8922884044636312e-02
16                                    -8.1161313058534246e-02
17                                     3.0867514523476913e-01
18                                     6.6004702127333559e-03
19                                    -3.6111060045451104e-01
20                                     1.4221125675620772e-01
21                                     9.5720816525407315e-02
22                                    -4.1421109322087091e-01
23                                    -3.9635492218101831e-01
$End
$Loewdin_Population_Analysis
   &GeometryIndex 1
   &ListStatus       OUT
   &NATOMS [&Type "Integer"] 24
   &ATNO [&Type "ArrayOfIntegers", &Dim (24,1)] 
                                                         0

0                                                        6
1                                                        1
2                                                        1
3                                                        6
4                                                        6
5                                                        8
6                                                        8
7                                                        8
8                                                        6
9                                                        1
10                                                       6
11                                                       1
12                                                       6
13                                                       6
14                                                       1
15                                                       6
16                                                       1
17                                                       6
18                                                       1
19                                                       8
20                                                       1
21                                                       6
22                                                       8
23                                                       8
   &ATOMICCHARGES [&Type "ArrayOfDoubles", &Dim (24,1)] 
                                                         0

0                                     -2.8297932197753006e-02
1                                      1.0405656941160135e-02
2                                      1.6211709242380357e-02
3                                      3.1320265364452204e-02
4                                     -8.7761024007427579e-02
5                                     -3.6963481967577927e-01
6                                     -3.6637211111298384e-01
7                                     -1.7958263505714278e-01
8                                     -8.0190719860702586e-02
9                                     -1.1829257228754164e-02
10                                     6.1567860331273039e-03
11                                     7.7156218569571777e-03
12                                    -7.9830189782818195e-02
13                                     1.2887335122165666e-02
14                                     1.3660644316709769e-02
15                                    -7.3908430142728854e-02
16                                    -2.4006226897277383e-03
17                                     4.9069742733840016e-02
18                                     1.2989894104650346e-02
19                                    -1.8027332449740285e-01
20                                     7.6230976840423126e-02
21                                    -2.7987433293420239e-02
22                                    -3.8318334911220298e-01
23                                    -3.6539678389709707e-01
$End
$Mayer_Population_Analysis
   &GeometryIndex 1
   &ListStatus       OUT
   &NATOMS [&Type "Integer"] 24 "Total number of atoms"
   &BONDTHRESH [&Type "Double"]       1.0000000000000001e-01  "The threshold for printing"
   &NBONDORDERSPRINT [&Type "Integer"] 26 "The number of bond orders larger than threshold"
   &BONDORDERS [&Type "ArrayOfDoubles", &Dim (26,1)] "The bond orders"
                                                         0

0                                      8.8441682940567301e-01
1                                      9.0520641298395388e-01
2                                      9.6753551813746497e-01
3                                      9.9514664284537924e-01
4                                      8.0016482746822948e-01
5                                      2.0737880704419718e+00
6                                      1.8455480790200778e+00
7                                      1.8413379830171106e+00
8                                      1.3792318125250189e-01
9                                      9.4986318021261695e-01
10                                     1.8704151584046271e+00
11                                     9.7365240792879815e-01
12                                     9.5805918134434254e-01
13                                     9.8395726487853374e-01
14                                     9.8730191863708316e-01
15                                     7.7624286406213150e-01
16                                     9.5298454052483572e-01
17                                     1.8673370126477029e+00
18                                     9.5898703807375185e-01
19                                     9.7406233725754232e-01
20                                     8.6464745831836376e-01
21                                     9.7090814734869935e-01
22                                     9.7048802003884416e-01
23                                     1.8589330566526101e+00
24                                     1.8817186706714266e+00
25                                     1.1384465072987768e-01
   &COMPONENTS [&Type "ArrayOfIntegers", &Dim (26,4)] "The indices and atomic numbers of the bonding atoms"
                                                         0                           1                           2                           3

0                                                        0                           6                           1                           1
1                                                        0                           6                           2                           1
2                                                        0                           6                           3                           6
3                                                        0                           6                          12                           6
4                                                        3                           6                           4                           6
5                                                        3                           6                           7                           8
6                                                        4                           6                           5                           8
7                                                        4                           6                           6                           8
8                                                        5                           8                           6                           8
9                                                        8                           6                           9                           1
10                                                       8                           6                          10                           6
11                                                       8                           6                          17                           6
12                                                      10                           6                          11                           1
13                                                      10                           6                          12                           6
14                                                      12                           6                          13                           6
15                                                      12                           6                          21                           6
16                                                      13                           6                          14                           1
17                                                      13                           6                          15                           6
18                                                      15                           6                          16                           1
19                                                      15                           6                          17                           6
20                                                      17                           6                          18                           1
21                                                      17                           6                          19                           8
22                                                      19                           8                          20                           1
23                                                      21                           6                          22                           8
24                                                      21                           6                          23                           8
25                                                      22                           8                          23                           8
   &ATNO [&Type "ArrayOfIntegers", &Dim (24,1)] "Atomic number of the elements"
                                                         0

0                                                        6
1                                                        1
2                                                        1
3                                                        6
4                                                        6
5                                                        8
6                                                        8
7                                                        8
8                                                        6
9                                                        1
10                                                       6
11                                                       1
12                                                       6
13                                                       6
14                                                       1
15                                                       6
16                                                       1
17                                                       6
18                                                       1
19                                                       8
20                                                       1
21                                                       6
22                                                       8
23                                                       8
   &NA [&Type "ArrayOfDoubles", &Dim (24,1)] "Mulliken gross atomic population"
                                                         0

0                                      5.7539456408845808e+00
1                                      1.0513932255831711e+00
2                                      1.0281131435469537e+00
3                                      6.0553657208808964e+00
4                                      5.9356472671223184e+00
5                                      8.4017984256207043e+00
6                                      8.4027817511853780e+00
7                                      8.2460467908528940e+00
8                                      6.0667845884259002e+00
9                                      1.1009070899390290e+00
10                                     5.9310069842776239e+00
11                                     1.0571190342008263e+00
12                                     6.2374622965351287e+00
13                                     5.9221275422949997e+00
14                                     1.0409473744191942e+00
15                                     6.0689228840446408e+00
16                                     1.0811613130585340e+00
17                                     5.6913248547652300e+00
18                                     9.9339952978726687e-01
19                                     8.3611106004545128e+00
20                                     8.5778874324379240e-01
21                                     5.9042791834745936e+00
22                                     8.4142110932208745e+00
23                                     8.3963549221810219e+00
   &ZA [&Type "ArrayOfDoubles", &Dim (24,1)] "Total nuclear charge"
                                                         0

0                                      6.0000000000000000e+00
1                                      1.0000000000000000e+00
2                                      1.0000000000000000e+00
3                                      6.0000000000000000e+00
4                                      6.0000000000000000e+00
5                                      8.0000000000000000e+00
6                                      8.0000000000000000e+00
7                                      8.0000000000000000e+00
8                                      6.0000000000000000e+00
9                                      1.0000000000000000e+00
10                                     6.0000000000000000e+00
11                                     1.0000000000000000e+00
12                                     6.0000000000000000e+00
13                                     6.0000000000000000e+00
14                                     1.0000000000000000e+00
15                                     6.0000000000000000e+00
16                                     1.0000000000000000e+00
17                                     6.0000000000000000e+00
18                                     1.0000000000000000e+00
19                                     8.0000000000000000e+00
20                                     1.0000000000000000e+00
21                                     6.0000000000000000e+00
22                                     8.0000000000000000e+00
23                                     8.0000000000000000e+00
   &QA [&Type "ArrayOfDoubles", &Dim (24,1)] "Mulliken gross atomic charge"
                                                         0

0                                      2.4605435911541917e-01
1                                     -5.1393225583171054e-02
2                                     -2.8113143546953712e-02
3                                     -5.5365720880896419e-02
4                                      6.4352732877681618e-02
5                                     -4.0179842562070434e-01
6                                     -4.0278175118537796e-01
7                                     -2.4604679085289405e-01
8                                     -6.6784588425900182e-02
9                                     -1.0090708993902897e-01
10                                     6.8993015722376150e-02
11                                    -5.7119034200826313e-02
12                                    -2.3746229653512874e-01
13                                     7.7872457705000286e-02
14                                    -4.0947374419194160e-02
15                                    -6.8922884044640753e-02
16                                    -8.1161313058534024e-02
17                                     3.0867514523477002e-01
18                                     6.6004702127331338e-03
19                                    -3.6111060045451282e-01
20                                     1.4221125675620760e-01
21                                     9.5720816525406427e-02
22                                    -4.1421109322087446e-01
23                                    -3.9635492218102186e-01
   &VA [&Type "ArrayOfDoubles", &Dim (24,1)] "Mayer's total valence"
                                                         0

0                                      3.7446193801603975e+00
1                                      1.0228184501344391e+00
2                                      1.0373362825179078e+00
3                                      3.9658970267298645e+00
4                                      4.4890805970415428e+00
5                                      2.0847126218671179e+00
6                                      2.0716623582241875e+00
7                                      2.2009515901989265e+00
8                                      3.9168848221461916e+00
9                                      9.7974732885770177e-01
10                                     3.9139662043691632e+00
11                                     1.0385918071154849e+00
12                                     3.7326226752536584e+00
13                                     3.8974552969955409e+00
14                                     1.0441044320566222e+00
15                                     3.8981168119819589e+00
16                                     9.8622910481006143e-01
17                                     3.7789796377044169e+00
18                                     1.0294849914190878e+00
19                                     1.9929419216983155e+00
20                                     1.0190466024337703e+00
21                                     4.5423505088017597e+00
22                                     2.0734422231753102e+00
23                                     2.0980003619872498e+00
   &BVA [&Type "ArrayOfDoubles", &Dim (24,1)] "Mayer's bonded valence"
                                                         0

0                                      3.7446193801604148e+00
1                                      1.0228184501344473e+00
2                                      1.0373362825179073e+00
3                                      3.9658970267298592e+00
4                                      4.4890805970415499e+00
5                                      2.0847126218671157e+00
6                                      2.0716623582241986e+00
7                                      2.2009515901989065e+00
8                                      3.9168848221462609e+00
9                                      9.7974732885771643e-01
10                                     3.9139662043691490e+00
11                                     1.0385918071154845e+00
12                                     3.7326226752536638e+00
13                                     3.8974552969955134e+00
14                                     1.0441044320566117e+00
15                                     3.8981168119819474e+00
16                                     9.8622910481005210e-01
17                                     3.7789796377044373e+00
18                                     1.0294849914190944e+00
19                                     1.9929419216983231e+00
20                                     1.0190466024337723e+00
21                                     4.5423505088017748e+00
22                                     2.0734422231753271e+00
23                                     2.0980003619872303e+00
   &FA [&Type "ArrayOfDoubles", &Dim (24,1)] "Mayer's free valence"
                                                         0

0                                      0.0000000000000000e+00
1                                      0.0000000000000000e+00
2                                      0.0000000000000000e+00
3                                      0.0000000000000000e+00
4                                      0.0000000000000000e+00
5                                      0.0000000000000000e+00
6                                      0.0000000000000000e+00
7                                      0.0000000000000000e+00
8                                      0.0000000000000000e+00
9                                      0.0000000000000000e+00
10                                     0.0000000000000000e+00
11                                     0.0000000000000000e+00
12                                     0.0000000000000000e+00
13                                     0.0000000000000000e+00
14                                     0.0000000000000000e+00
15                                     0.0000000000000000e+00
16                                     0.0000000000000000e+00
17                                     0.0000000000000000e+00
18                                     0.0000000000000000e+00
19                                     0.0000000000000000e+00
20                                     0.0000000000000000e+00
21                                     0.0000000000000000e+00
22                                     0.0000000000000000e+00
23                                     0.0000000000000000e+00
$End
$VdW_Correction
   &GeometryIndex 1
   &ListStatus       OUT
   &VDW [&Type "Double"]      -5.4177032215413076e-02
$End
$Calculation_Info
   &GeometryIndex 1
   &ListStatus       OUT
   &MULT [&Type "Integer"] 1
   &CHARGE [&Type "Integer"] -2
   &NUMOFATOMS [&Type "Integer"] 24
   &NUMOFELECTRONS [&Type "Integer"] 118
   &NUMOFFCELECTRONS [&Type "Integer"] 1
   &NUMOFCORRELECTRONS [&Type "Integer"] 0
   &NUMOFBASISFUNCTS [&Type "Integer"] 264
   &NUMOFAUXCBASISFUNCTS [&Type "Integer"] 0
   &NUMOFAUXJBASISFUNCTS [&Type "Integer"] 872
   &NUMOFAUXJKBASISFUNCTS [&Type "Integer"] 0
   &NUMOFCABSBASISFUNCTS [&Type "Integer"] 0
   &TOTALENERGY [&Type "Double"]      -8.3617259750053245e+02  "Hartrees"
$End
$SCF_Dipole_Moment
   &GeometryIndex 1
   &ListStatus       OUT
   &METHOD [&Type "String"] "SCF"
   &LEVEL [&Type "String"] "Relaxed density"
   &MULT [&Type "Integer"] 1
   &STATE [&Type "Integer"] -1
   &IRREP [&Type "Integer"] 0
   &NATOMS [&Type "Integer"] 24
   &DODIPOLEATOM [&Type "Boolean"] false
   &DIPOLEELECCONTRIB [&Type "ArrayOfDoubles", &Dim (3,1)] "Electronic contribution"
                                                         0

0                                      3.2027237435244369e+00
1                                      3.8009628864921285e-01
2                                      1.2807866551352720e+00
   &DIPOLENUCCONTRIB [&Type "ArrayOfDoubles", &Dim (3,1)] "Nuclear contribution"
                                                         0

0                                     -5.4444760651298054e+00
1                                     -1.2465899691142610e+00
2                                     -8.5204825172547771e-01
   &DIPOLETOTAL [&Type "ArrayOfDoubles", &Dim (3,1)] "Total"
                                                         0

0                                     -2.2417523216053685e+00
1                                     -8.6649368046504815e-01
2                                      4.2873840340979430e-01
   &DIPOLEMAGNITUDE [&Type "Double", &Units "a.u."]       2.4413277920564669e+00
$End
