*************************************************
******************* ORCA 6.0.1 ******************
*************************************************
$Calculation_Status
   &GeometryIndex 1
   &ListStatus       OUT
   &VERSION [&Type "String"] "6.0.1"
   &PROGNAME [&Type "String"] "LeanSCF"
   &STATUS [&Type "String"] "NORMAL TERMINATION"
$End
$Geometry
   &GeometryIndex 1
   &ListStatus       OUT
   &NATOMS [&Type "Integer"] 24
   &NCORELESSECP [&Type "Integer"] 0
   &NGHOSTATOMS [&Type "Integer"] 0
   &CartesianCoordinates [&Type "Coordinates", &Dim(24,4), &Units "Bohr"] 
              C     80.268007264439   40.196364594639   80.902955245437
              H     81.254444306346   39.017175487072   79.531014072210
              H     80.859491544356   42.148451690980   81.199642248462
              C     78.276235919286   39.327090573035   82.203086825574
              C     76.826815974568   40.986270118618   84.055018436817
              O     77.607272867878   43.199139421440   84.336587630772
              O     74.940869292915   40.031958420988   85.152949320626
              O     77.422079706754   36.885564408009   81.987658046307
              C     75.872504276938   36.159909572583   79.806914087762
              H     75.394403565056   34.175697131966   80.199977123618
              C     77.473102312370   36.426360957466   77.503337930512
              H     79.013229111515   35.080875950114   77.217989284290
              C     77.304916686451   38.505059704779   76.044469355125
              C     75.311255615164   40.385337208031   76.484775544329
              H     75.356609042378   42.080421550158   75.307476162896
              C     73.536802775412   40.060304312997   78.270566740884
              H     72.057147212551   41.471929735036   78.582371552981
              C     73.351609614287   37.624447326372   79.738883946941
              H     72.860280819468   38.028848719031   81.724986113692
              O     71.488339646241   36.139122585110   78.546466756437
              H     70.711662205199   34.901351967392   79.873054502450
              C     79.247555152122   39.049300831349   74.022462391829
              O     81.503888156024   38.357661066334   74.451430224229
              O     78.542687304169   40.230379665050   72.108169818167
$End
$SCF_Energy
   &GeometryIndex 1
   &ListStatus       OUT
   &SCF_ENERGY [&Type "Double"]      -8.3609021609262300e+02
$End
$DFT_Energy
   &GeometryIndex 1
   &ListStatus       OUT
   &NALPHAEL [&Type "Integer"] 59
   &NBETAEL [&Type "Integer"] 59
   &NTOTALEL [&Type "Integer"] 117
   &EEXCHANGE [&Type "Double"]      -8.3124818899083081e+01
   &ECORR [&Type "Double"]      -4.8467240486482224e+00
   &ECNL [&Type "Double"]       0.0000000000000000e+00
   &EXC [&Type "Double"]      -8.7971542947731308e+01
   &EEMBED [&Type "Double"]       0.0000000000000000e+00
   &FINALEN [&Type "Double"]      -8.3609021609262300e+02  "No Van der Waals correction"
$End
$Mulliken_Population_Analysis
   &GeometryIndex 1
   &ListStatus       OUT
   &NATOMS [&Type "Integer"] 24
   &ATNO [&Type "ArrayOfIntegers", &Dim (24,1)] 
                                                         0

0                                                        6
1                                                        1
2                                                        1
3                                                        6
4                                                        6
5                                                        8
6                                                        8
7                                                        8
8                                                        6
9                                                        1
10                                                       6
11                                                       1
12                                                       6
13                                                       6
14                                                       1
15                                                       6
16                                                       1
17                                                       6
18                                                       1
19                                                       8
20                                                       1
21                                                       6
22                                                       8
23                                                       8
   &ATOMICCHARGES [&Type "ArrayOfDoubles", &Dim (24,1)] 
                                                         0

0                                     -8.9705369673538371e-03
1                                     -4.0479020189470027e-03
2                                     -3.6476711624486402e-02
3                                     -1.1419827731717902e-04
4                                      7.8079382664857810e-02
5                                     -4.0526762417770001e-01
6                                     -4.2004668808731971e-01
7                                     -3.6602853254229117e-01
8                                      2.6278107719017374e-01
9                                     -9.8282594666604606e-02
10                                    -6.8266173517582907e-02
11                                    -6.1959396102823749e-02
12                                    -8.3809734957505100e-03
13                                     5.7339976295052608e-02
14                                    -6.1886645918427297e-02
15                                    -2.0611348275306085e-02
16                                    -6.5670197188183455e-02
17                                     1.9994817043157731e-01
18                                    -1.1054547581941021e-02
19                                    -3.4886631941546220e-01
20                                     1.5043069926791997e-01
21                                     7.0636929595872644e-02
22                                    -4.2333196041656684e-01
23                                    -4.0995388517139197e-01
$End
$Loewdin_Population_Analysis
   &GeometryIndex 1
   &ListStatus       OUT
   &NATOMS [&Type "Integer"] 24
   &ATNO [&Type "ArrayOfIntegers", &Dim (24,1)] 
                                                         0

0                                                        6
1                                                        1
2                                                        1
3                                                        6
4                                                        6
5                                                        8
6                                                        8
7                                                        8
8                                                        6
9                                                        1
10                                                       6
11                                                       1
12                                                       6
13                                                       6
14                                                       1
15                                                       6
16                                                       1
17                                                       6
18                                                       1
19                                                       8
20                                                       1
21                                                       6
22                                                       8
23                                                       8
   &ATOMICCHARGES [&Type "ArrayOfDoubles", &Dim (24,1)] 
                                                         0

0                                     -9.6784811857254738e-02
1                                      9.7288633907615107e-03
2                                      7.9108439134243369e-03
3                                     -1.7685727535805995e-02
4                                     -6.1345767403508056e-02
5                                     -3.7780132059928206e-01
6                                     -3.8801241831541766e-01
7                                     -1.5132559932593992e-01
8                                      7.4597308487074798e-02
9                                     -8.8735332824927404e-03
10                                    -5.1127024862266168e-02
11                                     3.2903979427857388e-03
12                                    -5.0978046371000119e-02
13                                    -3.8691260832504071e-03
14                                     1.2155859088729182e-02
15                                    -4.9546017379741514e-02
16                                     1.0455116954156685e-03
17                                     3.8880273669814613e-02
18                                     7.4252938947313440e-03
19                                    -1.8004781563118222e-01
20                                     8.8862294014799059e-02
21                                    -4.5526348767227276e-02
22                                    -3.8975487392304053e-01
23                                    -3.7121821476015704e-01
$End
$Mayer_Population_Analysis
   &GeometryIndex 1
   &ListStatus       OUT
   &NATOMS [&Type "Integer"] 24 "Total number of atoms"
   &BONDTHRESH [&Type "Double"]       1.0000000000000001e-01  "The threshold for printing"
   &NBONDORDERSPRINT [&Type "Integer"] 27 "The number of bond orders larger than threshold"
   &BONDORDERS [&Type "ArrayOfDoubles", &Dim (27,1)] "The bond orders"
                                                         0

0                                      9.0291217539604429e-01
1                                      9.0440844514225904e-01
2                                      1.9586803358254214e+00
3                                      8.3679643144477955e-01
4                                      1.0288969383945024e+00
5                                      1.8897854752683143e+00
6                                      1.7894489023793969e+00
7                                      1.2273398484253961e-01
8                                      1.1859908516006221e-01
9                                      9.5350858394790938e-01
10                                     8.8769224484674047e-01
11                                     9.8576978929103465e-01
12                                     9.6139943391655325e-01
13                                     9.3857100820836936e-01
14                                     1.7840512400786683e+00
15                                     1.0971075801337566e+00
16                                     8.4529806985949762e-01
17                                     9.6629471860590854e-01
18                                     1.7717013409095774e+00
19                                     9.5947157490936430e-01
20                                     9.7666727785374985e-01
21                                     8.9012038663060700e-01
22                                     1.0178593579844570e+00
23                                     9.6128413151032122e-01
24                                     1.8176295270374316e+00
25                                     1.8575639538668443e+00
26                                     1.2033616603304477e-01
   &COMPONENTS [&Type "ArrayOfIntegers", &Dim (27,4)] "The indices and atomic numbers of the bonding atoms"
                                                         0                           1                           2                           3

0                                                        0                           6                           1                           1
1                                                        0                           6                           2                           1
2                                                        0                           6                           3                           6
3                                                        3                           6                           4                           6
4                                                        3                           6                           7                           8
5                                                        4                           6                           5                           8
6                                                        4                           6                           6                           8
7                                                        5                           8                           6                           8
8                                                        6                           8                          18                           1
9                                                        7                           8                           8                           6
10                                                       8                           6                           9                           1
11                                                       8                           6                          10                           6
12                                                       8                           6                          17                           6
13                                                      10                           6                          11                           1
14                                                      10                           6                          12                           6
15                                                      12                           6                          13                           6
16                                                      12                           6                          21                           6
17                                                      13                           6                          14                           1
18                                                      13                           6                          15                           6
19                                                      15                           6                          16                           1
20                                                      15                           6                          17                           6
21                                                      17                           6                          18                           1
22                                                      17                           6                          19                           8
23                                                      19                           8                          20                           1
24                                                      21                           6                          22                           8
25                                                      21                           6                          23                           8
26                                                      22                           8                          23                           8
   &ATNO [&Type "ArrayOfIntegers", &Dim (24,1)] "Atomic number of the elements"
                                                         0

0                                                        6
1                                                        1
2                                                        1
3                                                        6
4                                                        6
5                                                        8
6                                                        8
7                                                        8
8                                                        6
9                                                        1
10                                                       6
11                                                       1
12                                                       6
13                                                       6
14                                                       1
15                                                       6
16                                                       1
17                                                       6
18                                                       1
19                                                       8
20                                                       1
21                                                       6
22                                                       8
23                                                       8
   &NA [&Type "ArrayOfDoubles", &Dim (24,1)] "Mulliken gross atomic population"
                                                         0

0                                      6.0089705369673529e+00
1                                      1.0040479020189463e+00
2                                      1.0364767116244873e+00
3                                      6.0001141982773145e+00
4                                      5.9219206173351413e+00
5                                      8.4052676241776965e+00
6                                      8.4200466880873179e+00
7                                      8.3660285325422912e+00
8                                      5.7372189228098254e+00
9                                      1.0982825946666046e+00
10                                     6.0682661735175873e+00
11                                     1.0619593961028240e+00
12                                     6.0083809734957452e+00
13                                     5.9426600237049430e+00
14                                     1.0618866459184271e+00
15                                     6.0206113482753061e+00
16                                     1.0656701971881839e+00
17                                     5.8000518295684245e+00
18                                     1.0110545475819408e+00
19                                     8.3488663194154622e+00
20                                     8.4956930073208026e-01
21                                     5.9293630704041282e+00
22                                     8.4233319604165633e+00
23                                     8.4099538851713938e+00
   &ZA [&Type "ArrayOfDoubles", &Dim (24,1)] "Total nuclear charge"
                                                         0

0                                      6.0000000000000000e+00
1                                      1.0000000000000000e+00
2                                      1.0000000000000000e+00
3                                      6.0000000000000000e+00
4                                      6.0000000000000000e+00
5                                      8.0000000000000000e+00
6                                      8.0000000000000000e+00
7                                      8.0000000000000000e+00
8                                      6.0000000000000000e+00
9                                      1.0000000000000000e+00
10                                     6.0000000000000000e+00
11                                     1.0000000000000000e+00
12                                     6.0000000000000000e+00
13                                     6.0000000000000000e+00
14                                     1.0000000000000000e+00
15                                     6.0000000000000000e+00
16                                     1.0000000000000000e+00
17                                     6.0000000000000000e+00
18                                     1.0000000000000000e+00
19                                     8.0000000000000000e+00
20                                     1.0000000000000000e+00
21                                     6.0000000000000000e+00
22                                     8.0000000000000000e+00
23                                     8.0000000000000000e+00
   &QA [&Type "ArrayOfDoubles", &Dim (24,1)] "Mulliken gross atomic charge"
                                                         0

0                                     -8.9705369673529489e-03
1                                     -4.0479020189463366e-03
2                                     -3.6476711624487290e-02
3                                     -1.1419827731451448e-04
4                                      7.8079382664858699e-02
5                                     -4.0526762417769646e-01
6                                     -4.2004668808731793e-01
7                                     -3.6602853254229117e-01
8                                      2.6278107719017463e-01
9                                     -9.8282594666604606e-02
10                                    -6.8266173517587347e-02
11                                    -6.1959396102823971e-02
12                                    -8.3809734957451809e-03
13                                     5.7339976295057049e-02
14                                    -6.1886645918427075e-02
15                                    -2.0611348275306085e-02
16                                    -6.5670197188183899e-02
17                                     1.9994817043157553e-01
18                                    -1.1054547581940799e-02
19                                    -3.4886631941546220e-01
20                                     1.5043069926791974e-01
21                                     7.0636929595871756e-02
22                                    -4.2333196041656329e-01
23                                    -4.0995388517139375e-01
   &VA [&Type "ArrayOfDoubles", &Dim (24,1)] "Mayer's total valence"
                                                         0

0                                      3.8693367473067299e+00
1                                      1.0346415696012234e+00
2                                      1.0224562939151018e+00
3                                      3.9188751653311114e+00
4                                      4.5141266920469514e+00
5                                      2.0974340724501168e+00
6                                      2.0594092854494623e+00
7                                      2.0889890326346308e+00
8                                      3.8661408273443234e+00
9                                      9.9031702523715992e-01
10                                     3.9035349728755868e+00
11                                     1.0195157396930956e+00
12                                     3.7741757850329951e+00
13                                     3.9230544377989478e+00
14                                     1.0165889728399957e+00
15                                     3.8323034620685399e+00
16                                     9.7866862696335954e-01
17                                     3.8799587784956442e+00
18                                     1.0834725018722016e+00
19                                     2.0108129944658226e+00
20                                     1.0111157558724719e+00
21                                     4.5216653092390438e+00
22                                     2.0516489235477771e+00
23                                     2.0689193085126476e+00
   &BVA [&Type "ArrayOfDoubles", &Dim (24,1)] "Mayer's bonded valence"
                                                         0

0                                      3.8693367473066909e+00
1                                      1.0346415696012170e+00
2                                      1.0224562939150978e+00
3                                      3.9188751653311233e+00
4                                      4.5141266920469461e+00
5                                      2.0974340724501737e+00
6                                      2.0594092854494441e+00
7                                      2.0889890326346823e+00
8                                      3.8661408273443136e+00
9                                      9.9031702523716403e-01
10                                     3.9035349728755238e+00
11                                     1.0195157396930861e+00
12                                     3.7741757850329836e+00
13                                     3.9230544377990055e+00
14                                     1.0165889728400110e+00
15                                     3.8323034620685523e+00
16                                     9.7866862696335433e-01
17                                     3.8799587784956273e+00
18                                     1.0834725018721998e+00
19                                     2.0108129944658160e+00
20                                     1.0111157558724717e+00
21                                     4.5216653092390464e+00
22                                     2.0516489235477877e+00
23                                     2.0689193085126654e+00
   &FA [&Type "ArrayOfDoubles", &Dim (24,1)] "Mayer's free valence"
                                                         0

0                                      0.0000000000000000e+00
1                                      0.0000000000000000e+00
2                                      0.0000000000000000e+00
3                                      0.0000000000000000e+00
4                                      0.0000000000000000e+00
5                                      0.0000000000000000e+00
6                                      0.0000000000000000e+00
7                                      0.0000000000000000e+00
8                                      0.0000000000000000e+00
9                                      0.0000000000000000e+00
10                                     0.0000000000000000e+00
11                                     0.0000000000000000e+00
12                                     0.0000000000000000e+00
13                                     0.0000000000000000e+00
14                                     0.0000000000000000e+00
15                                     0.0000000000000000e+00
16                                     0.0000000000000000e+00
17                                     0.0000000000000000e+00
18                                     0.0000000000000000e+00
19                                     0.0000000000000000e+00
20                                     0.0000000000000000e+00
21                                     0.0000000000000000e+00
22                                     0.0000000000000000e+00
23                                     0.0000000000000000e+00
$End
$VdW_Correction
   &GeometryIndex 1
   &ListStatus       OUT
   &VDW [&Type "Double"]      -5.2766165413739616e-02
$End
$Calculation_Info
   &GeometryIndex 1
   &ListStatus       OUT
   &MULT [&Type "Integer"] 1
   &CHARGE [&Type "Integer"] -2
   &NUMOFATOMS [&Type "Integer"] 24
   &NUMOFELECTRONS [&Type "Integer"] 118
   &NUMOFFCELECTRONS [&Type "Integer"] 1
   &NUMOFCORRELECTRONS [&Type "Integer"] 0
   &NUMOFBASISFUNCTS [&Type "Integer"] 264
   &NUMOFAUXCBASISFUNCTS [&Type "Integer"] 0
   &NUMOFAUXJBASISFUNCTS [&Type "Integer"] 872
   &NUMOFAUXJKBASISFUNCTS [&Type "Integer"] 0
   &NUMOFCABSBASISFUNCTS [&Type "Integer"] 0
   &TOTALENERGY [&Type "Double"]      -8.3614298225803668e+02  "Hartrees"
$End
$SCF_Dipole_Moment
   &GeometryIndex 1
   &ListStatus       OUT
   &METHOD [&Type "String"] "SCF"
   &LEVEL [&Type "String"] "Relaxed density"
   &MULT [&Type "Integer"] 1
   &STATE [&Type "Integer"] -1
   &IRREP [&Type "Integer"] 0
   &NATOMS [&Type "Integer"] 24
   &DODIPOLEATOM [&Type "Boolean"] false
   &DIPOLEELECCONTRIB [&Type "ArrayOfDoubles", &Dim (3,1)] "Electronic contribution"
                                                         0

0                                      1.1380548093652874e+00
1                                      1.0316743524344411e-01
2                                     -2.0917161136636622e-02
   &DIPOLENUCCONTRIB [&Type "ArrayOfDoubles", &Dim (3,1)] "Nuclear contribution"
                                                         0

0                                     -3.3797695255887845e+00
1                                     -2.3974236756827239e+00
2                                      2.7052463794200321e-01
   &DIPOLETOTAL [&Type "ArrayOfDoubles", &Dim (3,1)] "Total"
                                                         0

0                                     -2.2417147162234974e+00
1                                     -2.2942562404392799e+00
2                                      2.4960747680536660e-01
   &DIPOLEMAGNITUDE [&Type "Double", &Units "a.u."]       3.2173281551941071e+00
$End
