*************************************************
******************* ORCA 6.0.1 ******************
*************************************************
$Calculation_Status
   &GeometryIndex 1
   &ListStatus       OUT
   &VERSION [&Type "String"] "6.0.1"
   &PROGNAME [&Type "String"] "LeanSCF"
   &STATUS [&Type "String"] "NORMAL TERMINATION"
$End
$Geometry
   &GeometryIndex 1
   &ListStatus       OUT
   &NATOMS [&Type "Integer"] 24
   &NCORELESSECP [&Type "Integer"] 0
   &NGHOSTATOMS [&Type "Integer"] 0
   &CartesianCoordinates [&Type "Coordinates", &Dim(24,4), &Units "Bohr"] 
              C     78.790241427713   35.687478039103   86.171511706809
              H     79.559359964219   34.209712202376   84.956417802698
              H     79.548021607415   37.599880886631   86.067576769443
              C     76.898625567657   35.218825957890   87.785337825178
              C     75.919747430286   37.227604838249   89.612702996680
              O     76.392178963767   39.521732364829   89.151609820003
              O     74.734889144318   36.460376027877   91.509988035137
              O     75.846048111063   32.837771029150   88.042340579391
              C     73.978998690749   32.015740160894   86.156393897738
              H     73.361058244957   30.161918823517   86.870710376360
              C     75.211100130066   31.711494253333   83.618491699881
              H     76.522570067007   30.144911288312   83.336922505927
              C     74.880398056630   33.419806678397   81.759001184103
              C     73.255233581457   35.623227350550   82.203086825574
              H     73.327043174546   37.091544556606   80.755556606991
              C     71.866284873025   35.872671200227   84.313910917164
              H     70.821266320967   37.618778147970   84.672958882610
              C     71.607392392678   33.733501216628   86.184739789747
              H     71.482670467839   34.508288931536   88.119819350882
              O     69.392633363722   32.397464839946   85.521445916740
              H     68.801149083805   31.138907234754   86.861261745690
              C     76.324148822945   33.315871741032   79.262672961193
              O     78.174190708054   31.809760012296   79.069920895533
              O     75.649516593136   34.833321826570   77.586485880405
$End
$SCF_Energy
   &GeometryIndex 1
   &ListStatus       OUT
   &SCF_ENERGY [&Type "Double"]      -8.3609332432121653e+02
$End
$DFT_Energy
   &GeometryIndex 1
   &ListStatus       OUT
   &NALPHAEL [&Type "Integer"] 59
   &NBETAEL [&Type "Integer"] 59
   &NTOTALEL [&Type "Integer"] 118
   &EEXCHANGE [&Type "Double"]      -8.3110334703965322e+01
   &ECORR [&Type "Double"]      -4.8433958556847578e+00
   &ECNL [&Type "Double"]       0.0000000000000000e+00
   &EXC [&Type "Double"]      -8.7953730559650083e+01
   &EEMBED [&Type "Double"]       0.0000000000000000e+00
   &FINALEN [&Type "Double"]      -8.3609332432121653e+02  "No Van der Waals correction"
$End
$Mulliken_Population_Analysis
   &GeometryIndex 1
   &ListStatus       OUT
   &NATOMS [&Type "Integer"] 24
   &ATNO [&Type "ArrayOfIntegers", &Dim (24,1)] 
                                                         0

0                                                        6
1                                                        1
2                                                        1
3                                                        6
4                                                        6
5                                                        8
6                                                        8
7                                                        8
8                                                        6
9                                                        1
10                                                       6
11                                                       1
12                                                       6
13                                                       6
14                                                       1
15                                                       6
16                                                       1
17                                                       6
18                                                       1
19                                                       8
20                                                       1
21                                                       6
22                                                       8
23                                                       8
   &ATOMICCHARGES [&Type "ArrayOfDoubles", &Dim (24,1)] 
                                                         0

0                                     -1.5100525913036122e-02
1                                     -1.2840024430798014e-02
2                                     -3.3053805953164428e-02
3                                      2.5096428442000551e-02
4                                      7.5198302439028808e-02
5                                     -4.2063594948248451e-01
6                                     -4.1869381955810425e-01
7                                     -3.6757144649472195e-01
8                                      2.6496356052762504e-01
9                                     -9.0349659055756426e-02
10                                    -8.6343126754736765e-02
11                                    -6.0807037155042654e-02
12                                    -1.9579147886765291e-02
13                                     4.5182401444487041e-02
14                                    -5.3346319101628792e-02
15                                    -2.5443940153523137e-02
16                                    -5.7038106264627020e-02
17                                     2.1480150317539781e-01
18                                    -1.4532702596911085e-02
19                                    -3.4390529725044239e-01
20                                     1.4629387195690802e-01
21                                     6.9260855720559178e-02
22                                    -4.2365636561075526e-01
23                                    -3.9789965004370309e-01
$End
$Loewdin_Population_Analysis
   &GeometryIndex 1
   &ListStatus       OUT
   &NATOMS [&Type "Integer"] 24
   &ATNO [&Type "ArrayOfIntegers", &Dim (24,1)] 
                                                         0

0                                                        6
1                                                        1
2                                                        1
3                                                        6
4                                                        6
5                                                        8
6                                                        8
7                                                        8
8                                                        6
9                                                        1
10                                                       6
11                                                       1
12                                                       6
13                                                       6
14                                                       1
15                                                       6
16                                                       1
17                                                       6
18                                                       1
19                                                       8
20                                                       1
21                                                       6
22                                                       8
23                                                       8
   &ATOMICCHARGES [&Type "ArrayOfDoubles", &Dim (24,1)] 
                                                         0

0                                     -1.0740594658838276e-01
1                                      8.0610502259131911e-03
2                                      8.9557578718734154e-03
3                                     -2.5081275242868628e-03
4                                     -6.4516246404576982e-02
5                                     -3.9258776606540202e-01
6                                     -3.7940160331708128e-01
7                                     -1.5469638064415747e-01
8                                      7.5734977630641964e-02
9                                     -5.1281065324519925e-03
10                                    -4.4271414845248103e-02
11                                     3.7092229159342294e-03
12                                    -5.8239908610626223e-02
13                                    -2.7769748886070644e-03
14                                     1.3489473981259770e-02
15                                    -5.2274341786379352e-02
16                                     3.9729016594187705e-03
17                                     4.5637897844807540e-02
18                                     9.5313706532333953e-03
19                                    -1.7545313011295960e-01
20                                     7.8446149138532983e-02
21                                    -4.5094930925817067e-02
22                                    -3.9520122082257814e-01
23                                    -3.6798270285326140e-01
$End
$Mayer_Population_Analysis
   &GeometryIndex 1
   &ListStatus       OUT
   &NATOMS [&Type "Integer"] 24 "Total number of atoms"
   &BONDTHRESH [&Type "Double"]       1.0000000000000001e-01  "The threshold for printing"
   &NBONDORDERSPRINT [&Type "Integer"] 26 "The number of bond orders larger than threshold"
   &BONDORDERS [&Type "ArrayOfDoubles", &Dim (26,1)] "The bond orders"
                                                         0

0                                      9.1257727793832810e-01
1                                      9.0759512879695026e-01
2                                      1.9665935182199155e+00
3                                      8.3609059094795035e-01
4                                      1.0300358371879210e+00
5                                      1.8691231559094885e+00
6                                      1.8097528806181213e+00
7                                      1.2056996180072092e-01
8                                      9.6041110640212157e-01
9                                      8.8850551599650895e-01
10                                     9.5733798621880661e-01
11                                     9.6024418363711406e-01
12                                     9.4043752256036528e-01
13                                     1.7774661618347987e+00
14                                     1.1015289316287356e+00
15                                     8.3060249406457187e-01
16                                     9.6055041673167851e-01
17                                     1.7627000904381984e+00
18                                     9.6101412567211586e-01
19                                     9.7758330416168859e-01
20                                     9.0378651326478943e-01
21                                     1.0324829969661196e+00
22                                     9.5684835410333580e-01
23                                     1.8720819617709825e+00
24                                     1.8640765151644261e+00
25                                     1.2332319084090766e-01
   &COMPONENTS [&Type "ArrayOfIntegers", &Dim (26,4)] "The indices and atomic numbers of the bonding atoms"
                                                         0                           1                           2                           3

0                                                        0                           6                           1                           1
1                                                        0                           6                           2                           1
2                                                        0                           6                           3                           6
3                                                        3                           6                           4                           6
4                                                        3                           6                           7                           8
5                                                        4                           6                           5                           8
6                                                        4                           6                           6                           8
7                                                        5                           8                           6                           8
8                                                        7                           8                           8                           6
9                                                        8                           6                           9                           1
10                                                       8                           6                          10                           6
11                                                       8                           6                          17                           6
12                                                      10                           6                          11                           1
13                                                      10                           6                          12                           6
14                                                      12                           6                          13                           6
15                                                      12                           6                          21                           6
16                                                      13                           6                          14                           1
17                                                      13                           6                          15                           6
18                                                      15                           6                          16                           1
19                                                      15                           6                          17                           6
20                                                      17                           6                          18                           1
21                                                      17                           6                          19                           8
22                                                      19                           8                          20                           1
23                                                      21                           6                          22                           8
24                                                      21                           6                          23                           8
25                                                      22                           8                          23                           8
   &ATNO [&Type "ArrayOfIntegers", &Dim (24,1)] "Atomic number of the elements"
                                                         0

0                                                        6
1                                                        1
2                                                        1
3                                                        6
4                                                        6
5                                                        8
6                                                        8
7                                                        8
8                                                        6
9                                                        1
10                                                       6
11                                                       1
12                                                       6
13                                                       6
14                                                       1
15                                                       6
16                                                       1
17                                                       6
18                                                       1
19                                                       8
20                                                       1
21                                                       6
22                                                       8
23                                                       8
   &NA [&Type "ArrayOfDoubles", &Dim (24,1)] "Mulliken gross atomic population"
                                                         0

0                                      6.0151005259130370e+00
1                                      1.0128400244307973e+00
2                                      1.0330538059531640e+00
3                                      5.9749035715579986e+00
4                                      5.9248016975609694e+00
5                                      8.4206359494824863e+00
6                                      8.4186938195581025e+00
7                                      8.3675714464947184e+00
8                                      5.7350364394723758e+00
9                                      1.0903496590557571e+00
10                                     6.0863431267547341e+00
11                                     1.0608070371550438e+00
12                                     6.0195791478867635e+00
13                                     5.9548175985555130e+00
14                                     1.0533463191016281e+00
15                                     6.0254439401535249e+00
16                                     1.0570381062646268e+00
17                                     5.7851984968246031e+00
18                                     1.0145327025969113e+00
19                                     8.3439052972504424e+00
20                                     8.5370612804309198e-01
21                                     5.9307391442794390e+00
22                                     8.4236563656107570e+00
23                                     8.3978996500437031e+00
   &ZA [&Type "ArrayOfDoubles", &Dim (24,1)] "Total nuclear charge"
                                                         0

0                                      6.0000000000000000e+00
1                                      1.0000000000000000e+00
2                                      1.0000000000000000e+00
3                                      6.0000000000000000e+00
4                                      6.0000000000000000e+00
5                                      8.0000000000000000e+00
6                                      8.0000000000000000e+00
7                                      8.0000000000000000e+00
8                                      6.0000000000000000e+00
9                                      1.0000000000000000e+00
10                                     6.0000000000000000e+00
11                                     1.0000000000000000e+00
12                                     6.0000000000000000e+00
13                                     6.0000000000000000e+00
14                                     1.0000000000000000e+00
15                                     6.0000000000000000e+00
16                                     1.0000000000000000e+00
17                                     6.0000000000000000e+00
18                                     1.0000000000000000e+00
19                                     8.0000000000000000e+00
20                                     1.0000000000000000e+00
21                                     6.0000000000000000e+00
22                                     8.0000000000000000e+00
23                                     8.0000000000000000e+00
   &QA [&Type "ArrayOfDoubles", &Dim (24,1)] "Mulliken gross atomic charge"
                                                         0

0                                     -1.5100525913037011e-02
1                                     -1.2840024430797348e-02
2                                     -3.3053805953163984e-02
3                                      2.5096428442001439e-02
4                                      7.5198302439030584e-02
5                                     -4.2063594948248628e-01
6                                     -4.1869381955810248e-01
7                                     -3.6757144649471840e-01
8                                      2.6496356052762415e-01
9                                     -9.0349659055757092e-02
10                                    -8.6343126754734101e-02
11                                    -6.0807037155043764e-02
12                                    -1.9579147886763515e-02
13                                     4.5182401444487041e-02
14                                    -5.3346319101628126e-02
15                                    -2.5443940153524913e-02
16                                    -5.7038106264626798e-02
17                                     2.1480150317539692e-01
18                                    -1.4532702596911307e-02
19                                    -3.4390529725044239e-01
20                                     1.4629387195690802e-01
21                                     6.9260855720560954e-02
22                                    -4.2365636561075704e-01
23                                    -3.9789965004370309e-01
   &VA [&Type "ArrayOfDoubles", &Dim (24,1)] "Mayer's total valence"
                                                         0

0                                      3.8890270499407227e+00
1                                      9.9613863064804098e-01
2                                      1.0194262674152004e+00
3                                      3.9370561701421622e+00
4                                      4.5124907659148716e+00
5                                      2.0684335766065209e+00
6                                      2.0436122153299436e+00
7                                      2.0945720302008013e+00
8                                      3.8347713077431642e+00
9                                      9.8927414560329385e-01
10                                     3.8627927872782379e+00
11                                     1.0296130789139848e+00
12                                     3.7195315326918816e+00
13                                     3.9092764716415478e+00
14                                     1.0339750623674169e+00
15                                     3.8184694452521981e+00
16                                     9.8066991339485576e-01
17                                     3.9149710414685797e+00
18                                     1.0500925104503600e+00
19                                     2.0175189633018968e+00
20                                     1.0153824836276024e+00
21                                     4.5533168083356763e+00
22                                     2.0696721124925825e+00
23                                     2.0902787316832190e+00
   &BVA [&Type "ArrayOfDoubles", &Dim (24,1)] "Mayer's bonded valence"
                                                         0

0                                      3.8890270499407689e+00
1                                      9.9613863064804387e-01
2                                      1.0194262674152084e+00
3                                      3.9370561701421933e+00
4                                      4.5124907659149018e+00
5                                      2.0684335766065196e+00
6                                      2.0436122153299490e+00
7                                      2.0945720302008741e+00
8                                      3.8347713077431953e+00
9                                      9.8927414560329530e-01
10                                     3.8627927872782690e+00
11                                     1.0296130789139810e+00
12                                     3.7195315326919034e+00
13                                     3.9092764716416046e+00
14                                     1.0339750623674284e+00
15                                     3.8184694452522345e+00
16                                     9.8066991339485632e-01
17                                     3.9149710414685610e+00
18                                     1.0500925104503580e+00
19                                     2.0175189633018782e+00
20                                     1.0153824836276009e+00
21                                     4.5533168083357047e+00
22                                     2.0696721124926007e+00
23                                     2.0902787316832150e+00
   &FA [&Type "ArrayOfDoubles", &Dim (24,1)] "Mayer's free valence"
                                                         0

0                                      0.0000000000000000e+00
1                                      0.0000000000000000e+00
2                                      0.0000000000000000e+00
3                                      0.0000000000000000e+00
4                                      0.0000000000000000e+00
5                                      0.0000000000000000e+00
6                                      0.0000000000000000e+00
7                                      0.0000000000000000e+00
8                                      0.0000000000000000e+00
9                                      0.0000000000000000e+00
10                                     0.0000000000000000e+00
11                                     0.0000000000000000e+00
12                                     0.0000000000000000e+00
13                                     0.0000000000000000e+00
14                                     0.0000000000000000e+00
15                                     0.0000000000000000e+00
16                                     0.0000000000000000e+00
17                                     0.0000000000000000e+00
18                                     0.0000000000000000e+00
19                                     0.0000000000000000e+00
20                                     0.0000000000000000e+00
21                                     0.0000000000000000e+00
22                                     0.0000000000000000e+00
23                                     0.0000000000000000e+00
$End
$VdW_Correction
   &GeometryIndex 1
   &ListStatus       OUT
   &VDW [&Type "Double"]      -5.1408164836584176e-02
$End
$Calculation_Info
   &GeometryIndex 1
   &ListStatus       OUT
   &MULT [&Type "Integer"] 1
   &CHARGE [&Type "Integer"] -2
   &NUMOFATOMS [&Type "Integer"] 24
   &NUMOFELECTRONS [&Type "Integer"] 118
   &NUMOFFCELECTRONS [&Type "Integer"] 1
   &NUMOFCORRELECTRONS [&Type "Integer"] 0
   &NUMOFBASISFUNCTS [&Type "Integer"] 264
   &NUMOFAUXCBASISFUNCTS [&Type "Integer"] 0
   &NUMOFAUXJBASISFUNCTS [&Type "Integer"] 872
   &NUMOFAUXJKBASISFUNCTS [&Type "Integer"] 0
   &NUMOFCABSBASISFUNCTS [&Type "Integer"] 0
   &TOTALENERGY [&Type "Double"]      -8.3614473248605316e+02  "Hartrees"
$End
$SCF_Dipole_Moment
   &GeometryIndex 1
   &ListStatus       OUT
   &METHOD [&Type "String"] "SCF"
   &LEVEL [&Type "String"] "Relaxed density"
   &MULT [&Type "Integer"] 1
   &STATE [&Type "Integer"] -1
   &IRREP [&Type "Integer"] 0
   &NATOMS [&Type "Integer"] 24
   &DODIPOLEATOM [&Type "Boolean"] false
   &DIPOLEELECCONTRIB [&Type "ArrayOfDoubles", &Dim (3,1)] "Electronic contribution"
                                                         0

0                                      7.3995226120693258e-01
1                                     -2.5698811427461682e-01
2                                     -2.5543468681173614e-01
   &DIPOLENUCCONTRIB [&Type "ArrayOfDoubles", &Dim (3,1)] "Nuclear contribution"
                                                         0

0                                     -2.9261787727530333e+00
1                                     -1.6741441992338757e+00
2                                      1.1704912149613733e+00
   &DIPOLETOTAL [&Type "ArrayOfDoubles", &Dim (3,1)] "Total"
                                                         0

0                                     -2.1862265115461006e+00
1                                     -1.9311323135084926e+00
2                                      9.1505652814963723e-01
   &DIPOLEMAGNITUDE [&Type "Double", &Units "a.u."]       3.0571533853853263e+00
$End
