*************************************************
******************* ORCA 6.0.1 ******************
*************************************************
$Calculation_Status
   &GeometryIndex 1
   &ListStatus       OUT
   &VERSION [&Type "String"] "6.0.1"
   &PROGNAME [&Type "String"] "LeanSCF"
   &STATUS [&Type "String"] "NORMAL TERMINATION"
$End
$Geometry
   &GeometryIndex 1
   &ListStatus       OUT
   &NATOMS [&Type "Integer"] 24
   &NCORELESSECP [&Type "Integer"] 0
   &NGHOSTATOMS [&Type "Integer"] 0
   &CartesianCoordinates [&Type "Coordinates", &Dim(24,4), &Units "Bohr"] 
              C     77.777348219931   35.041191701302   85.009330134448
              H     79.419520230308   33.820428618789   84.676738334877
              H     78.270566740884   37.023514415785   84.623826003128
              C     76.985552969818   34.699151271062   87.741874124098
              C     76.067146068732   36.951704822696   89.469083810502
              O     76.446981021650   39.198589195929   88.805789937495
              O     75.024017242808   36.290300675824   91.479752416994
              O     76.987442695952   32.593996357874   88.665950203585
              C     72.510681484692   31.171032579031   85.037676026456
              H     71.819041719677   29.245401648565   85.336252755616
              C     74.600718588809   31.607559315967   83.684632114569
              H     75.689200841948   30.069322242955   82.853152615643
              C     75.575817273913   34.228609463716   83.149839618669
              C     73.557589762885   36.188255464592   83.592035534007
              H     73.944983620339   38.040187075835   82.779453296420
              C     71.577156774535   35.776295167397   85.094367810474
              H     70.337496430683   37.337208954016   85.625380854106
              C     71.032915647966   33.257290230880   86.303792536184
              H     71.735893769785   33.421696404531   88.269107715462
              O     68.404306595681   32.845329933685   86.317020619121
              H     67.937544240603   31.252290802790   87.337472731438
              C     76.528239245409   34.283411521599   80.328478500725
              O     78.155293446715   32.665805950963   79.631169557308
              O     75.581486452314   35.935032162647   78.948978422962
$End
$SCF_Energy
   &GeometryIndex 1
   &ListStatus       OUT
   &SCF_ENERGY [&Type "Double"]      -8.3611525938618252e+02
$End
$DFT_Energy
   &GeometryIndex 1
   &ListStatus       OUT
   &NALPHAEL [&Type "Integer"] 59
   &NBETAEL [&Type "Integer"] 59
   &NTOTALEL [&Type "Integer"] 118
   &EEXCHANGE [&Type "Double"]      -8.3114895061422601e+01
   &ECORR [&Type "Double"]      -4.8439088231581913e+00
   &ECNL [&Type "Double"]       0.0000000000000000e+00
   &EXC [&Type "Double"]      -8.7958803884580789e+01
   &EEMBED [&Type "Double"]       0.0000000000000000e+00
   &FINALEN [&Type "Double"]      -8.3611525938618252e+02  "No Van der Waals correction"
$End
$Mulliken_Population_Analysis
   &GeometryIndex 1
   &ListStatus       OUT
   &NATOMS [&Type "Integer"] 24
   &ATNO [&Type "ArrayOfIntegers", &Dim (24,1)] 
                                                         0

0                                                        6
1                                                        1
2                                                        1
3                                                        6
4                                                        6
5                                                        8
6                                                        8
7                                                        8
8                                                        6
9                                                        1
10                                                       6
11                                                       1
12                                                       6
13                                                       6
14                                                       1
15                                                       6
16                                                       1
17                                                       6
18                                                       1
19                                                       8
20                                                       1
21                                                       6
22                                                       8
23                                                       8
   &ATOMICCHARGES [&Type "ArrayOfDoubles", &Dim (24,1)] 
                                                         0

0                                      2.4873175044400053e-01
1                                     -4.8414606544475713e-02
2                                     -3.3530758017141560e-02
3                                     -6.7478339672947918e-02
4                                      6.5658243579999720e-02
5                                     -4.0434046908979937e-01
6                                     -4.0230426948818554e-01
7                                     -2.4784167952204328e-01
8                                     -9.3080042181420630e-02
9                                     -1.0301801591284621e-01
10                                     6.6535330203313592e-02
11                                    -5.4385760934399396e-02
12                                    -2.2441731563949485e-01
13                                     9.2873853587905231e-02
14                                    -4.3441348534035029e-02
15                                    -9.6881455511003800e-02
16                                    -6.4136718692070716e-02
17                                     3.3347799884271545e-01
18                                     9.8526371593935513e-03
19                                    -3.6305362377487249e-01
20                                     1.4858937158424701e-01
21                                     9.9365319361877980e-02
22                                    -4.3625531561432140e-01
23                                    -3.8250478563434243e-01
$End
$Loewdin_Population_Analysis
   &GeometryIndex 1
   &ListStatus       OUT
   &NATOMS [&Type "Integer"] 24
   &ATNO [&Type "ArrayOfIntegers", &Dim (24,1)] 
                                                         0

0                                                        6
1                                                        1
2                                                        1
3                                                        6
4                                                        6
5                                                        8
6                                                        8
7                                                        8
8                                                        6
9                                                        1
10                                                       6
11                                                       1
12                                                       6
13                                                       6
14                                                       1
15                                                       6
16                                                       1
17                                                       6
18                                                       1
19                                                       8
20                                                       1
21                                                       6
22                                                       8
23                                                       8
   &ATOMICCHARGES [&Type "ArrayOfDoubles", &Dim (24,1)] 
                                                         0

0                                     -3.3238956074348458e-02
1                                      9.6883277168359205e-03
2                                      1.5499878735099393e-02
3                                      3.3901166006376826e-02
4                                     -8.5643859948456580e-02
5                                     -3.7631145603326388e-01
6                                     -3.6619697859932998e-01
7                                     -1.8223912519533947e-01
8                                     -8.2840893085633915e-02
9                                     -1.3439284691158404e-02
10                                     5.4594757173855868e-03
11                                     7.8587334302107070e-03
12                                    -7.9540236654980667e-02
13                                     1.8146376202786918e-02
14                                     1.6118094795893212e-02
15                                    -7.1273993639081823e-02
16                                     4.2424060746968362e-03
17                                     4.3846108513434068e-02
18                                     1.6216715703256668e-02
19                                    -1.8554289745569363e-01
20                                     8.3663129715194851e-02
21                                    -2.2853481813759124e-02
22                                    -3.9997988546233820e-01
23                                    -3.5553936395779751e-01
$End
$Mayer_Population_Analysis
   &GeometryIndex 1
   &ListStatus       OUT
   &NATOMS [&Type "Integer"] 24 "Total number of atoms"
   &BONDTHRESH [&Type "Double"]       1.0000000000000001e-01  "The threshold for printing"
   &NBONDORDERSPRINT [&Type "Integer"] 26 "The number of bond orders larger than threshold"
   &BONDORDERS [&Type "ArrayOfDoubles", &Dim (26,1)] "The bond orders"
                                                         0

0                                      8.8206143111378421e-01
1                                      9.0804245598459588e-01
2                                      9.5806295837610977e-01
3                                      9.9995716740919072e-01
4                                      7.8166298125818212e-01
5                                      2.0738010382661338e+00
6                                      1.8514117133204588e+00
7                                      1.8499229770350185e+00
8                                      1.3481864768444882e-01
9                                      9.4638889576335794e-01
10                                     1.8791402597059683e+00
11                                     9.8171266542905244e-01
12                                     9.5778853295234467e-01
13                                     9.8053246558746765e-01
14                                     9.7655277162008491e-01
15                                     7.7210974948594724e-01
16                                     9.5693501059350994e-01
17                                     1.8694917431974685e+00
18                                     9.5966370837488790e-01
19                                     9.8081361220101226e-01
20                                     8.5727158847670581e-01
21                                     9.7798298107817672e-01
22                                     9.6275539875189042e-01
23                                     1.8220979287306140e+00
24                                     1.9112673758243575e+00
25                                     1.1555819380006130e-01
   &COMPONENTS [&Type "ArrayOfIntegers", &Dim (26,4)] "The indices and atomic numbers of the bonding atoms"
                                                         0                           1                           2                           3

0                                                        0                           6                           1                           1
1                                                        0                           6                           2                           1
2                                                        0                           6                           3                           6
3                                                        0                           6                          12                           6
4                                                        3                           6                           4                           6
5                                                        3                           6                           7                           8
6                                                        4                           6                           5                           8
7                                                        4                           6                           6                           8
8                                                        5                           8                           6                           8
9                                                        8                           6                           9                           1
10                                                       8                           6                          10                           6
11                                                       8                           6                          17                           6
12                                                      10                           6                          11                           1
13                                                      10                           6                          12                           6
14                                                      12                           6                          13                           6
15                                                      12                           6                          21                           6
16                                                      13                           6                          14                           1
17                                                      13                           6                          15                           6
18                                                      15                           6                          16                           1
19                                                      15                           6                          17                           6
20                                                      17                           6                          18                           1
21                                                      17                           6                          19                           8
22                                                      19                           8                          20                           1
23                                                      21                           6                          22                           8
24                                                      21                           6                          23                           8
25                                                      22                           8                          23                           8
   &ATNO [&Type "ArrayOfIntegers", &Dim (24,1)] "Atomic number of the elements"
                                                         0

0                                                        6
1                                                        1
2                                                        1
3                                                        6
4                                                        6
5                                                        8
6                                                        8
7                                                        8
8                                                        6
9                                                        1
10                                                       6
11                                                       1
12                                                       6
13                                                       6
14                                                       1
15                                                       6
16                                                       1
17                                                       6
18                                                       1
19                                                       8
20                                                       1
21                                                       6
22                                                       8
23                                                       8
   &NA [&Type "ArrayOfDoubles", &Dim (24,1)] "Mulliken gross atomic population"
                                                         0

0                                      5.7512682495559977e+00
1                                      1.0484146065444759e+00
2                                      1.0335307580171409e+00
3                                      6.0674783396729479e+00
4                                      5.9343417564200029e+00
5                                      8.4043404690898029e+00
6                                      8.4023042694881784e+00
7                                      8.2478416795220415e+00
8                                      6.0930800421814171e+00
9                                      1.1030180159128460e+00
10                                     5.9334646697966846e+00
11                                     1.0543857609343994e+00
12                                     6.2244173156394966e+00
13                                     5.9071261464120948e+00
14                                     1.0434413485340346e+00
15                                     6.0968814555110047e+00
16                                     1.0641367186920714e+00
17                                     5.6665220011572810e+00
18                                     9.9014736284060567e-01
19                                     8.3630536237748707e+00
20                                     8.5141062841575332e-01
21                                     5.9006346806381220e+00
22                                     8.4362553156143232e+00
23                                     8.3825047856343389e+00
   &ZA [&Type "ArrayOfDoubles", &Dim (24,1)] "Total nuclear charge"
                                                         0

0                                      6.0000000000000000e+00
1                                      1.0000000000000000e+00
2                                      1.0000000000000000e+00
3                                      6.0000000000000000e+00
4                                      6.0000000000000000e+00
5                                      8.0000000000000000e+00
6                                      8.0000000000000000e+00
7                                      8.0000000000000000e+00
8                                      6.0000000000000000e+00
9                                      1.0000000000000000e+00
10                                     6.0000000000000000e+00
11                                     1.0000000000000000e+00
12                                     6.0000000000000000e+00
13                                     6.0000000000000000e+00
14                                     1.0000000000000000e+00
15                                     6.0000000000000000e+00
16                                     1.0000000000000000e+00
17                                     6.0000000000000000e+00
18                                     1.0000000000000000e+00
19                                     8.0000000000000000e+00
20                                     1.0000000000000000e+00
21                                     6.0000000000000000e+00
22                                     8.0000000000000000e+00
23                                     8.0000000000000000e+00
   &QA [&Type "ArrayOfDoubles", &Dim (24,1)] "Mulliken gross atomic charge"
                                                         0

0                                      2.4873175044400231e-01
1                                     -4.8414606544475935e-02
2                                     -3.3530758017140894e-02
3                                     -6.7478339672947918e-02
4                                      6.5658243579997055e-02
5                                     -4.0434046908980292e-01
6                                     -4.0230426948817843e-01
7                                     -2.4784167952204150e-01
8                                     -9.3080042181417078e-02
9                                     -1.0301801591284598e-01
10                                     6.6535330203315368e-02
11                                    -5.4385760934399396e-02
12                                    -2.2441731563949663e-01
13                                     9.2873853587905231e-02
14                                    -4.3441348534034585e-02
15                                    -9.6881455511004688e-02
16                                    -6.4136718692071382e-02
17                                     3.3347799884271900e-01
18                                     9.8526371593943285e-03
19                                    -3.6305362377487072e-01
20                                     1.4858937158424668e-01
21                                     9.9365319361877980e-02
22                                    -4.3625531561432318e-01
23                                    -3.8250478563433887e-01
   &VA [&Type "ArrayOfDoubles", &Dim (24,1)] "Mayer's total valence"
                                                         0

0                                      3.7508959619377507e+00
1                                      1.0287877623405592e+00
2                                      1.0270579219897669e+00
3                                      3.9437301473385391e+00
4                                      4.4880903680520614e+00
5                                      2.0804293631366697e+00
6                                      2.0707553037658686e+00
7                                      2.2030703602895088e+00
8                                      3.9523585424130081e+00
9                                      9.7710796453406512e-01
10                                     3.9131191626273996e+00
11                                     1.0314255186585919e+00
12                                     3.7181237841844168e+00
13                                     3.9222732387979597e+00
14                                     1.0261631796616597e+00
15                                     3.9278074644822007e+00
16                                     9.8773426064789027e-01
17                                     3.7919072739200312e+00
18                                     1.0362495262894622e+00
19                                     2.0037590661366247e+00
20                                     1.0126275153330180e+00
21                                     4.5318079046567057e+00
22                                     2.0438467315386983e+00
23                                     2.1162706741160200e+00
   &BVA [&Type "ArrayOfDoubles", &Dim (24,1)] "Mayer's bonded valence"
                                                         0

0                                      3.7508959619377418e+00
1                                      1.0287877623405535e+00
2                                      1.0270579219897578e+00
3                                      3.9437301473385258e+00
4                                      4.4880903680520543e+00
5                                      2.0804293631367035e+00
6                                      2.0707553037658997e+00
7                                      2.2030703602894981e+00
8                                      3.9523585424129695e+00
9                                      9.7710796453407078e-01
10                                     3.9131191626274093e+00
11                                     1.0314255186585943e+00
12                                     3.7181237841843986e+00
13                                     3.9222732387979602e+00
14                                     1.0261631796616528e+00
15                                     3.9278074644821501e+00
16                                     9.8773426064788128e-01
17                                     3.7919072739200308e+00
18                                     1.0362495262894502e+00
19                                     2.0037590661365918e+00
20                                     1.0126275153330186e+00
21                                     4.5318079046567270e+00
22                                     2.0438467315387019e+00
23                                     2.1162706741160378e+00
   &FA [&Type "ArrayOfDoubles", &Dim (24,1)] "Mayer's free valence"
                                                         0

0                                      0.0000000000000000e+00
1                                      0.0000000000000000e+00
2                                      0.0000000000000000e+00
3                                      0.0000000000000000e+00
4                                      0.0000000000000000e+00
5                                      0.0000000000000000e+00
6                                      0.0000000000000000e+00
7                                      0.0000000000000000e+00
8                                      0.0000000000000000e+00
9                                      0.0000000000000000e+00
10                                     0.0000000000000000e+00
11                                     0.0000000000000000e+00
12                                     0.0000000000000000e+00
13                                     0.0000000000000000e+00
14                                     0.0000000000000000e+00
15                                     0.0000000000000000e+00
16                                     0.0000000000000000e+00
17                                     0.0000000000000000e+00
18                                     0.0000000000000000e+00
19                                     0.0000000000000000e+00
20                                     0.0000000000000000e+00
21                                     0.0000000000000000e+00
22                                     0.0000000000000000e+00
23                                     0.0000000000000000e+00
$End
$VdW_Correction
   &GeometryIndex 1
   &ListStatus       OUT
   &VDW [&Type "Double"]      -5.4014054758536101e-02
$End
$Calculation_Info
   &GeometryIndex 1
   &ListStatus       OUT
   &MULT [&Type "Integer"] 1
   &CHARGE [&Type "Integer"] -2
   &NUMOFATOMS [&Type "Integer"] 24
   &NUMOFELECTRONS [&Type "Integer"] 118
   &NUMOFFCELECTRONS [&Type "Integer"] 1
   &NUMOFCORRELECTRONS [&Type "Integer"] 0
   &NUMOFBASISFUNCTS [&Type "Integer"] 264
   &NUMOFAUXCBASISFUNCTS [&Type "Integer"] 0
   &NUMOFAUXJBASISFUNCTS [&Type "Integer"] 872
   &NUMOFAUXJKBASISFUNCTS [&Type "Integer"] 0
   &NUMOFCABSBASISFUNCTS [&Type "Integer"] 0
   &TOTALENERGY [&Type "Double"]      -8.3616927344094108e+02  "Hartrees"
$End
$SCF_Dipole_Moment
   &GeometryIndex 1
   &ListStatus       OUT
   &METHOD [&Type "String"] "SCF"
   &LEVEL [&Type "String"] "Relaxed density"
   &MULT [&Type "Integer"] 1
   &STATE [&Type "Integer"] -1
   &IRREP [&Type "Integer"] 0
   &NATOMS [&Type "Integer"] 24
   &DODIPOLEATOM [&Type "Boolean"] false
   &DIPOLEELECCONTRIB [&Type "ArrayOfDoubles", &Dim (3,1)] "Electronic contribution"
                                                         0

0                                      2.8106494039578678e+00
1                                      1.3223980743962129e+00
2                                      7.2396132601606655e-01
   &DIPOLENUCCONTRIB [&Type "ArrayOfDoubles", &Dim (3,1)] "Nuclear contribution"
                                                         0

0                                     -4.5403894993827407e+00
1                                     -3.0888269298833713e+00
2                                     -2.2867797081110552e-01
   &DIPOLETOTAL [&Type "ArrayOfDoubles", &Dim (3,1)] "Total"
                                                         0

0                                     -1.7297400954248729e+00
1                                     -1.7664288554871583e+00
2                                      4.9528335520496103e-01
   &DIPOLEMAGNITUDE [&Type "Double", &Units "a.u."]       2.5214236655431796e+00
$End
