*************************************************
******************* ORCA 6.0.1 ******************
*************************************************
$Calculation_Status
   &GeometryIndex 1
   &ListStatus       OUT
   &VERSION [&Type "String"] "6.0.1"
   &PROGNAME [&Type "String"] "LeanSCF"
   &STATUS [&Type "String"] "NORMAL TERMINATION"
$End
$Geometry
   &GeometryIndex 1
   &ListStatus       OUT
   &NATOMS [&Type "Integer"] 24
   &NCORELESSECP [&Type "Integer"] 0
   &NGHOSTATOMS [&Type "Integer"] 0
   &CartesianCoordinates [&Type "Coordinates", &Dim(24,4), &Units "Bohr"] 
              C     73.733334293339   36.473604110814   84.009665009603
              H     74.921972031576   35.379452679274   82.728430690805
              H     74.081043901981   38.484272717306   84.283675299022
              C     71.783136923133   35.405908845149   85.213420556911
              C     70.097501211675   36.878005503473   87.023778193208
              O     70.176869709300   39.249611801544   86.876379554762
              O     68.761464834993   35.636455433487   88.531779648077
              O     71.233226618162   32.875565551828   85.013109586715
              C     69.755460781435   32.002512077956   82.841814258840
              H     69.345390210374   30.014520185071   83.282120448043
              C     71.429758136089   32.202823048152   80.574142898134
              H     72.996341101110   30.872455849871   80.445641521028
              C     71.218108809090   34.126564252484   78.920632530953
              C     69.173425132187   35.974716411459   79.232437343050
              H     69.209329928732   37.630116504774   78.000335903734
              C     67.400862018569   35.744169823120   81.039015527079
              H     66.015692762405   37.250281551856   81.326253899435
              C     67.191102417704   33.387681334121   82.641503288644
              H     66.627964029795   33.888458759610   84.584141754315
              O     65.356178341666   31.790862750957   81.503888156024
              H     64.246909101055   30.976390787237   82.788901927090
              C     73.136180835020   34.519627288339   76.821146796167
              O     75.394403565056   33.807200535851   77.193422844549
              O     72.391628738255   35.604330089210   74.852052164621
$End
$SCF_Energy
   &GeometryIndex 1
   &ListStatus       OUT
   &SCF_ENERGY [&Type "Double"]      -8.3609257744051251e+02
$End
$DFT_Energy
   &GeometryIndex 1
   &ListStatus       OUT
   &NALPHAEL [&Type "Integer"] 59
   &NBETAEL [&Type "Integer"] 59
   &NTOTALEL [&Type "Integer"] 118
   &EEXCHANGE [&Type "Double"]      -8.3130619387555527e+01
   &ECORR [&Type "Double"]      -4.8453305183531485e+00
   &ECNL [&Type "Double"]       0.0000000000000000e+00
   &EXC [&Type "Double"]      -8.7975949905908678e+01
   &EEMBED [&Type "Double"]       0.0000000000000000e+00
   &FINALEN [&Type "Double"]      -8.3609257744051251e+02  "No Van der Waals correction"
$End
$Mulliken_Population_Analysis
   &GeometryIndex 1
   &ListStatus       OUT
   &NATOMS [&Type "Integer"] 24
   &ATNO [&Type "ArrayOfIntegers", &Dim (24,1)] 
                                                         0

0                                                        6
1                                                        1
2                                                        1
3                                                        6
4                                                        6
5                                                        8
6                                                        8
7                                                        8
8                                                        6
9                                                        1
10                                                       6
11                                                       1
12                                                       6
13                                                       6
14                                                       1
15                                                       6
16                                                       1
17                                                       6
18                                                       1
19                                                       8
20                                                       1
21                                                       6
22                                                       8
23                                                       8
   &ATOMICCHARGES [&Type "ArrayOfDoubles", &Dim (24,1)] 
                                                         0

0                                     -1.5455786561231477e-02
1                                     -4.8206794198015768e-03
2                                     -3.7883980955851104e-02
3                                      1.5310056537470196e-02
4                                      7.3252193793863718e-02
5                                     -4.1504514829632022e-01
6                                     -4.2029896906272235e-01
7                                     -3.6245219354524671e-01
8                                      2.7281428756703985e-01
9                                     -8.6770579730400366e-02
10                                    -7.3456024158710775e-02
11                                    -6.2933152646592383e-02
12                                    -2.5113701755863360e-03
13                                     5.0733840347854553e-02
14                                    -6.1122286887149269e-02
15                                    -1.7582080874246842e-02
16                                    -6.2333134615300878e-02
17                                     1.8565636599551549e-01
18                                    -9.2095697021101763e-03
19                                    -3.3531375202469960e-01
20                                     1.4197013046105111e-01
21                                     6.7358007450910584e-02
22                                    -4.2562067759903854e-01
23                                    -4.1428549589868169e-01
$End
$Loewdin_Population_Analysis
   &GeometryIndex 1
   &ListStatus       OUT
   &NATOMS [&Type "Integer"] 24
   &ATNO [&Type "ArrayOfIntegers", &Dim (24,1)] 
                                                         0

0                                                        6
1                                                        1
2                                                        1
3                                                        6
4                                                        6
5                                                        8
6                                                        8
7                                                        8
8                                                        6
9                                                        1
10                                                       6
11                                                       1
12                                                       6
13                                                       6
14                                                       1
15                                                       6
16                                                       1
17                                                       6
18                                                       1
19                                                       8
20                                                       1
21                                                       6
22                                                       8
23                                                       8
   &ATOMICCHARGES [&Type "ArrayOfDoubles", &Dim (24,1)] 
                                                         0

0                                     -1.0489994842555017e-01
1                                      1.0481921989938359e-02
2                                      7.1431406540802822e-03
3                                     -9.8643181821556070e-03
4                                     -6.7568589116184796e-02
5                                     -3.8563784315066840e-01
6                                     -3.8312455304678927e-01
7                                     -1.4696947760460333e-01
8                                      7.7362346914752855e-02
9                                     -4.5283850391504288e-03
10                                    -4.6395457585143518e-02
11                                     3.3038763809907223e-03
12                                    -5.6378789976932353e-02
13                                    -3.8677944602838465e-03
14                                     1.2229881284954613e-02
15                                    -5.4313250459695261e-02
16                                     2.2137692276632537e-03
17                                     4.8150855155533634e-02
18                                     1.2437487041971895e-02
19                                    -1.6623366855279009e-01
20                                     7.0645184595323540e-02
21                                    -4.3560016984786287e-02
22                                    -3.9325054652943159e-01
23                                    -3.7737582413100768e-01
$End
$Mayer_Population_Analysis
   &GeometryIndex 1
   &ListStatus       OUT
   &NATOMS [&Type "Integer"] 24 "Total number of atoms"
   &BONDTHRESH [&Type "Double"]       1.0000000000000001e-01  "The threshold for printing"
   &NBONDORDERSPRINT [&Type "Integer"] 26 "The number of bond orders larger than threshold"
   &BONDORDERS [&Type "ArrayOfDoubles", &Dim (26,1)] "The bond orders"
                                                         0

0                                      9.0718018703490222e-01
1                                      9.0621165203393583e-01
2                                      1.9703979421025584e+00
3                                      8.3808353388569445e-01
4                                      1.0357008026323042e+00
5                                      1.8745136725984928e+00
6                                      1.8025155888138524e+00
7                                      1.2010346974881478e-01
8                                      9.5097901329526935e-01
9                                      8.8828054658742728e-01
10                                     9.8316040499997925e-01
11                                     9.5700878044748172e-01
12                                     9.4406803932583239e-01
13                                     1.7818565079127491e+00
14                                     1.0932558561210799e+00
15                                     8.3873432925826086e-01
16                                     9.6621726084849402e-01
17                                     1.7792775514794128e+00
18                                     9.5772450591218061e-01
19                                     9.7229181587762481e-01
20                                     9.0400592110614053e-01
21                                     1.0271843877163616e+00
22                                     9.7523267172673123e-01
23                                     1.8412552197513525e+00
24                                     1.8538378758017353e+00
25                                     1.1967038252361038e-01
   &COMPONENTS [&Type "ArrayOfIntegers", &Dim (26,4)] "The indices and atomic numbers of the bonding atoms"
                                                         0                           1                           2                           3

0                                                        0                           6                           1                           1
1                                                        0                           6                           2                           1
2                                                        0                           6                           3                           6
3                                                        3                           6                           4                           6
4                                                        3                           6                           7                           8
5                                                        4                           6                           5                           8
6                                                        4                           6                           6                           8
7                                                        5                           8                           6                           8
8                                                        7                           8                           8                           6
9                                                        8                           6                           9                           1
10                                                       8                           6                          10                           6
11                                                       8                           6                          17                           6
12                                                      10                           6                          11                           1
13                                                      10                           6                          12                           6
14                                                      12                           6                          13                           6
15                                                      12                           6                          21                           6
16                                                      13                           6                          14                           1
17                                                      13                           6                          15                           6
18                                                      15                           6                          16                           1
19                                                      15                           6                          17                           6
20                                                      17                           6                          18                           1
21                                                      17                           6                          19                           8
22                                                      19                           8                          20                           1
23                                                      21                           6                          22                           8
24                                                      21                           6                          23                           8
25                                                      22                           8                          23                           8
   &ATNO [&Type "ArrayOfIntegers", &Dim (24,1)] "Atomic number of the elements"
                                                         0

0                                                        6
1                                                        1
2                                                        1
3                                                        6
4                                                        6
5                                                        8
6                                                        8
7                                                        8
8                                                        6
9                                                        1
10                                                       6
11                                                       1
12                                                       6
13                                                       6
14                                                       1
15                                                       6
16                                                       1
17                                                       6
18                                                       1
19                                                       8
20                                                       1
21                                                       6
22                                                       8
23                                                       8
   &NA [&Type "ArrayOfDoubles", &Dim (24,1)] "Mulliken gross atomic population"
                                                         0

0                                      6.0154557865612324e+00
1                                      1.0048206794198014e+00
2                                      1.0378839809558511e+00
3                                      5.9846899434625289e+00
4                                      5.9267478062061389e+00
5                                      8.4150451482963184e+00
6                                      8.4202989690627241e+00
7                                      8.3624521935452432e+00
8                                      5.7271857124329557e+00
9                                      1.0867705797304008e+00
10                                     6.0734560241587126e+00
11                                     1.0629331526465926e+00
12                                     6.0025113701755881e+00
13                                     5.9492661596521392e+00
14                                     1.0611222868871493e+00
15                                     6.0175820808742468e+00
16                                     1.0623331346153011e+00
17                                     5.8143436340044827e+00
18                                     1.0092095697021100e+00
19                                     8.3353137520247014e+00
20                                     8.5802986953894878e-01
21                                     5.9326419925490868e+00
22                                     8.4256206775990350e+00
23                                     8.4142854958986817e+00
   &ZA [&Type "ArrayOfDoubles", &Dim (24,1)] "Total nuclear charge"
                                                         0

0                                      6.0000000000000000e+00
1                                      1.0000000000000000e+00
2                                      1.0000000000000000e+00
3                                      6.0000000000000000e+00
4                                      6.0000000000000000e+00
5                                      8.0000000000000000e+00
6                                      8.0000000000000000e+00
7                                      8.0000000000000000e+00
8                                      6.0000000000000000e+00
9                                      1.0000000000000000e+00
10                                     6.0000000000000000e+00
11                                     1.0000000000000000e+00
12                                     6.0000000000000000e+00
13                                     6.0000000000000000e+00
14                                     1.0000000000000000e+00
15                                     6.0000000000000000e+00
16                                     1.0000000000000000e+00
17                                     6.0000000000000000e+00
18                                     1.0000000000000000e+00
19                                     8.0000000000000000e+00
20                                     1.0000000000000000e+00
21                                     6.0000000000000000e+00
22                                     8.0000000000000000e+00
23                                     8.0000000000000000e+00
   &QA [&Type "ArrayOfDoubles", &Dim (24,1)] "Mulliken gross atomic charge"
                                                         0

0                                     -1.5455786561232365e-02
1                                     -4.8206794198013547e-03
2                                     -3.7883980955851104e-02
3                                      1.5310056537471084e-02
4                                      7.3252193793861053e-02
5                                     -4.1504514829631844e-01
6                                     -4.2029896906272413e-01
7                                     -3.6245219354524316e-01
8                                      2.7281428756704429e-01
9                                     -8.6770579730400810e-02
10                                    -7.3456024158712552e-02
11                                    -6.2933152646592605e-02
12                                    -2.5113701755881124e-03
13                                     5.0733840347860770e-02
14                                    -6.1122286887149269e-02
15                                    -1.7582080874246842e-02
16                                    -6.2333134615301100e-02
17                                     1.8565636599551727e-01
18                                    -9.2095697021099543e-03
19                                    -3.3531375202470137e-01
20                                     1.4197013046105122e-01
21                                     6.7358007450913249e-02
22                                    -4.2562067759903499e-01
23                                    -4.1428549589868169e-01
   &VA [&Type "ArrayOfDoubles", &Dim (24,1)] "Mayer's total valence"
                                                         0

0                                      3.8848857255698670e+00
1                                      1.0154304912516847e+00
2                                      1.0190490256359293e+00
3                                      3.9445579389064722e+00
4                                      4.5122810139821352e+00
5                                      2.0732470582637279e+00
6                                      2.0462144248905743e+00
7                                      2.0947075979721368e+00
8                                      3.8398332907925110e+00
9                                      9.9328204472909598e-01
10                                     3.9025634448381332e+00
11                                     1.0221338768384172e+00
12                                     3.7424445897687715e+00
13                                     3.9347160128722480e+00
14                                     1.0155491158967946e+00
15                                     3.8243767100181860e+00
16                                     9.8016455985104911e-01
17                                     3.9099281122731515e+00
18                                     1.0609541937960312e+00
19                                     2.0256477652822023e+00
20                                     1.0216046347250920e+00
21                                     4.5324890516460847e+00
22                                     2.0503048137197402e+00
23                                     2.0645552551653514e+00
   &BVA [&Type "ArrayOfDoubles", &Dim (24,1)] "Mayer's bonded valence"
                                                         0

0                                      3.8848857255698634e+00
1                                      1.0154304912516898e+00
2                                      1.0190490256359241e+00
3                                      3.9445579389064935e+00
4                                      4.5122810139821468e+00
5                                      2.0732470582637372e+00
6                                      2.0462144248905965e+00
7                                      2.0947075979722083e+00
8                                      3.8398332907925044e+00
9                                      9.9328204472908821e-01
10                                     3.9025634448381248e+00
11                                     1.0221338768384238e+00
12                                     3.7424445897687417e+00
13                                     3.9347160128722298e+00
14                                     1.0155491158967762e+00
15                                     3.8243767100182096e+00
16                                     9.8016455985105289e-01
17                                     3.9099281122731324e+00
18                                     1.0609541937960261e+00
19                                     2.0256477652821800e+00
20                                     1.0216046347250944e+00
21                                     4.5324890516460865e+00
22                                     2.0503048137197268e+00
23                                     2.0645552551653612e+00
   &FA [&Type "ArrayOfDoubles", &Dim (24,1)] "Mayer's free valence"
                                                         0

0                                      0.0000000000000000e+00
1                                      0.0000000000000000e+00
2                                      0.0000000000000000e+00
3                                      0.0000000000000000e+00
4                                      0.0000000000000000e+00
5                                      0.0000000000000000e+00
6                                      0.0000000000000000e+00
7                                      0.0000000000000000e+00
8                                      0.0000000000000000e+00
9                                      0.0000000000000000e+00
10                                     0.0000000000000000e+00
11                                     0.0000000000000000e+00
12                                     0.0000000000000000e+00
13                                     0.0000000000000000e+00
14                                     0.0000000000000000e+00
15                                     0.0000000000000000e+00
16                                     0.0000000000000000e+00
17                                     0.0000000000000000e+00
18                                     0.0000000000000000e+00
19                                     0.0000000000000000e+00
20                                     0.0000000000000000e+00
21                                     0.0000000000000000e+00
22                                     0.0000000000000000e+00
23                                     0.0000000000000000e+00
$End
$VdW_Correction
   &GeometryIndex 1
   &ListStatus       OUT
   &VDW [&Type "Double"]      -5.2229682529529128e-02
$End
$Calculation_Info
   &GeometryIndex 1
   &ListStatus       OUT
   &MULT [&Type "Integer"] 1
   &CHARGE [&Type "Integer"] -2
   &NUMOFATOMS [&Type "Integer"] 24
   &NUMOFELECTRONS [&Type "Integer"] 118
   &NUMOFFCELECTRONS [&Type "Integer"] 1
   &NUMOFCORRELECTRONS [&Type "Integer"] 0
   &NUMOFBASISFUNCTS [&Type "Integer"] 264
   &NUMOFAUXCBASISFUNCTS [&Type "Integer"] 0
   &NUMOFAUXJBASISFUNCTS [&Type "Integer"] 872
   &NUMOFAUXJKBASISFUNCTS [&Type "Integer"] 0
   &NUMOFCABSBASISFUNCTS [&Type "Integer"] 0
   &TOTALENERGY [&Type "Double"]      -8.3614480712304203e+02  "Hartrees"
$End
$SCF_Dipole_Moment
   &GeometryIndex 1
   &ListStatus       OUT
   &METHOD [&Type "String"] "SCF"
   &LEVEL [&Type "String"] "Relaxed density"
   &MULT [&Type "Integer"] 1
   &STATE [&Type "Integer"] -1
   &IRREP [&Type "Integer"] 0
   &NATOMS [&Type "Integer"] 24
   &DODIPOLEATOM [&Type "Boolean"] false
   &DIPOLEELECCONTRIB [&Type "ArrayOfDoubles", &Dim (3,1)] "Electronic contribution"
                                                         0

0                                      1.0339261403878419e+00
1                                     -4.1845382714860646e-01
2                                     -7.5764658507150001e-02
   &DIPOLENUCCONTRIB [&Type "ArrayOfDoubles", &Dim (3,1)] "Nuclear contribution"
                                                         0

0                                     -3.2060945827867897e+00
1                                     -1.6368697373336332e+00
2                                      5.0112861741033043e-01
   &DIPOLETOTAL [&Type "ArrayOfDoubles", &Dim (3,1)] "Total"
                                                         0

0                                     -2.1721684423989478e+00
1                                     -2.0553235644822396e+00
2                                      4.2536395890318046e-01
   &DIPOLEMAGNITUDE [&Type "Double", &Units "a.u."]       3.0205306147105406e+00
$End
