*************************************************
******************* ORCA 6.0.1 ******************
*************************************************
$Calculation_Status
   &GeometryIndex 1
   &ListStatus       OUT
   &VERSION [&Type "String"] "6.0.1"
   &PROGNAME [&Type "String"] "LeanSCF"
   &STATUS [&Type "String"] "NORMAL TERMINATION"
$End
$Geometry
   &GeometryIndex 1
   &ListStatus       OUT
   &NATOMS [&Type "Integer"] 24
   &NCORELESSECP [&Type "Integer"] 0
   &NGHOSTATOMS [&Type "Integer"] 0
   &CartesianCoordinates [&Type "Coordinates", &Dim(24,4), &Units "Bohr"] 
              C     78.455759902009   34.343882757885   92.407607948749
              H     79.032126372855   32.643129237356   91.400383919369
              H     79.633059283442   36.033297921610   92.309342189785
              C     76.295802930937   34.459156052054   93.717188159557
              C     75.488889871752   36.804306184250   95.177946461078
              O     76.422414581909   38.888674109965   94.505203957402
              O     73.956321977142   36.484942467618   96.954289026964
              O     74.691425443237   32.420141553553   93.915609403618
              C     72.805478761584   32.089439480117   91.891712714189
              H     71.630069106285   30.515297610560   92.566344943999
              C     74.254898706302   31.390240810566   89.578687926269
              H     75.107165192700   29.519411937984   89.493650250243
              C     74.884177508897   33.132568306041   87.836360430794
              C     73.848607587509   35.696926669772   88.017774139650
              H     74.570482970667   37.057529486196   86.642053514155
              C     72.174310232854   36.348882185975   89.813013966875
              H     71.475111563303   38.289630925512   89.958522879187
              C     71.061261539975   34.411912898706   91.595025711163
              H     70.815597142565   35.245282123765   93.488531297352
              O     68.702883324841   33.648463540602   90.570794146578
              H     67.434877088980   33.281856670621   91.950294224340
              C     76.858941318845   32.533525121588   85.835140454971
              O     78.043799604814   30.483172266284   86.050569234238
              O     77.229327641094   34.141682061555   84.140056112844
$End
$SCF_Energy
   &GeometryIndex 1
   &ListStatus       OUT
   &SCF_ENERGY [&Type "Double"]      -8.3608984325659878e+02
$End
$DFT_Energy
   &GeometryIndex 1
   &ListStatus       OUT
   &NALPHAEL [&Type "Integer"] 59
   &NBETAEL [&Type "Integer"] 59
   &NTOTALEL [&Type "Integer"] 118
   &EEXCHANGE [&Type "Double"]      -8.3131170427626515e+01
   &ECORR [&Type "Double"]      -4.8466110272917868e+00
   &ECNL [&Type "Double"]       0.0000000000000000e+00
   &EXC [&Type "Double"]      -8.7977781454918301e+01
   &EEMBED [&Type "Double"]       0.0000000000000000e+00
   &FINALEN [&Type "Double"]      -8.3608984325659878e+02  "No Van der Waals correction"
$End
$Mulliken_Population_Analysis
   &GeometryIndex 1
   &ListStatus       OUT
   &NATOMS [&Type "Integer"] 24
   &ATNO [&Type "ArrayOfIntegers", &Dim (24,1)] 
                                                         0

0                                                        6
1                                                        1
2                                                        1
3                                                        6
4                                                        6
5                                                        8
6                                                        8
7                                                        8
8                                                        6
9                                                        1
10                                                       6
11                                                       1
12                                                       6
13                                                       6
14                                                       1
15                                                       6
16                                                       1
17                                                       6
18                                                       1
19                                                       8
20                                                       1
21                                                       6
22                                                       8
23                                                       8
   &ATOMICCHARGES [&Type "ArrayOfDoubles", &Dim (24,1)] 
                                                         0

0                                      8.1360115246198461e-04
1                                     -1.5356260087197260e-02
2                                     -3.3721867954477069e-02
3                                      1.4655325287448839e-02
4                                      7.8556261371307556e-02
5                                     -4.1656628949803398e-01
6                                     -4.2428569728602206e-01
7                                     -3.6632897887412064e-01
8                                      2.6889766823130579e-01
9                                     -9.2008066685236756e-02
10                                    -6.9461993629486685e-02
11                                    -6.0540926766569303e-02
12                                    -4.2941861396013969e-02
13                                     5.1468679687318719e-02
14                                    -5.9464537983721533e-02
15                                    -6.3254497729623438e-03
16                                    -6.4404716251266647e-02
17                                     1.9195829639906670e-01
18                                    -1.0209662061046565e-02
19                                    -3.3960855500031073e-01
20                                     1.4273540820453978e-01
21                                     7.1766020005972209e-02
22                                    -4.1733539146908250e-01
23                                    -4.0229100562380005e-01
$End
$Loewdin_Population_Analysis
   &GeometryIndex 1
   &ListStatus       OUT
   &NATOMS [&Type "Integer"] 24
   &ATNO [&Type "ArrayOfIntegers", &Dim (24,1)] 
                                                         0

0                                                        6
1                                                        1
2                                                        1
3                                                        6
4                                                        6
5                                                        8
6                                                        8
7                                                        8
8                                                        6
9                                                        1
10                                                       6
11                                                       1
12                                                       6
13                                                       6
14                                                       1
15                                                       6
16                                                       1
17                                                       6
18                                                       1
19                                                       8
20                                                       1
21                                                       6
22                                                       8
23                                                       8
   &ATOMICCHARGES [&Type "ArrayOfDoubles", &Dim (24,1)] 
                                                         0

0                                     -1.0285113206124930e-01
1                                      8.4615237424032763e-03
2                                      8.9043726706462545e-03
3                                     -7.7456564369997594e-03
4                                     -6.5596414654249813e-02
5                                     -3.8439339134209760e-01
6                                     -3.8451966874156440e-01
7                                     -1.5108901185735135e-01
8                                      7.7240837803118190e-02
9                                     -6.7992131667296007e-03
10                                    -4.1862674980190029e-02
11                                     2.6870740469074894e-03
12                                    -6.2489430031110516e-02
13                                    -3.9926326510828503e-03
14                                     1.1988039580992038e-02
15                                    -5.1963801691211842e-02
16                                     2.0658055416427068e-03
17                                     4.6480135954904078e-02
18                                     1.0251241382208787e-02
19                                    -1.7132125786942787e-01
20                                     7.4823860728569280e-02
21                                    -4.6023118510290395e-02
22                                    -3.8787521767301136e-01
23                                    -3.7438026978474959e-01
$End
$Mayer_Population_Analysis
   &GeometryIndex 1
   &ListStatus       OUT
   &NATOMS [&Type "Integer"] 24 "Total number of atoms"
   &BONDTHRESH [&Type "Double"]       1.0000000000000001e-01  "The threshold for printing"
   &NBONDORDERSPRINT [&Type "Integer"] 26 "The number of bond orders larger than threshold"
   &BONDORDERS [&Type "ArrayOfDoubles", &Dim (26,1)] "The bond orders"
                                                         0

0                                      9.1064292802894509e-01
1                                      9.0924311561010884e-01
2                                      1.9664466846813247e+00
3                                      8.3808729680210114e-01
4                                      1.0385865091127569e+00
5                                      1.8693145832810365e+00
6                                      1.7978464999169554e+00
7                                      1.2003166896836343e-01
8                                      9.4531539172514223e-01
9                                      8.8922473282965142e-01
10                                     9.7406262116330589e-01
11                                     9.6006261355053213e-01
12                                     9.3111050287059804e-01
13                                     1.7833135514099552e+00
14                                     1.0949465101552049e+00
15                                     8.3426508144734457e-01
16                                     9.6163298175876555e-01
17                                     1.7653915099487794e+00
18                                     9.5758162151994064e-01
19                                     9.7596247712843365e-01
20                                     9.0324945199878803e-01
21                                     1.0217713115198266e+00
22                                     9.7039829929257304e-01
23                                     1.8573749248852467e+00
24                                     1.8767372351210985e+00
25                                     1.2125804063018729e-01
   &COMPONENTS [&Type "ArrayOfIntegers", &Dim (26,4)] "The indices and atomic numbers of the bonding atoms"
                                                         0                           1                           2                           3

0                                                        0                           6                           1                           1
1                                                        0                           6                           2                           1
2                                                        0                           6                           3                           6
3                                                        3                           6                           4                           6
4                                                        3                           6                           7                           8
5                                                        4                           6                           5                           8
6                                                        4                           6                           6                           8
7                                                        5                           8                           6                           8
8                                                        7                           8                           8                           6
9                                                        8                           6                           9                           1
10                                                       8                           6                          10                           6
11                                                       8                           6                          17                           6
12                                                      10                           6                          11                           1
13                                                      10                           6                          12                           6
14                                                      12                           6                          13                           6
15                                                      12                           6                          21                           6
16                                                      13                           6                          14                           1
17                                                      13                           6                          15                           6
18                                                      15                           6                          16                           1
19                                                      15                           6                          17                           6
20                                                      17                           6                          18                           1
21                                                      17                           6                          19                           8
22                                                      19                           8                          20                           1
23                                                      21                           6                          22                           8
24                                                      21                           6                          23                           8
25                                                      22                           8                          23                           8
   &ATNO [&Type "ArrayOfIntegers", &Dim (24,1)] "Atomic number of the elements"
                                                         0

0                                                        6
1                                                        1
2                                                        1
3                                                        6
4                                                        6
5                                                        8
6                                                        8
7                                                        8
8                                                        6
9                                                        1
10                                                       6
11                                                       1
12                                                       6
13                                                       6
14                                                       1
15                                                       6
16                                                       1
17                                                       6
18                                                       1
19                                                       8
20                                                       1
21                                                       6
22                                                       8
23                                                       8
   &NA [&Type "ArrayOfDoubles", &Dim (24,1)] "Mulliken gross atomic population"
                                                         0

0                                      5.9991863988475425e+00
1                                      1.0153562600871964e+00
2                                      1.0337218679544775e+00
3                                      5.9853446747125512e+00
4                                      5.9214437386286907e+00
5                                      8.4165662894980358e+00
6                                      8.4242856972860185e+00
7                                      8.3663289788741171e+00
8                                      5.7311023317686924e+00
9                                      1.0920080666852363e+00
10                                     6.0694619936294893e+00
11                                     1.0605409267665695e+00
12                                     6.0429418613960113e+00
13                                     5.9485313203126813e+00
14                                     1.0594645379837220e+00
15                                     6.0063254497729650e+00
16                                     1.0644047162512664e+00
17                                     5.8080417036009306e+00
18                                     1.0102096620610466e+00
19                                     8.3396085550003125e+00
20                                     8.5726459179546000e-01
21                                     5.9282339799940251e+00
22                                     8.4173353914690843e+00
23                                     8.4022910056238018e+00
   &ZA [&Type "ArrayOfDoubles", &Dim (24,1)] "Total nuclear charge"
                                                         0

0                                      6.0000000000000000e+00
1                                      1.0000000000000000e+00
2                                      1.0000000000000000e+00
3                                      6.0000000000000000e+00
4                                      6.0000000000000000e+00
5                                      8.0000000000000000e+00
6                                      8.0000000000000000e+00
7                                      8.0000000000000000e+00
8                                      6.0000000000000000e+00
9                                      1.0000000000000000e+00
10                                     6.0000000000000000e+00
11                                     1.0000000000000000e+00
12                                     6.0000000000000000e+00
13                                     6.0000000000000000e+00
14                                     1.0000000000000000e+00
15                                     6.0000000000000000e+00
16                                     1.0000000000000000e+00
17                                     6.0000000000000000e+00
18                                     1.0000000000000000e+00
19                                     8.0000000000000000e+00
20                                     1.0000000000000000e+00
21                                     6.0000000000000000e+00
22                                     8.0000000000000000e+00
23                                     8.0000000000000000e+00
   &QA [&Type "ArrayOfDoubles", &Dim (24,1)] "Mulliken gross atomic charge"
                                                         0

0                                      8.1360115245754372e-04
1                                     -1.5356260087196372e-02
2                                     -3.3721867954477514e-02
3                                      1.4655325287448839e-02
4                                      7.8556261371309333e-02
5                                     -4.1656628949803576e-01
6                                     -4.2428569728601850e-01
7                                     -3.6632897887411708e-01
8                                      2.6889766823130756e-01
9                                     -9.2008066685236312e-02
10                                    -6.9461993629489349e-02
11                                    -6.0540926766569525e-02
12                                    -4.2941861396011305e-02
13                                     5.1468679687318719e-02
14                                    -5.9464537983721977e-02
15                                    -6.3254497729650083e-03
16                                    -6.4404716251266425e-02
17                                     1.9195829639906936e-01
18                                    -1.0209662061046565e-02
19                                    -3.3960855500031251e-01
20                                     1.4273540820454000e-01
21                                     7.1766020005974873e-02
22                                    -4.1733539146908427e-01
23                                    -4.0229100562380182e-01
   &VA [&Type "ArrayOfDoubles", &Dim (24,1)] "Mayer's total valence"
                                                         0

0                                      3.8875201884061155e+00
1                                      1.0081221009418944e+00
2                                      1.0165815011570254e+00
3                                      3.9487845371393382e+00
4                                      4.5086088519369021e+00
5                                      2.0683033155246440e+00
6                                      2.0401874230129389e+00
7                                      2.0941921894967641e+00
8                                      3.8341633242571622e+00
9                                      9.9165279542264928e-01
10                                     3.8748156317404612e+00
11                                     1.0381542965902848e+00
12                                     3.7408931417021565e+00
13                                     3.9053769571997834e+00
14                                     1.0310437351603172e+00
15                                     3.8158753928915576e+00
16                                     9.8249561519317363e-01
17                                     3.9103099366000102e+00
18                                     1.0535512789051857e+00
19                                     2.0183069030821779e+00
20                                     1.0190626268525875e+00
21                                     4.5552922857933060e+00
22                                     2.0757646270434886e+00
23                                     2.0912802250626155e+00
   &BVA [&Type "ArrayOfDoubles", &Dim (24,1)] "Mayer's bonded valence"
                                                         0

0                                      3.8875201884060675e+00
1                                      1.0081221009418888e+00
2                                      1.0165815011570207e+00
3                                      3.9487845371392973e+00
4                                      4.5086088519368639e+00
5                                      2.0683033155246608e+00
6                                      2.0401874230129220e+00
7                                      2.0941921894968001e+00
8                                      3.8341633242571760e+00
9                                      9.9165279542266160e-01
10                                     3.8748156317404585e+00
11                                     1.0381542965903012e+00
12                                     3.7408931417021192e+00
13                                     3.9053769571997630e+00
14                                     1.0310437351603159e+00
15                                     3.8158753928915408e+00
16                                     9.8249561519316009e-01
17                                     3.9103099366000023e+00
18                                     1.0535512789051835e+00
19                                     2.0183069030821486e+00
20                                     1.0190626268525844e+00
21                                     4.5552922857933291e+00
22                                     2.0757646270435295e+00
23                                     2.0912802250626239e+00
   &FA [&Type "ArrayOfDoubles", &Dim (24,1)] "Mayer's free valence"
                                                         0

0                                      0.0000000000000000e+00
1                                      0.0000000000000000e+00
2                                      0.0000000000000000e+00
3                                      0.0000000000000000e+00
4                                      0.0000000000000000e+00
5                                      0.0000000000000000e+00
6                                      0.0000000000000000e+00
7                                      0.0000000000000000e+00
8                                      0.0000000000000000e+00
9                                      0.0000000000000000e+00
10                                     0.0000000000000000e+00
11                                     0.0000000000000000e+00
12                                     0.0000000000000000e+00
13                                     0.0000000000000000e+00
14                                     0.0000000000000000e+00
15                                     0.0000000000000000e+00
16                                     0.0000000000000000e+00
17                                     0.0000000000000000e+00
18                                     0.0000000000000000e+00
19                                     0.0000000000000000e+00
20                                     0.0000000000000000e+00
21                                     0.0000000000000000e+00
22                                     0.0000000000000000e+00
23                                     0.0000000000000000e+00
$End
$VdW_Correction
   &GeometryIndex 1
   &ListStatus       OUT
   &VDW [&Type "Double"]      -5.3308005895252683e-02
$End
$Calculation_Info
   &GeometryIndex 1
   &ListStatus       OUT
   &MULT [&Type "Integer"] 1
   &CHARGE [&Type "Integer"] -2
   &NUMOFATOMS [&Type "Integer"] 24
   &NUMOFELECTRONS [&Type "Integer"] 118
   &NUMOFFCELECTRONS [&Type "Integer"] 1
   &NUMOFCORRELECTRONS [&Type "Integer"] 0
   &NUMOFBASISFUNCTS [&Type "Integer"] 264
   &NUMOFAUXCBASISFUNCTS [&Type "Integer"] 0
   &NUMOFAUXJBASISFUNCTS [&Type "Integer"] 872
   &NUMOFAUXJKBASISFUNCTS [&Type "Integer"] 0
   &NUMOFCABSBASISFUNCTS [&Type "Integer"] 0
   &TOTALENERGY [&Type "Double"]      -8.3614315126249403e+02  "Hartrees"
$End
$SCF_Dipole_Moment
   &GeometryIndex 1
   &ListStatus       OUT
   &METHOD [&Type "String"] "SCF"
   &LEVEL [&Type "String"] "Relaxed density"
   &MULT [&Type "Integer"] 1
   &STATE [&Type "Integer"] -1
   &IRREP [&Type "Integer"] 0
   &NATOMS [&Type "Integer"] 24
   &DODIPOLEATOM [&Type "Boolean"] false
   &DIPOLEELECCONTRIB [&Type "ArrayOfDoubles", &Dim (3,1)] "Electronic contribution"
                                                         0

0                                      9.2218307693967305e-01
1                                     -5.0604846970317097e-01
2                                     -5.2905334881374479e-02
   &DIPOLENUCCONTRIB [&Type "ArrayOfDoubles", &Dim (3,1)] "Nuclear contribution"
                                                         0

0                                     -3.8283528514846097e+00
1                                     -5.5733928704146507e-01
2                                      7.5977406635644229e-01
   &DIPOLETOTAL [&Type "ArrayOfDoubles", &Dim (3,1)] "Total"
                                                         0

0                                     -2.9061697745449369e+00
1                                     -1.0633877567446359e+00
2                                      7.0686873147506779e-01
   &DIPOLEMAGNITUDE [&Type "Double", &Units "a.u."]       3.1743156243842749e+00
$End
