*************************************************
******************* ORCA 6.0.1 ******************
*************************************************
$Calculation_Status
   &GeometryIndex 1
   &ListStatus       OUT
   &VERSION [&Type "String"] "6.0.1"
   &PROGNAME [&Type "String"] "LeanSCF"
   &STATUS [&Type "String"] "NORMAL TERMINATION"
$End
$Geometry
   &GeometryIndex 1
   &ListStatus       OUT
   &NATOMS [&Type "Integer"] 24
   &NCORELESSECP [&Type "Integer"] 0
   &NGHOSTATOMS [&Type "Integer"] 0
   &CartesianCoordinates [&Type "Coordinates", &Dim(24,4), &Units "Bohr"] 
              C     77.883172883430   39.669131003275   86.366153498603
              H     79.746442851477   38.745054923787   86.351035689532
              H     78.091042758162   41.698696871106   86.677958310700
              C     76.344935810419   38.584428202404   88.505323482202
              C     74.256788432436   40.224710486648   89.752542730590
              O     74.785911749934   42.499940751889   90.075685899490
              O     72.248009552077   39.109772067634   90.366703724114
              O     76.707763228131   36.433919862002   89.236647496029
              C     74.239780897230   35.012845809293   84.007775283469
              H     74.194427470016   32.953044323319   83.973760213059
              C     76.369502250160   36.271403414485   83.506997857980
              H     78.130727006974   35.290635550979   83.083699203982
              C     76.581151577159   39.102213163099   83.724316363381
              C     74.007344582758   40.321086519478   83.627940330551
              H     73.950652798740   42.324196221434   83.159288249339
              C     71.868174599159   39.062528914286   84.089033507228
              H     70.050258058327   40.048965956193   84.051238984549
              C     71.769908840195   36.273293140618   84.642723264467
              H     71.386294435009   36.055974635217   86.685517215236
              O     69.802703934783   35.147016364801   83.219759485624
              H     68.674537432832   34.079321099136   84.327139000102
              C     78.400957844125   40.175577607166   81.641838163800
              O     80.396508641546   38.968042607590   81.241216223409
              O     77.788686576734   42.193805118194   80.545797006126
$End
$SCF_Energy
   &GeometryIndex 1
   &ListStatus       OUT
   &SCF_ENERGY [&Type "Double"]      -8.3612371362239435e+02
$End
$DFT_Energy
   &GeometryIndex 1
   &ListStatus       OUT
   &NALPHAEL [&Type "Integer"] 59
   &NBETAEL [&Type "Integer"] 59
   &NTOTALEL [&Type "Integer"] 118
   &EEXCHANGE [&Type "Double"]      -8.3134402667687908e+01
   &ECORR [&Type "Double"]      -4.8458602914584787e+00
   &ECNL [&Type "Double"]       0.0000000000000000e+00
   &EXC [&Type "Double"]      -8.7980262959146387e+01
   &EEMBED [&Type "Double"]       0.0000000000000000e+00
   &FINALEN [&Type "Double"]      -8.3612371362239435e+02  "No Van der Waals correction"
$End
$Mulliken_Population_Analysis
   &GeometryIndex 1
   &ListStatus       OUT
   &NATOMS [&Type "Integer"] 24
   &ATNO [&Type "ArrayOfIntegers", &Dim (24,1)] 
                                                         0

0                                                        6
1                                                        1
2                                                        1
3                                                        6
4                                                        6
5                                                        8
6                                                        8
7                                                        8
8                                                        6
9                                                        1
10                                                       6
11                                                       1
12                                                       6
13                                                       6
14                                                       1
15                                                       6
16                                                       1
17                                                       6
18                                                       1
19                                                       8
20                                                       1
21                                                       6
22                                                       8
23                                                       8
   &ATOMICCHARGES [&Type "ArrayOfDoubles", &Dim (24,1)] 
                                                         0

0                                      2.2103649746046372e-01
1                                     -5.0487344826865899e-02
2                                     -2.4494498829686018e-02
3                                     -3.0629711055625286e-02
4                                      9.8354523611765110e-02
5                                     -4.0556634904566913e-01
6                                     -4.1264468203143068e-01
7                                     -2.7432445202812872e-01
8                                     -6.7190439554359216e-02
9                                     -1.0030494648339294e-01
10                                     5.7403321918988226e-02
11                                    -5.5373436958464195e-02
12                                    -2.0772006287319300e-01
13                                     6.6883626098450222e-02
14                                    -4.6235341635803451e-02
15                                    -6.2668504242944678e-02
16                                    -8.2470067673934055e-02
17                                     3.1145840617653420e-01
18                                     2.8733911546298119e-03
19                                    -3.6022474178095365e-01
20                                     1.4179305655493191e-01
21                                     9.8999071790816906e-02
22                                    -4.1548273280284498e-01
23                                    -4.0298458294326167e-01
$End
$Loewdin_Population_Analysis
   &GeometryIndex 1
   &ListStatus       OUT
   &NATOMS [&Type "Integer"] 24
   &ATNO [&Type "ArrayOfIntegers", &Dim (24,1)] 
                                                         0

0                                                        6
1                                                        1
2                                                        1
3                                                        6
4                                                        6
5                                                        8
6                                                        8
7                                                        8
8                                                        6
9                                                        1
10                                                       6
11                                                       1
12                                                       6
13                                                       6
14                                                       1
15                                                       6
16                                                       1
17                                                       6
18                                                       1
19                                                       8
20                                                       1
21                                                       6
22                                                       8
23                                                       8
   &ATOMICCHARGES [&Type "ArrayOfDoubles", &Dim (24,1)] 
                                                         0

0                                     -2.9847057453611825e-02
1                                      8.3383322379019242e-03
2                                      1.6517605467755159e-02
3                                      3.8459552530311747e-02
4                                     -7.2841170001577638e-02
5                                     -3.5925560414076152e-01
6                                     -3.7049279573203542e-01
7                                     -2.0062863015030175e-01
8                                     -7.6046209669931919e-02
9                                     -1.1471326081994748e-02
10                                     2.9014932369761937e-03
11                                     7.6082507967752955e-03
12                                    -7.7900531235679971e-02
13                                     4.6154755747940257e-03
14                                     1.2847683968368218e-02
15                                    -6.3871216035252587e-02
16                                    -2.2529739354808509e-03
17                                     4.8385022891371143e-02
18                                     1.1884489750282001e-02
19                                    -1.8093658543384983e-01
20                                     7.4707147055342427e-02
21                                    -2.3337450112514091e-02
22                                    -3.8013238382919567e-01
23                                    -3.7725111969766090e-01
$End
$Mayer_Population_Analysis
   &GeometryIndex 1
   &ListStatus       OUT
   &NATOMS [&Type "Integer"] 24 "Total number of atoms"
   &BONDTHRESH [&Type "Double"]       1.0000000000000001e-01  "The threshold for printing"
   &NBONDORDERSPRINT [&Type "Integer"] 26 "The number of bond orders larger than threshold"
   &BONDORDERS [&Type "ArrayOfDoubles", &Dim (26,1)] "The bond orders"
                                                         0

0                                      8.9182890702454587e-01
1                                      9.0634281709963493e-01
2                                      9.7519306185092092e-01
3                                      1.0025193113486310e+00
4                                      8.1770896126894499e-01
5                                      2.0597107177398870e+00
6                                      1.8249034801691191e+00
7                                      1.8117056035220460e+00
8                                      1.2900579851464880e-01
9                                      9.5198993795411579e-01
10                                     1.8711525808800420e+00
11                                     9.6743831110133627e-01
12                                     9.5943309107950958e-01
13                                     9.7821905911555163e-01
14                                     9.7273171410823234e-01
15                                     7.7661920300987686e-01
16                                     9.5874806204655905e-01
17                                     1.8729093577580815e+00
18                                     9.5489583963516056e-01
19                                     9.7890383180932616e-01
20                                     8.5401758182202714e-01
21                                     9.7541890491526195e-01
22                                     9.7450824354723820e-01
23                                     1.8423291727689763e+00
24                                     1.8943237598809244e+00
25                                     1.1470315817339607e-01
   &COMPONENTS [&Type "ArrayOfIntegers", &Dim (26,4)] "The indices and atomic numbers of the bonding atoms"
                                                         0                           1                           2                           3

0                                                        0                           6                           1                           1
1                                                        0                           6                           2                           1
2                                                        0                           6                           3                           6
3                                                        0                           6                          12                           6
4                                                        3                           6                           4                           6
5                                                        3                           6                           7                           8
6                                                        4                           6                           5                           8
7                                                        4                           6                           6                           8
8                                                        5                           8                           6                           8
9                                                        8                           6                           9                           1
10                                                       8                           6                          10                           6
11                                                       8                           6                          17                           6
12                                                      10                           6                          11                           1
13                                                      10                           6                          12                           6
14                                                      12                           6                          13                           6
15                                                      12                           6                          21                           6
16                                                      13                           6                          14                           1
17                                                      13                           6                          15                           6
18                                                      15                           6                          16                           1
19                                                      15                           6                          17                           6
20                                                      17                           6                          18                           1
21                                                      17                           6                          19                           8
22                                                      19                           8                          20                           1
23                                                      21                           6                          22                           8
24                                                      21                           6                          23                           8
25                                                      22                           8                          23                           8
   &ATNO [&Type "ArrayOfIntegers", &Dim (24,1)] "Atomic number of the elements"
                                                         0

0                                                        6
1                                                        1
2                                                        1
3                                                        6
4                                                        6
5                                                        8
6                                                        8
7                                                        8
8                                                        6
9                                                        1
10                                                       6
11                                                       1
12                                                       6
13                                                       6
14                                                       1
15                                                       6
16                                                       1
17                                                       6
18                                                       1
19                                                       8
20                                                       1
21                                                       6
22                                                       8
23                                                       8
   &NA [&Type "ArrayOfDoubles", &Dim (24,1)] "Mulliken gross atomic population"
                                                         0

0                                      5.7789635025395389e+00
1                                      1.0504873448268657e+00
2                                      1.0244944988296856e+00
3                                      6.0306297110556226e+00
4                                      5.9016454763882358e+00
5                                      8.4055663490456674e+00
6                                      8.4126446820314325e+00
7                                      8.2743244520281287e+00
8                                      6.0671904395543619e+00
9                                      1.1003049464833934e+00
10                                     5.9425966780810118e+00
11                                     1.0553734369584644e+00
12                                     6.2077200628731886e+00
13                                     5.9331163739015560e+00
14                                     1.0462353416358035e+00
15                                     6.0626685042429482e+00
16                                     1.0824700676739336e+00
17                                     5.6885415938234631e+00
18                                     9.9712660884537074e-01
19                                     8.3602247417809554e+00
20                                     8.5820694344506832e-01
21                                     5.9010009282091795e+00
22                                     8.4154827328028432e+00
23                                     8.4029845829432599e+00
   &ZA [&Type "ArrayOfDoubles", &Dim (24,1)] "Total nuclear charge"
                                                         0

0                                      6.0000000000000000e+00
1                                      1.0000000000000000e+00
2                                      1.0000000000000000e+00
3                                      6.0000000000000000e+00
4                                      6.0000000000000000e+00
5                                      8.0000000000000000e+00
6                                      8.0000000000000000e+00
7                                      8.0000000000000000e+00
8                                      6.0000000000000000e+00
9                                      1.0000000000000000e+00
10                                     6.0000000000000000e+00
11                                     1.0000000000000000e+00
12                                     6.0000000000000000e+00
13                                     6.0000000000000000e+00
14                                     1.0000000000000000e+00
15                                     6.0000000000000000e+00
16                                     1.0000000000000000e+00
17                                     6.0000000000000000e+00
18                                     1.0000000000000000e+00
19                                     8.0000000000000000e+00
20                                     1.0000000000000000e+00
21                                     6.0000000000000000e+00
22                                     8.0000000000000000e+00
23                                     8.0000000000000000e+00
   &QA [&Type "ArrayOfDoubles", &Dim (24,1)] "Mulliken gross atomic charge"
                                                         0

0                                      2.2103649746046106e-01
1                                     -5.0487344826865677e-02
2                                     -2.4494498829685574e-02
3                                     -3.0629711055622622e-02
4                                      9.8354523611764222e-02
5                                     -4.0556634904566735e-01
6                                     -4.1264468203143245e-01
7                                     -2.7432445202812872e-01
8                                     -6.7190439554361880e-02
9                                     -1.0030494648339339e-01
10                                     5.7403321918988226e-02
11                                    -5.5373436958464417e-02
12                                    -2.0772006287318856e-01
13                                     6.6883626098444005e-02
14                                    -4.6235341635803451e-02
15                                    -6.2668504242948231e-02
16                                    -8.2470067673933611e-02
17                                     3.1145840617653686e-01
18                                     2.8733911546292568e-03
19                                    -3.6022474178095543e-01
20                                     1.4179305655493168e-01
21                                     9.8999071790820459e-02
22                                    -4.1548273280284320e-01
23                                    -4.0298458294325989e-01
   &VA [&Type "ArrayOfDoubles", &Dim (24,1)] "Mayer's total valence"
                                                         0

0                                      3.7683624877872193e+00
1                                      1.0329388987437524e+00
2                                      1.0355970430027714e+00
3                                      3.9794974890528811e+00
4                                      4.4674284631531389e+00
5                                      2.0754113705936108e+00
6                                      2.0749050009216656e+00
7                                      2.1842527322342988e+00
8                                      3.9079905426442467e+00
9                                      9.8131256143890944e-01
10                                     3.8995230441972599e+00
11                                     1.0347404540142406e+00
12                                     3.7106277302839854e+00
13                                     3.8947515857428838e+00
14                                     1.0359735112658128e+00
15                                     3.9400060287405450e+00
16                                     9.8644772036581252e-01
17                                     3.7667530595594241e+00
18                                     1.0531473350593299e+00
19                                     1.9930427291498911e+00
20                                     1.0204218176161928e+00
21                                     4.5400342042955071e+00
22                                     2.0660544700977903e+00
23                                     2.0960663839777345e+00
   &BVA [&Type "ArrayOfDoubles", &Dim (24,1)] "Mayer's bonded valence"
                                                         0

0                                      3.7683624877872024e+00
1                                      1.0329388987437678e+00
2                                      1.0355970430027732e+00
3                                      3.9794974890529033e+00
4                                      4.4674284631531478e+00
5                                      2.0754113705935850e+00
6                                      2.0749050009216994e+00
7                                      2.1842527322343130e+00
8                                      3.9079905426442236e+00
9                                      9.8131256143889867e-01
10                                     3.8995230441972937e+00
11                                     1.0347404540142557e+00
12                                     3.7106277302840316e+00
13                                     3.8947515857428483e+00
14                                     1.0359735112657997e+00
15                                     3.9400060287405019e+00
16                                     9.8644772036580619e-01
17                                     3.7667530595593917e+00
18                                     1.0531473350593283e+00
19                                     1.9930427291498916e+00
20                                     1.0204218176161917e+00
21                                     4.5400342042954769e+00
22                                     2.0660544700977930e+00
23                                     2.0960663839777514e+00
   &FA [&Type "ArrayOfDoubles", &Dim (24,1)] "Mayer's free valence"
                                                         0

0                                      0.0000000000000000e+00
1                                      0.0000000000000000e+00
2                                      0.0000000000000000e+00
3                                      0.0000000000000000e+00
4                                      0.0000000000000000e+00
5                                      0.0000000000000000e+00
6                                      0.0000000000000000e+00
7                                      0.0000000000000000e+00
8                                      0.0000000000000000e+00
9                                      0.0000000000000000e+00
10                                     0.0000000000000000e+00
11                                     0.0000000000000000e+00
12                                     0.0000000000000000e+00
13                                     0.0000000000000000e+00
14                                     0.0000000000000000e+00
15                                     0.0000000000000000e+00
16                                     0.0000000000000000e+00
17                                     0.0000000000000000e+00
18                                     0.0000000000000000e+00
19                                     0.0000000000000000e+00
20                                     0.0000000000000000e+00
21                                     0.0000000000000000e+00
22                                     0.0000000000000000e+00
23                                     0.0000000000000000e+00
$End
$VdW_Correction
   &GeometryIndex 1
   &ListStatus       OUT
   &VDW [&Type "Double"]      -5.4416965218383982e-02
$End
$Calculation_Info
   &GeometryIndex 1
   &ListStatus       OUT
   &MULT [&Type "Integer"] 1
   &CHARGE [&Type "Integer"] -2
   &NUMOFATOMS [&Type "Integer"] 24
   &NUMOFELECTRONS [&Type "Integer"] 118
   &NUMOFFCELECTRONS [&Type "Integer"] 1
   &NUMOFCORRELECTRONS [&Type "Integer"] 0
   &NUMOFBASISFUNCTS [&Type "Integer"] 264
   &NUMOFAUXCBASISFUNCTS [&Type "Integer"] 0
   &NUMOFAUXJBASISFUNCTS [&Type "Integer"] 872
   &NUMOFAUXJKBASISFUNCTS [&Type "Integer"] 0
   &NUMOFCABSBASISFUNCTS [&Type "Integer"] 0
   &TOTALENERGY [&Type "Double"]      -8.3617813058761271e+02  "Hartrees"
$End
$SCF_Dipole_Moment
   &GeometryIndex 1
   &ListStatus       OUT
   &METHOD [&Type "String"] "SCF"
   &LEVEL [&Type "String"] "Relaxed density"
   &MULT [&Type "Integer"] 1
   &STATE [&Type "Integer"] -1
   &IRREP [&Type "Integer"] 0
   &NATOMS [&Type "Integer"] 24
   &DODIPOLEATOM [&Type "Boolean"] false
   &DIPOLEELECCONTRIB [&Type "ArrayOfDoubles", &Dim (3,1)] "Electronic contribution"
                                                         0

0                                      2.0400195286358520e+00
1                                      1.9503152362673011e+00
2                                      2.0039813803830859e+00
   &DIPOLENUCCONTRIB [&Type "ArrayOfDoubles", &Dim (3,1)] "Nuclear contribution"
                                                         0

0                                     -3.6162575461525250e+00
1                                     -4.1251350792828703e+00
2                                     -2.0867909307993955e+00
   &DIPOLETOTAL [&Type "ArrayOfDoubles", &Dim (3,1)] "Total"
                                                         0

0                                     -1.5762380175166730e+00
1                                     -2.1748198430155692e+00
2                                     -8.2809550416309552e-02
   &DIPOLEMAGNITUDE [&Type "Double", &Units "a.u."]       2.6872337187299711e+00
$End
