*************************************************
******************* ORCA 6.0.1 ******************
*************************************************
$Calculation_Status
   &GeometryIndex 1
   &ListStatus       OUT
   &VERSION [&Type "String"] "6.0.1"
   &PROGNAME [&Type "String"] "LeanSCF"
   &STATUS [&Type "String"] "NORMAL TERMINATION"
$End
$Geometry
   &GeometryIndex 1
   &ListStatus       OUT
   &NATOMS [&Type "Integer"] 24
   &NCORELESSECP [&Type "Integer"] 0
   &NGHOSTATOMS [&Type "Integer"] 0
   &CartesianCoordinates [&Type "Coordinates", &Dim(24,4), &Units "Bohr"] 
              C     80.078910658658   40.127310306562   80.149521512586
              H     81.386178295102   38.840862598953   79.224081886291
              H     80.410342924410   42.158595194531   80.013067686295
              C     78.447891628202   39.185778333909   82.000003276322
              C     76.942819592528   40.958960756019   83.755333047164
              O     77.793009176247   43.145696643772   84.063827979226
              O     75.016837114562   40.061699221299   84.837388386070
              O     78.008610720152   36.831521117588   82.174349285723
              C     75.497426607139   35.686318665308   79.197034495859
              H     75.318725997846   33.755117653566   79.903865923194
              C     77.294948427950   36.280136233991   77.406517889680
              H     78.756728451244   34.922548075714   76.884876412708
              C     77.543592653390   38.796284156549   76.623573411963
              C     75.438415386910   40.556854027748   77.027143909294
              H     75.560252984070   42.385602801723   76.076094862153
              C     73.459468927261   39.921762496003   78.476171813132
              H     71.866599950862   41.211349603040   78.750441283319
              C     73.235469530804   37.362619547072   79.687054882690
              H     73.039234433561   37.613472960322   81.748396691321
              O     71.096550433175   36.172304202067   78.633432031475
              H     70.477726142352   34.731845589345   79.881494818683
              C     79.343579672257   39.290549304708   74.447231527597
              O     81.546110854999   38.385069331474   74.568620172699
              O     78.473914699027   40.496344987362   72.619637356448
$End
$SCF_Energy
   &GeometryIndex 1
   &ListStatus       OUT
   &SCF_ENERGY [&Type "Double"]      -8.3605408511906830e+02
$End
$DFT_Energy
   &GeometryIndex 1
   &ListStatus       OUT
   &NALPHAEL [&Type "Integer"] 59
   &NBETAEL [&Type "Integer"] 59
   &NTOTALEL [&Type "Integer"] 118
   &EEXCHANGE [&Type "Double"]      -8.3081539637955245e+01
   &ECORR [&Type "Double"]      -4.8432319112603315e+00
   &ECNL [&Type "Double"]       0.0000000000000000e+00
   &EXC [&Type "Double"]      -8.7924771549215578e+01
   &EEMBED [&Type "Double"]       0.0000000000000000e+00
   &FINALEN [&Type "Double"]      -8.3605408511906830e+02  "No Van der Waals correction"
$End
$Mulliken_Population_Analysis
   &GeometryIndex 1
   &ListStatus       OUT
   &NATOMS [&Type "Integer"] 24
   &ATNO [&Type "ArrayOfIntegers", &Dim (24,1)] 
                                                         0

0                                                        6
1                                                        1
2                                                        1
3                                                        6
4                                                        6
5                                                        8
6                                                        8
7                                                        8
8                                                        6
9                                                        1
10                                                       6
11                                                       1
12                                                       6
13                                                       6
14                                                       1
15                                                       6
16                                                       1
17                                                       6
18                                                       1
19                                                       8
20                                                       1
21                                                       6
22                                                       8
23                                                       8
   &ATOMICCHARGES [&Type "ArrayOfDoubles", &Dim (24,1)] 
                                                         0

0                                      8.0349689041817385e-02
1                                     -1.9079108156273339e-02
2                                     -2.7988492739372761e-02
3                                     -3.6873383213773536e-02
4                                      7.2877528738318986e-02
5                                     -4.1028358171888257e-01
6                                     -4.1745769482206896e-01
7                                     -3.2272685878462681e-01
8                                      5.3450573379937971e-02
9                                     -8.0883376059210921e-02
10                                     2.9525042293271575e-02
11                                    -6.3618236750535129e-02
12                                    -1.1552708058434114e-01
13                                     8.4703138482736584e-02
14                                    -5.8836371023282874e-02
15                                    -4.5743173898559419e-02
16                                    -7.0678786068123056e-02
17                                     2.9199326696826144e-01
18                                     1.5342958158810482e-03
19                                    -3.6514715339376025e-01
20                                     1.4654635634236746e-01
21                                     8.8789595829815049e-02
22                                    -4.2051522180838674e-01
23                                    -3.9441096787117580e-01
$End
$Loewdin_Population_Analysis
   &GeometryIndex 1
   &ListStatus       OUT
   &NATOMS [&Type "Integer"] 24
   &ATNO [&Type "ArrayOfIntegers", &Dim (24,1)] 
                                                         0

0                                                        6
1                                                        1
2                                                        1
3                                                        6
4                                                        6
5                                                        8
6                                                        8
7                                                        8
8                                                        6
9                                                        1
10                                                       6
11                                                       1
12                                                       6
13                                                       6
14                                                       1
15                                                       6
16                                                       1
17                                                       6
18                                                       1
19                                                       8
20                                                       1
21                                                       6
22                                                       8
23                                                       8
   &ATOMICCHARGES [&Type "ArrayOfDoubles", &Dim (24,1)] 
                                                         0

0                                     -5.5867031362159203e-02
1                                      8.3780784136666675e-03
2                                      6.0987672937899973e-03
3                                     -3.2422796891308003e-02
4                                     -6.7258968977270683e-02
5                                     -3.7541797795714160e-01
6                                     -3.8310529354504474e-01
7                                     -2.0665223160063562e-01
8                                      3.8612979360957311e-02
9                                     -4.4786677607817627e-03
10                                    -5.3738153027635960e-02
11                                     7.1432880721700176e-03
12                                    -1.0507354362917276e-02
13                                    -3.4262721756563863e-03
14                                     1.3524501055636740e-02
15                                    -5.2468946305848974e-02
16                                     1.2795400483912589e-03
17                                     4.0100331901210318e-02
18                                     1.2503859423454999e-02
19                                    -1.8896582391065841e-01
20                                     9.0526932178797592e-02
21                                    -4.3042748475733639e-02
22                                    -3.8301649287944350e-01
23                                    -3.5779951851584890e-01
$End
$Mayer_Population_Analysis
   &GeometryIndex 1
   &ListStatus       OUT
   &NATOMS [&Type "Integer"] 24 "Total number of atoms"
   &BONDTHRESH [&Type "Double"]       1.0000000000000001e-01  "The threshold for printing"
   &NBONDORDERSPRINT [&Type "Integer"] 29 "The number of bond orders larger than threshold"
   &BONDORDERS [&Type "ArrayOfDoubles", &Dim (29,1)] "The bond orders"
                                                         0

0                                      8.9142424475141147e-01
1                                      9.2720028135083710e-01
2                                      1.4192031664870774e+00
3                                      1.1670073142179954e-01
4                                      3.7576461938328759e-01
5                                      8.1704361349881793e-01
6                                      1.6303195412471667e+00
7                                      1.8600117129160476e+00
8                                      1.7920019317496023e+00
9                                      1.2619503350939473e-01
10                                     1.2642670677264414e-01
11                                     2.8262016857673877e-01
12                                     9.3932717661504084e-01
13                                     1.4856684477151991e+00
14                                     9.9111303368038561e-01
15                                     9.5532409140757990e-01
16                                     1.3497124544360983e+00
17                                     1.0407488935659668e+00
18                                     8.3519531390524204e-01
19                                     9.7706329462353136e-01
20                                     1.7718610263863595e+00
21                                     9.6000022188851264e-01
22                                     9.8671230248762132e-01
23                                     8.5429794349728094e-01
24                                     9.6625496321388360e-01
25                                     9.5645815814701274e-01
26                                     1.8097858530743982e+00
27                                     1.8729447036332425e+00
28                                     1.1557133334949456e-01
   &COMPONENTS [&Type "ArrayOfIntegers", &Dim (29,4)] "The indices and atomic numbers of the bonding atoms"
                                                         0                           1                           2                           3

0                                                        0                           6                           1                           1
1                                                        0                           6                           2                           1
2                                                        0                           6                           3                           6
3                                                        0                           6                           8                           6
4                                                        0                           6                          12                           6
5                                                        3                           6                           4                           6
6                                                        3                           6                           7                           8
7                                                        4                           6                           5                           8
8                                                        4                           6                           6                           8
9                                                        5                           8                           6                           8
10                                                       6                           8                          18                           1
11                                                       7                           8                           8                           6
12                                                       8                           6                           9                           1
13                                                       8                           6                          10                           6
14                                                       8                           6                          17                           6
15                                                      10                           6                          11                           1
16                                                      10                           6                          12                           6
17                                                      12                           6                          13                           6
18                                                      12                           6                          21                           6
19                                                      13                           6                          14                           1
20                                                      13                           6                          15                           6
21                                                      15                           6                          16                           1
22                                                      15                           6                          17                           6
23                                                      17                           6                          18                           1
24                                                      17                           6                          19                           8
25                                                      19                           8                          20                           1
26                                                      21                           6                          22                           8
27                                                      21                           6                          23                           8
28                                                      22                           8                          23                           8
   &ATNO [&Type "ArrayOfIntegers", &Dim (24,1)] "Atomic number of the elements"
                                                         0

0                                                        6
1                                                        1
2                                                        1
3                                                        6
4                                                        6
5                                                        8
6                                                        8
7                                                        8
8                                                        6
9                                                        1
10                                                       6
11                                                       1
12                                                       6
13                                                       6
14                                                       1
15                                                       6
16                                                       1
17                                                       6
18                                                       1
19                                                       8
20                                                       1
21                                                       6
22                                                       8
23                                                       8
   &NA [&Type "ArrayOfDoubles", &Dim (24,1)] "Mulliken gross atomic population"
                                                         0

0                                      5.9196503109581746e+00
1                                      1.0190791081562742e+00
2                                      1.0279884927393734e+00
3                                      6.0368733832137806e+00
4                                      5.9271224712616704e+00
5                                      8.4102835817188435e+00
6                                      8.4174576948220334e+00
7                                      8.3227268587845842e+00
8                                      5.9465494266200531e+00
9                                      1.0808833760592098e+00
10                                     5.9704749577067258e+00
11                                     1.0636182367505354e+00
12                                     6.1155270805843678e+00
13                                     5.9152968615172510e+00
14                                     1.0588363710232831e+00
15                                     6.0457431738985878e+00
16                                     1.0706787860681246e+00
17                                     5.7080067330317421e+00
18                                     9.9846570418411840e-01
19                                     8.3651471533937833e+00
20                                     8.5345364365762955e-01
21                                     5.9112104041701841e+00
22                                     8.4205152218083814e+00
23                                     8.3944109678711545e+00
   &ZA [&Type "ArrayOfDoubles", &Dim (24,1)] "Total nuclear charge"
                                                         0

0                                      6.0000000000000000e+00
1                                      1.0000000000000000e+00
2                                      1.0000000000000000e+00
3                                      6.0000000000000000e+00
4                                      6.0000000000000000e+00
5                                      8.0000000000000000e+00
6                                      8.0000000000000000e+00
7                                      8.0000000000000000e+00
8                                      6.0000000000000000e+00
9                                      1.0000000000000000e+00
10                                     6.0000000000000000e+00
11                                     1.0000000000000000e+00
12                                     6.0000000000000000e+00
13                                     6.0000000000000000e+00
14                                     1.0000000000000000e+00
15                                     6.0000000000000000e+00
16                                     1.0000000000000000e+00
17                                     6.0000000000000000e+00
18                                     1.0000000000000000e+00
19                                     8.0000000000000000e+00
20                                     1.0000000000000000e+00
21                                     6.0000000000000000e+00
22                                     8.0000000000000000e+00
23                                     8.0000000000000000e+00
   &QA [&Type "ArrayOfDoubles", &Dim (24,1)] "Mulliken gross atomic charge"
                                                         0

0                                      8.0349689041825378e-02
1                                     -1.9079108156274227e-02
2                                     -2.7988492739373427e-02
3                                     -3.6873383213780642e-02
4                                      7.2877528738329644e-02
5                                     -4.1028358171884349e-01
6                                     -4.1745769482203343e-01
7                                     -3.2272685878458418e-01
8                                      5.3450573379946853e-02
9                                     -8.0883376059209811e-02
10                                     2.9525042293274240e-02
11                                    -6.3618236750535351e-02
12                                    -1.1552708058436778e-01
13                                     8.4703138482749019e-02
14                                    -5.8836371023283096e-02
15                                    -4.5743173898587841e-02
16                                    -7.0678786068124611e-02
17                                     2.9199326696825789e-01
18                                     1.5342958158816034e-03
19                                    -3.6514715339378334e-01
20                                     1.4654635634237045e-01
21                                     8.8789595829815937e-02
22                                    -4.2051522180838141e-01
23                                    -3.9441096787115448e-01
   &VA [&Type "ArrayOfDoubles", &Dim (24,1)] "Mayer's total valence"
                                                         0

0                                      3.8074619653025366e+00
1                                      1.0519191068217175e+00
2                                      1.0156405250145994e+00
3                                      4.0121484235061580e+00
4                                      4.4675595989718389e+00
5                                      2.0800248610357404e+00
6                                      2.0683963222343831e+00
7                                      2.1261380075972838e+00
8                                      3.9463686024420399e+00
9                                      9.8659055703426368e-01
10                                     3.9522151454204555e+00
11                                     1.0184555370246346e+00
12                                     3.7227215769869333e+00
13                                     3.8974250553891969e+00
14                                     1.0141715694057847e+00
15                                     3.8813466228732629e+00
16                                     9.8367567312243032e-01
17                                     3.8112317366347588e+00
18                                     1.0871922857790248e+00
19                                     1.9892840409355586e+00
20                                     1.0147517721361361e+00
21                                     4.5321351088205111e+00
22                                     2.0577950562930609e+00
23                                     2.1030340330132908e+00
   &BVA [&Type "ArrayOfDoubles", &Dim (24,1)] "Mayer's bonded valence"
                                                         0

0                                      3.8074619653025543e+00
1                                      1.0519191068217051e+00
2                                      1.0156405250146059e+00
3                                      4.0121484235061571e+00
4                                      4.4675595989718619e+00
5                                      2.0800248610358163e+00
6                                      2.0683963222344803e+00
7                                      2.1261380075973833e+00
8                                      3.9463686024420719e+00
9                                      9.8659055703426990e-01
10                                     3.9522151454204804e+00
11                                     1.0184555370246389e+00
12                                     3.7227215769868365e+00
13                                     3.8974250553891499e+00
14                                     1.0141715694057793e+00
15                                     3.8813466228731635e+00
16                                     9.8367567312241666e-01
17                                     3.8112317366347659e+00
18                                     1.0871922857790342e+00
19                                     1.9892840409355499e+00
20                                     1.0147517721361432e+00
21                                     4.5321351088205164e+00
22                                     2.0577950562930347e+00
23                                     2.1030340330133130e+00
   &FA [&Type "ArrayOfDoubles", &Dim (24,1)] "Mayer's free valence"
                                                         0

0                                      0.0000000000000000e+00
1                                      0.0000000000000000e+00
2                                      0.0000000000000000e+00
3                                      0.0000000000000000e+00
4                                      0.0000000000000000e+00
5                                      0.0000000000000000e+00
6                                      0.0000000000000000e+00
7                                      0.0000000000000000e+00
8                                      0.0000000000000000e+00
9                                      0.0000000000000000e+00
10                                     0.0000000000000000e+00
11                                     0.0000000000000000e+00
12                                     0.0000000000000000e+00
13                                     0.0000000000000000e+00
14                                     0.0000000000000000e+00
15                                     0.0000000000000000e+00
16                                     0.0000000000000000e+00
17                                     0.0000000000000000e+00
18                                     0.0000000000000000e+00
19                                     0.0000000000000000e+00
20                                     0.0000000000000000e+00
21                                     0.0000000000000000e+00
22                                     0.0000000000000000e+00
23                                     0.0000000000000000e+00
$End
$VdW_Correction
   &GeometryIndex 1
   &ListStatus       OUT
   &VDW [&Type "Double"]      -5.6253819007118067e-02
$End
$Calculation_Info
   &GeometryIndex 1
   &ListStatus       OUT
   &MULT [&Type "Integer"] 1
   &CHARGE [&Type "Integer"] -2
   &NUMOFATOMS [&Type "Integer"] 24
   &NUMOFELECTRONS [&Type "Integer"] 118
   &NUMOFFCELECTRONS [&Type "Integer"] 1
   &NUMOFCORRELECTRONS [&Type "Integer"] 0
   &NUMOFBASISFUNCTS [&Type "Integer"] 264
   &NUMOFAUXCBASISFUNCTS [&Type "Integer"] 0
   &NUMOFAUXJBASISFUNCTS [&Type "Integer"] 872
   &NUMOFAUXJKBASISFUNCTS [&Type "Integer"] 0
   &NUMOFCABSBASISFUNCTS [&Type "Integer"] 0
   &TOTALENERGY [&Type "Double"]      -8.3611033893807542e+02  "Hartrees"
$End
$SCF_Dipole_Moment
   &GeometryIndex 1
   &ListStatus       OUT
   &METHOD [&Type "String"] "SCF"
   &LEVEL [&Type "String"] "Relaxed density"
   &MULT [&Type "Integer"] 1
   &STATE [&Type "Integer"] -1
   &IRREP [&Type "Integer"] 0
   &NATOMS [&Type "Integer"] 24
   &DODIPOLEATOM [&Type "Boolean"] false
   &DIPOLEELECCONTRIB [&Type "ArrayOfDoubles", &Dim (3,1)] "Electronic contribution"
                                                         0

0                                      1.7927236151516002e+00
1                                      8.6097841762847871e-01
2                                      2.9828873557114366e-01
   &DIPOLENUCCONTRIB [&Type "ArrayOfDoubles", &Dim (3,1)] "Nuclear contribution"
                                                         0

0                                     -3.7903918327902630e+00
1                                     -2.9624823622559973e+00
2                                     -3.1262605128235066e-01
   &DIPOLETOTAL [&Type "ArrayOfDoubles", &Dim (3,1)] "Total"
                                                         0

0                                     -1.9976682176386629e+00
1                                     -2.1015039446275185e+00
2                                     -1.4337315711206999e-02
   &DIPOLEMAGNITUDE [&Type "Double", &Units "a.u."]       2.8995176660386908e+00
$End
