*************************************************
******************* ORCA 6.0.1 ******************
*************************************************
$Calculation_Status
   &GeometryIndex 1
   &ListStatus       OUT
   &VERSION [&Type "String"] "6.0.1"
   &PROGNAME [&Type "String"] "LeanSCF"
   &STATUS [&Type "String"] "NORMAL TERMINATION"
$End
$Geometry
   &GeometryIndex 1
   &ListStatus       OUT
   &NATOMS [&Type "Integer"] 24
   &NCORELESSECP [&Type "Integer"] 0
   &NGHOSTATOMS [&Type "Integer"] 0
   &CartesianCoordinates [&Type "Coordinates", &Dim(24,4), &Units "Bohr"] 
              C     76.866500223381   39.019065213206   88.074465923668
              H     78.809138689052   38.333094626593   88.259659084792
              H     76.813587891631   41.063748890109   88.352255665354
              C     75.398183017324   37.836096653371   90.213635907267
              C     73.145629465690   39.266619336750   91.455185977253
              O     73.181534262234   41.632556456419   91.385266110298
              O     71.509126633714   37.917354877130   92.490755898642
              O     75.965100857500   35.757397906058   91.016769514183
              C     73.340271257484   34.209712202376   85.878604156051
              H     73.247674676922   32.148020990268   85.993877450220
              C     75.526684394431   35.379452679274   85.426959610044
              H     77.289798877379   34.345772484019   85.209641104643
              C     75.796915231581   38.210262427888   85.379716456696
              C     73.266571938261   39.474489211481   85.016889038983
              H     73.274130842797   41.441694116893   84.408397223861
              C     71.076379349046   38.308528186852   85.479871941794
              H     69.298147057026   39.344098108240   85.296568506804
              C     70.864730022047   35.572204744934   86.226313764693
              H     70.309150538674   35.483387616639   88.246431001855
              O     68.980673066527   34.427030707777   84.708863679154
              H     67.899749717924   33.281856670621   85.772779492552
              C     77.756561232458   38.977491238260   83.236767020829
              O     79.498888727933   37.448702795917   82.771894391885
              O     77.459874229432   41.050520807171   82.110490245012
$End
$SCF_Energy
   &GeometryIndex 1
   &ListStatus       OUT
   &SCF_ENERGY [&Type "Double"]      -8.3612061841364141e+02
$End
$DFT_Energy
   &GeometryIndex 1
   &ListStatus       OUT
   &NALPHAEL [&Type "Integer"] 59
   &NBETAEL [&Type "Integer"] 59
   &NTOTALEL [&Type "Integer"] 117
   &EEXCHANGE [&Type "Double"]      -8.3132643092052660e+01
   &ECORR [&Type "Double"]      -4.8448727000010239e+00
   &ECNL [&Type "Double"]       0.0000000000000000e+00
   &EXC [&Type "Double"]      -8.7977515792053680e+01
   &EEMBED [&Type "Double"]       0.0000000000000000e+00
   &FINALEN [&Type "Double"]      -8.3612061841364141e+02  "No Van der Waals correction"
$End
$Mulliken_Population_Analysis
   &GeometryIndex 1
   &ListStatus       OUT
   &NATOMS [&Type "Integer"] 24
   &ATNO [&Type "ArrayOfIntegers", &Dim (24,1)] 
                                                         0

0                                                        6
1                                                        1
2                                                        1
3                                                        6
4                                                        6
5                                                        8
6                                                        8
7                                                        8
8                                                        6
9                                                        1
10                                                       6
11                                                       1
12                                                       6
13                                                       6
14                                                       1
15                                                       6
16                                                       1
17                                                       6
18                                                       1
19                                                       8
20                                                       1
21                                                       6
22                                                       8
23                                                       8
   &ATOMICCHARGES [&Type "ArrayOfDoubles", &Dim (24,1)] 
                                                         0

0                                      2.4056963645816243e-01
1                                     -5.5011170845248314e-02
2                                     -2.6064828715705923e-02
3                                     -5.6943702179737876e-02
4                                      8.1938556511929939e-02
5                                     -4.0441042397017846e-01
6                                     -4.0448052041108973e-01
7                                     -2.6059647775013062e-01
8                                     -6.0210266521431244e-02
9                                     -9.9206216441053874e-02
10                                     5.8441266725274943e-02
11                                    -5.1769947629789037e-02
12                                    -2.1416203046892690e-01
13                                     7.6164005540608315e-02
14                                    -4.8051596702938904e-02
15                                    -7.1564921424035255e-02
16                                    -8.1028572910614827e-02
17                                     3.0297627734762322e-01
18                                     3.8850385147373157e-03
19                                    -3.5618601945598449e-01
20                                     1.3906013534576267e-01
21                                     1.0047412083701346e-01
22                                    -4.0579436836059024e-01
23                                    -4.0802797349363118e-01
$End
$Loewdin_Population_Analysis
   &GeometryIndex 1
   &ListStatus       OUT
   &NATOMS [&Type "Integer"] 24
   &ATNO [&Type "ArrayOfIntegers", &Dim (24,1)] 
                                                         0

0                                                        6
1                                                        1
2                                                        1
3                                                        6
4                                                        6
5                                                        8
6                                                        8
7                                                        8
8                                                        6
9                                                        1
10                                                       6
11                                                       1
12                                                       6
13                                                       6
14                                                       1
15                                                       6
16                                                       1
17                                                       6
18                                                       1
19                                                       8
20                                                       1
21                                                       6
22                                                       8
23                                                       8
   &ATOMICCHARGES [&Type "ArrayOfDoubles", &Dim (24,1)] 
                                                         0

0                                     -3.1414113743443828e-02
1                                      7.5382805007929710e-03
2                                      1.5924144130866957e-02
3                                      3.7338930004628068e-02
4                                     -8.2153141960368714e-02
5                                     -3.6629944304728390e-01
6                                     -3.6474871661233621e-01
7                                     -1.8929816759745677e-01
8                                     -8.0390483711627603e-02
9                                     -1.0746715488166192e-02
10                                     5.9855581449967943e-03
11                                     8.7162425524439646e-03
12                                    -7.8593205592861537e-02
13                                     1.1367669250109458e-02
14                                     1.2416779371260622e-02
15                                    -6.9466817158756911e-02
16                                    -2.2545983602955122e-03
17                                     4.7843520558274122e-02
18                                     1.1765279349742364e-02
19                                    -1.7731325506335693e-01
20                                     7.2012361461154972e-02
21                                    -2.2367737338827354e-02
22                                    -3.7457950493741343e-01
23                                    -3.8128286471204476e-01
$End
$Mayer_Population_Analysis
   &GeometryIndex 1
   &ListStatus       OUT
   &NATOMS [&Type "Integer"] 24 "Total number of atoms"
   &BONDTHRESH [&Type "Double"]       1.0000000000000001e-01  "The threshold for printing"
   &NBONDORDERSPRINT [&Type "Integer"] 26 "The number of bond orders larger than threshold"
   &BONDORDERS [&Type "ArrayOfDoubles", &Dim (26,1)] "The bond orders"
                                                         0

0                                      8.8817920430163899e-01
1                                      9.0249459704335477e-01
2                                      9.7046554025361642e-01
3                                      1.0007763082337888e+00
4                                      8.0655611417738171e-01
5                                      2.0727435900061542e+00
6                                      1.8314562987082126e+00
7                                      1.8224421196881881e+00
8                                      1.3337524736575712e-01
9                                      9.5166182165654090e-01
10                                     1.8682429002625152e+00
11                                     9.7303869186986325e-01
12                                     9.5759657940833387e-01
13                                     9.8379144564524434e-01
14                                     9.6763016542507896e-01
15                                     7.6659672206020035e-01
16                                     9.5911852701757538e-01
17                                     1.8859357920365332e+00
18                                     9.5724155455024296e-01
19                                     9.7649608304165469e-01
20                                     8.5958277993832077e-01
21                                     9.7118122330299239e-01
22                                     9.7709472420608479e-01
23                                     1.8531548447505855e+00
24                                     1.8884499694714953e+00
25                                     1.1399902237945397e-01
   &COMPONENTS [&Type "ArrayOfIntegers", &Dim (26,4)] "The indices and atomic numbers of the bonding atoms"
                                                         0                           1                           2                           3

0                                                        0                           6                           1                           1
1                                                        0                           6                           2                           1
2                                                        0                           6                           3                           6
3                                                        0                           6                          12                           6
4                                                        3                           6                           4                           6
5                                                        3                           6                           7                           8
6                                                        4                           6                           5                           8
7                                                        4                           6                           6                           8
8                                                        5                           8                           6                           8
9                                                        8                           6                           9                           1
10                                                       8                           6                          10                           6
11                                                       8                           6                          17                           6
12                                                      10                           6                          11                           1
13                                                      10                           6                          12                           6
14                                                      12                           6                          13                           6
15                                                      12                           6                          21                           6
16                                                      13                           6                          14                           1
17                                                      13                           6                          15                           6
18                                                      15                           6                          16                           1
19                                                      15                           6                          17                           6
20                                                      17                           6                          18                           1
21                                                      17                           6                          19                           8
22                                                      19                           8                          20                           1
23                                                      21                           6                          22                           8
24                                                      21                           6                          23                           8
25                                                      22                           8                          23                           8
   &ATNO [&Type "ArrayOfIntegers", &Dim (24,1)] "Atomic number of the elements"
                                                         0

0                                                        6
1                                                        1
2                                                        1
3                                                        6
4                                                        6
5                                                        8
6                                                        8
7                                                        8
8                                                        6
9                                                        1
10                                                       6
11                                                       1
12                                                       6
13                                                       6
14                                                       1
15                                                       6
16                                                       1
17                                                       6
18                                                       1
19                                                       8
20                                                       1
21                                                       6
22                                                       8
23                                                       8
   &NA [&Type "ArrayOfDoubles", &Dim (24,1)] "Mulliken gross atomic population"
                                                         0

0                                      5.7594303635418367e+00
1                                      1.0550111708452499e+00
2                                      1.0260648287157059e+00
3                                      6.0569437021797405e+00
4                                      5.9180614434880709e+00
5                                      8.4044104239701838e+00
6                                      8.4044805204110844e+00
7                                      8.2605964777501306e+00
8                                      6.0602102665214304e+00
9                                      1.0992062164410539e+00
10                                     5.9415587332747233e+00
11                                     1.0517699476297888e+00
12                                     6.2141620304689242e+00
13                                     5.9238359944593926e+00
14                                     1.0480515967029391e+00
15                                     6.0715649214240379e+00
16                                     1.0810285729106144e+00
17                                     5.6970237226523750e+00
18                                     9.9611496148526324e-01
19                                     8.3561860194559880e+00
20                                     8.6093986465423733e-01
21                                     5.8995258791629857e+00
22                                     8.4057943683605956e+00
23                                     8.4080279734936294e+00
   &ZA [&Type "ArrayOfDoubles", &Dim (24,1)] "Total nuclear charge"
                                                         0

0                                      6.0000000000000000e+00
1                                      1.0000000000000000e+00
2                                      1.0000000000000000e+00
3                                      6.0000000000000000e+00
4                                      6.0000000000000000e+00
5                                      8.0000000000000000e+00
6                                      8.0000000000000000e+00
7                                      8.0000000000000000e+00
8                                      6.0000000000000000e+00
9                                      1.0000000000000000e+00
10                                     6.0000000000000000e+00
11                                     1.0000000000000000e+00
12                                     6.0000000000000000e+00
13                                     6.0000000000000000e+00
14                                     1.0000000000000000e+00
15                                     6.0000000000000000e+00
16                                     1.0000000000000000e+00
17                                     6.0000000000000000e+00
18                                     1.0000000000000000e+00
19                                     8.0000000000000000e+00
20                                     1.0000000000000000e+00
21                                     6.0000000000000000e+00
22                                     8.0000000000000000e+00
23                                     8.0000000000000000e+00
   &QA [&Type "ArrayOfDoubles", &Dim (24,1)] "Mulliken gross atomic charge"
                                                         0

0                                      2.4056963645816332e-01
1                                     -5.5011170845249868e-02
2                                     -2.6064828715705923e-02
3                                     -5.6943702179740541e-02
4                                      8.1938556511929050e-02
5                                     -4.0441042397018379e-01
6                                     -4.0448052041108440e-01
7                                     -2.6059647775013062e-01
8                                     -6.0210266521430356e-02
9                                     -9.9206216441053874e-02
10                                     5.8441266725276719e-02
11                                    -5.1769947629788815e-02
12                                    -2.1416203046892424e-01
13                                     7.6164005540607427e-02
14                                    -4.8051596702939126e-02
15                                    -7.1564921424037919e-02
16                                    -8.1028572910614383e-02
17                                     3.0297627734762500e-01
18                                     3.8850385147367605e-03
19                                    -3.5618601945598805e-01
20                                     1.3906013534576267e-01
21                                     1.0047412083701435e-01
22                                    -4.0579436836059557e-01
23                                    -4.0802797349362940e-01
   &VA [&Type "ArrayOfDoubles", &Dim (24,1)] "Mayer's total valence"
                                                         0

0                                      3.7450826657701741e+00
1                                      1.0223298138759516e+00
2                                      1.0409307052672605e+00
3                                      3.9868177073777984e+00
4                                      4.4670497688732427e+00
5                                      2.0824977786359815e+00
6                                      2.0705677969095611e+00
7                                      2.1923578785951396e+00
8                                      3.9100334188377461e+00
9                                      9.8026508524326339e-01
10                                     3.9029408971102217e+00
11                                     1.0432953257104156e+00
12                                     3.7071821926545878e+00
13                                     3.9048731619098414e+00
14                                     1.0318330716444666e+00
15                                     3.9285395542388857e+00
16                                     9.8475610834850591e-01
17                                     3.7769109038474973e+00
18                                     1.0430992343713583e+00
19                                     1.9964262695668795e+00
20                                     1.0231897699762653e+00
21                                     4.5279318696314332e+00
22                                     2.0771029643472954e+00
23                                     2.0846784425890341e+00
   &BVA [&Type "ArrayOfDoubles", &Dim (24,1)] "Mayer's bonded valence"
                                                         0

0                                      3.7450826657702008e+00
1                                      1.0223298138759525e+00
2                                      1.0409307052672632e+00
3                                      3.9868177073777740e+00
4                                      4.4670497688732391e+00
5                                      2.0824977786359415e+00
6                                      2.0705677969095078e+00
7                                      2.1923578785951410e+00
8                                      3.9100334188377408e+00
9                                      9.8026508524324096e-01
10                                     3.9029408971102399e+00
11                                     1.0432953257104196e+00
12                                     3.7071821926546074e+00
13                                     3.9048731619098431e+00
14                                     1.0318330716444577e+00
15                                     3.9285395542389203e+00
16                                     9.8475610834850646e-01
17                                     3.7769109038475452e+00
18                                     1.0430992343713610e+00
19                                     1.9964262695668538e+00
20                                     1.0231897699762664e+00
21                                     4.5279318696314270e+00
22                                     2.0771029643473309e+00
23                                     2.0846784425890093e+00
   &FA [&Type "ArrayOfDoubles", &Dim (24,1)] "Mayer's free valence"
                                                         0

0                                      0.0000000000000000e+00
1                                      0.0000000000000000e+00
2                                      0.0000000000000000e+00
3                                      0.0000000000000000e+00
4                                      0.0000000000000000e+00
5                                      0.0000000000000000e+00
6                                      0.0000000000000000e+00
7                                      0.0000000000000000e+00
8                                      0.0000000000000000e+00
9                                      0.0000000000000000e+00
10                                     0.0000000000000000e+00
11                                     0.0000000000000000e+00
12                                     0.0000000000000000e+00
13                                     0.0000000000000000e+00
14                                     0.0000000000000000e+00
15                                     0.0000000000000000e+00
16                                     0.0000000000000000e+00
17                                     0.0000000000000000e+00
18                                     0.0000000000000000e+00
19                                     0.0000000000000000e+00
20                                     0.0000000000000000e+00
21                                     0.0000000000000000e+00
22                                     0.0000000000000000e+00
23                                     0.0000000000000000e+00
$End
$VdW_Correction
   &GeometryIndex 1
   &ListStatus       OUT
   &VDW [&Type "Double"]      -5.3894919088342402e-02
$End
$Calculation_Info
   &GeometryIndex 1
   &ListStatus       OUT
   &MULT [&Type "Integer"] 1
   &CHARGE [&Type "Integer"] -2
   &NUMOFATOMS [&Type "Integer"] 24
   &NUMOFELECTRONS [&Type "Integer"] 118
   &NUMOFFCELECTRONS [&Type "Integer"] 1
   &NUMOFCORRELECTRONS [&Type "Integer"] 0
   &NUMOFBASISFUNCTS [&Type "Integer"] 264
   &NUMOFAUXCBASISFUNCTS [&Type "Integer"] 0
   &NUMOFAUXJBASISFUNCTS [&Type "Integer"] 872
   &NUMOFAUXJKBASISFUNCTS [&Type "Integer"] 0
   &NUMOFCABSBASISFUNCTS [&Type "Integer"] 0
   &TOTALENERGY [&Type "Double"]      -8.3617451333272970e+02  "Hartrees"
$End
$SCF_Dipole_Moment
   &GeometryIndex 1
   &ListStatus       OUT
   &METHOD [&Type "String"] "SCF"
   &LEVEL [&Type "String"] "Relaxed density"
   &MULT [&Type "Integer"] 1
   &STATE [&Type "Integer"] -1
   &IRREP [&Type "Integer"] 0
   &NATOMS [&Type "Integer"] 24
   &DODIPOLEATOM [&Type "Boolean"] false
   &DIPOLEELECCONTRIB [&Type "ArrayOfDoubles", &Dim (3,1)] "Electronic contribution"
                                                         0

0                                      2.2480476187985556e+00
1                                      1.5072277427074727e+00
2                                      1.9279858201864983e+00
   &DIPOLENUCCONTRIB [&Type "ArrayOfDoubles", &Dim (3,1)] "Nuclear contribution"
                                                         0

0                                     -3.7982629704071940e+00
1                                     -3.3527813958396564e+00
2                                     -2.0491769103145856e+00
   &DIPOLETOTAL [&Type "ArrayOfDoubles", &Dim (3,1)] "Total"
                                                         0

0                                     -1.5502153516086383e+00
1                                     -1.8455536531321837e+00
2                                     -1.2119109012808726e-01
   &DIPOLEMAGNITUDE [&Type "Double", &Units "a.u."]       2.4132805894216021e+00
$End
