*************************************************
******************* ORCA 6.0.1 ******************
*************************************************
$Calculation_Status
   &GeometryIndex 1
   &ListStatus       OUT
   &VERSION [&Type "String"] "6.0.1"
   &PROGNAME [&Type "String"] "LeanSCF"
   &STATUS [&Type "String"] "NORMAL TERMINATION"
$End
$Geometry
   &GeometryIndex 1
   &ListStatus       OUT
   &NATOMS [&Type "Integer"] 24
   &NCORELESSECP [&Type "Integer"] 0
   &NGHOSTATOMS [&Type "Integer"] 0
   &CartesianCoordinates [&Type "Coordinates", &Dim(24,4), &Units "Bohr"] 
              C     81.948010107515   31.402967229140   87.870200267584
              H     83.041566040448   29.758226786141   87.302255022790
              H     82.721606944891   33.271227081971   87.473638693268
              C     80.019064052521   31.108105696790   89.644544211534
              C     78.824128268238   33.349339648794   91.101967252758
              O     79.688744566320   35.552761751946   90.794253580550
              O     77.092730581742   32.802722047506   92.610675162546
              O     79.051586789264   28.942314891134   90.045613995538
              C     76.479809098461   28.040583632249   86.999139781967
              H     75.770146702979   26.329766375894   87.910336850719
              C     78.458717921431   27.901311635959   85.298079977161
              H     79.488046177772   26.139612151401   85.037371857295
              C     79.407465682545   30.126771855816   84.240926309223
              C     77.802779559256   32.383989470274   84.243340076595
              H     78.460095854187   33.942565015806   83.053453746108
              C     75.653669415823   32.492628821193   85.586887974042
              H     74.493690558302   34.200773226088   85.579089854302
              C     74.715344176505   30.286464249281   87.123619066629
              H     74.558520562095   30.880431616950   89.121437745726
              O     72.342345780050   29.566460345817   86.139880613074
              H     71.484767976419   28.222695787037   87.323184361307
              C     81.627771896379   30.007329311793   82.402938005019
              O     82.930782075716   28.029239791868   82.357368969829
              O     81.980530009908   31.908642316521   81.035406294890
$End
$SCF_Energy
   &GeometryIndex 1
   &ListStatus       OUT
   &SCF_ENERGY [&Type "Double"]      -8.3605448927377302e+02
$End
$DFT_Energy
   &GeometryIndex 1
   &ListStatus       OUT
   &NALPHAEL [&Type "Integer"] 59
   &NBETAEL [&Type "Integer"] 59
   &NTOTALEL [&Type "Integer"] 118
   &EEXCHANGE [&Type "Double"]      -8.3076015145025636e+01
   &ECORR [&Type "Double"]      -4.8419691464527963e+00
   &ECNL [&Type "Double"]       0.0000000000000000e+00
   &EXC [&Type "Double"]      -8.7917984291478433e+01
   &EEMBED [&Type "Double"]       0.0000000000000000e+00
   &FINALEN [&Type "Double"]      -8.3605448927377302e+02  "No Van der Waals correction"
$End
$Mulliken_Population_Analysis
   &GeometryIndex 1
   &ListStatus       OUT
   &NATOMS [&Type "Integer"] 24
   &ATNO [&Type "ArrayOfIntegers", &Dim (24,1)] 
                                                         0

0                                                        6
1                                                        1
2                                                        1
3                                                        6
4                                                        6
5                                                        8
6                                                        8
7                                                        8
8                                                        6
9                                                        1
10                                                       6
11                                                       1
12                                                       6
13                                                       6
14                                                       1
15                                                       6
16                                                       1
17                                                       6
18                                                       1
19                                                       8
20                                                       1
21                                                       6
22                                                       8
23                                                       8
   &ATOMICCHARGES [&Type "ArrayOfDoubles", &Dim (24,1)] 
                                                         0

0                                      7.9912968994704237e-02
1                                     -2.2423894613406326e-02
2                                     -1.6750417687750208e-02
3                                     -4.1270925473913422e-02
4                                      6.0835439754328924e-02
5                                     -4.1230575762853938e-01
6                                     -4.0848828683139971e-01
7                                     -3.1349103379002408e-01
8                                      4.1000266844949174e-02
9                                     -7.7156783923390870e-02
10                                     3.9501904161356904e-02
11                                    -6.6011070513021908e-02
12                                    -1.4686488307528478e-01
13                                     7.7673220583038827e-02
14                                    -5.0149298017930555e-02
15                                    -4.4201199820065540e-02
16                                    -6.6449546602717291e-02
17                                     2.9648310922368282e-01
18                                     4.7315860672534349e-03
19                                    -3.6598595267973444e-01
20                                     1.4705007901285971e-01
21                                     9.4299983603803206e-02
22                                    -4.1130885807105244e-01
23                                    -3.9863064951774341e-01
$End
$Loewdin_Population_Analysis
   &GeometryIndex 1
   &ListStatus       OUT
   &NATOMS [&Type "Integer"] 24
   &ATNO [&Type "ArrayOfIntegers", &Dim (24,1)] 
                                                         0

0                                                        6
1                                                        1
2                                                        1
3                                                        6
4                                                        6
5                                                        8
6                                                        8
7                                                        8
8                                                        6
9                                                        1
10                                                       6
11                                                       1
12                                                       6
13                                                       6
14                                                       1
15                                                       6
16                                                       1
17                                                       6
18                                                       1
19                                                       8
20                                                       1
21                                                       6
22                                                       8
23                                                       8
   &ATOMICCHARGES [&Type "ArrayOfDoubles", &Dim (24,1)] 
                                                         0

0                                     -5.0293350197165410e-02
1                                      9.8363315618112956e-03
2                                      9.9313311202945398e-03
3                                     -3.1700980529002720e-02
4                                     -7.4342129472773522e-02
5                                     -3.8633957754771053e-01
6                                     -3.7466778963204561e-01
7                                     -1.9849646050384351e-01
8                                      3.7227432622858991e-02
9                                     -3.9693130872477944e-03
10                                    -4.8218180290461099e-02
11                                     6.4188024553791800e-03
12                                    -1.4957788078904244e-02
13                                    -3.1385968058978975e-03
14                                     1.4825979330442718e-02
15                                    -5.6847238676074774e-02
16                                     2.7872723210664585e-03
17                                     4.2953912040199604e-02
18                                     1.5944817333384820e-02
19                                    -1.8865026392698780e-01
20                                     8.7427505547388873e-02
21                                    -4.4918242341374537e-02
22                                    -3.8094228919793238e-01
23                                    -3.6987118404545249e-01
$End
$Mayer_Population_Analysis
   &GeometryIndex 1
   &ListStatus       OUT
   &NATOMS [&Type "Integer"] 24 "Total number of atoms"
   &BONDTHRESH [&Type "Double"]       1.0000000000000001e-01  "The threshold for printing"
   &NBONDORDERSPRINT [&Type "Integer"] 28 "The number of bond orders larger than threshold"
   &BONDORDERS [&Type "ArrayOfDoubles", &Dim (28,1)] "The bond orders"
                                                         0

0                                      8.9958640573126381e-01
1                                      9.2666458930428885e-01
2                                      1.4175200295893422e+00
3                                      1.2250508838854687e-01
4                                      3.6538224934448882e-01
5                                      8.0622023886404526e-01
6                                      1.6379999290935718e+00
7                                      1.8741576026410667e+00
8                                      1.8064088551853332e+00
9                                      1.2163731088725044e-01
10                                     2.8182263868600782e-01
11                                     9.4000216053653873e-01
12                                     1.4573771883794733e+00
13                                     9.9346346979970124e-01
14                                     9.5282524284558401e-01
15                                     1.3435054134261319e+00
16                                     1.0658398397697229e+00
17                                     8.2621443516984228e-01
18                                     9.6504102143385917e-01
19                                     1.7636101790497045e+00
20                                     9.6209197480451514e-01
21                                     9.8486426640156055e-01
22                                     8.6375952025151692e-01
23                                     9.6889861776977759e-01
24                                     9.5415467683909139e-01
25                                     1.8468697100533973e+00
26                                     1.8789080351284773e+00
27                                     1.2005110123838594e-01
   &COMPONENTS [&Type "ArrayOfIntegers", &Dim (28,4)] "The indices and atomic numbers of the bonding atoms"
                                                         0                           1                           2                           3

0                                                        0                           6                           1                           1
1                                                        0                           6                           2                           1
2                                                        0                           6                           3                           6
3                                                        0                           6                           8                           6
4                                                        0                           6                          12                           6
5                                                        3                           6                           4                           6
6                                                        3                           6                           7                           8
7                                                        4                           6                           5                           8
8                                                        4                           6                           6                           8
9                                                        5                           8                           6                           8
10                                                       7                           8                           8                           6
11                                                       8                           6                           9                           1
12                                                       8                           6                          10                           6
13                                                       8                           6                          17                           6
14                                                      10                           6                          11                           1
15                                                      10                           6                          12                           6
16                                                      12                           6                          13                           6
17                                                      12                           6                          21                           6
18                                                      13                           6                          14                           1
19                                                      13                           6                          15                           6
20                                                      15                           6                          16                           1
21                                                      15                           6                          17                           6
22                                                      17                           6                          18                           1
23                                                      17                           6                          19                           8
24                                                      19                           8                          20                           1
25                                                      21                           6                          22                           8
26                                                      21                           6                          23                           8
27                                                      22                           8                          23                           8
   &ATNO [&Type "ArrayOfIntegers", &Dim (24,1)] "Atomic number of the elements"
                                                         0

0                                                        6
1                                                        1
2                                                        1
3                                                        6
4                                                        6
5                                                        8
6                                                        8
7                                                        8
8                                                        6
9                                                        1
10                                                       6
11                                                       1
12                                                       6
13                                                       6
14                                                       1
15                                                       6
16                                                       1
17                                                       6
18                                                       1
19                                                       8
20                                                       1
21                                                       6
22                                                       8
23                                                       8
   &NA [&Type "ArrayOfDoubles", &Dim (24,1)] "Mulliken gross atomic population"
                                                         0

0                                      5.9200870310052887e+00
1                                      1.0224238946134061e+00
2                                      1.0167504176877464e+00
3                                      6.0412709254739196e+00
4                                      5.9391645602456915e+00
5                                      8.4123057576285358e+00
6                                      8.4084882868314335e+00
7                                      8.3134910337900205e+00
8                                      5.9589997331550499e+00
9                                      1.0771567839233906e+00
10                                     5.9604980958386440e+00
11                                     1.0660110705130212e+00
12                                     6.1468648830752830e+00
13                                     5.9223267794169638e+00
14                                     1.0501492980179310e+00
15                                     6.0442011998200877e+00
16                                     1.0664495466027182e+00
17                                     5.7035168907762888e+00
18                                     9.9526841393274623e-01
19                                     8.3659859526797522e+00
20                                     8.5294992098714062e-01
21                                     5.9057000163962012e+00
22                                     8.4113088580710471e+00
23                                     8.3986306495177274e+00
   &ZA [&Type "ArrayOfDoubles", &Dim (24,1)] "Total nuclear charge"
                                                         0

0                                      6.0000000000000000e+00
1                                      1.0000000000000000e+00
2                                      1.0000000000000000e+00
3                                      6.0000000000000000e+00
4                                      6.0000000000000000e+00
5                                      8.0000000000000000e+00
6                                      8.0000000000000000e+00
7                                      8.0000000000000000e+00
8                                      6.0000000000000000e+00
9                                      1.0000000000000000e+00
10                                     6.0000000000000000e+00
11                                     1.0000000000000000e+00
12                                     6.0000000000000000e+00
13                                     6.0000000000000000e+00
14                                     1.0000000000000000e+00
15                                     6.0000000000000000e+00
16                                     1.0000000000000000e+00
17                                     6.0000000000000000e+00
18                                     1.0000000000000000e+00
19                                     8.0000000000000000e+00
20                                     1.0000000000000000e+00
21                                     6.0000000000000000e+00
22                                     8.0000000000000000e+00
23                                     8.0000000000000000e+00
   &QA [&Type "ArrayOfDoubles", &Dim (24,1)] "Mulliken gross atomic charge"
                                                         0

0                                      7.9912968994711342e-02
1                                     -2.2423894613406103e-02
2                                     -1.6750417687746433e-02
3                                     -4.1270925473919640e-02
4                                      6.0835439754308496e-02
5                                     -4.1230575762853583e-01
6                                     -4.0848828683143346e-01
7                                     -3.1349103379002052e-01
8                                      4.1000266844950062e-02
9                                     -7.7156783923390648e-02
10                                     3.9501904161356016e-02
11                                    -6.6011070513021242e-02
12                                    -1.4686488307528300e-01
13                                     7.7673220583036162e-02
14                                    -5.0149298017930999e-02
15                                    -4.4201199820087744e-02
16                                    -6.6449546602718179e-02
17                                     2.9648310922371124e-01
18                                     4.7315860672537680e-03
19                                    -3.6598595267975220e-01
20                                     1.4705007901285938e-01
21                                     9.4299983603798765e-02
22                                    -4.1130885807104711e-01
23                                    -3.9863064951772742e-01
   &VA [&Type "ArrayOfDoubles", &Dim (24,1)] "Mayer's total valence"
                                                         0

0                                      3.8024888471236951e+00
1                                      1.0257460460301493e+00
2                                      1.0186078147648132e+00
3                                      4.0038512727071582e+00
4                                      4.4816690429226105e+00
5                                      2.0851491312583996e+00
6                                      2.0555835143766488e+00
7                                      2.1368711307736032e+00
8                                      3.9257151964532202e+00
9                                      9.8633476635017958e-01
10                                     3.8990726832359313e+00
11                                     1.0324421626302178e+00
12                                     3.6999532229361640e+00
13                                     3.8757349437225392e+00
14                                     1.0395530110751068e+00
15                                     3.8609195152931992e+00
16                                     9.8352085312671655e-01
17                                     3.8255548671316109e+00
18                                     1.0707543167016456e+00
19                                     1.9934639986378695e+00
20                                     1.0167838779356890e+00
21                                     4.5431511157741067e+00
22                                     2.0783682153359688e+00
23                                     2.1039287334709957e+00
   &BVA [&Type "ArrayOfDoubles", &Dim (24,1)] "Mayer's bonded valence"
                                                         0

0                                      3.8024888471237119e+00
1                                      1.0257460460301506e+00
2                                      1.0186078147648141e+00
3                                      4.0038512727071449e+00
4                                      4.4816690429225572e+00
5                                      2.0851491312583388e+00
6                                      2.0555835143766066e+00
7                                      2.1368711307736299e+00
8                                      3.9257151964532837e+00
9                                      9.8633476635017581e-01
10                                     3.8990726832359637e+00
11                                     1.0324421626302314e+00
12                                     3.6999532229361667e+00
13                                     3.8757349437225233e+00
14                                     1.0395530110750983e+00
15                                     3.8609195152931393e+00
16                                     9.8352085312671245e-01
17                                     3.8255548671316757e+00
18                                     1.0707543167016427e+00
19                                     1.9934639986378349e+00
20                                     1.0167838779356824e+00
21                                     4.5431511157741316e+00
22                                     2.0783682153359941e+00
23                                     2.1039287334709789e+00
   &FA [&Type "ArrayOfDoubles", &Dim (24,1)] "Mayer's free valence"
                                                         0

0                                      0.0000000000000000e+00
1                                      0.0000000000000000e+00
2                                      0.0000000000000000e+00
3                                      0.0000000000000000e+00
4                                      0.0000000000000000e+00
5                                      0.0000000000000000e+00
6                                      0.0000000000000000e+00
7                                      0.0000000000000000e+00
8                                      0.0000000000000000e+00
9                                      0.0000000000000000e+00
10                                     0.0000000000000000e+00
11                                     0.0000000000000000e+00
12                                     0.0000000000000000e+00
13                                     0.0000000000000000e+00
14                                     0.0000000000000000e+00
15                                     0.0000000000000000e+00
16                                     0.0000000000000000e+00
17                                     0.0000000000000000e+00
18                                     0.0000000000000000e+00
19                                     0.0000000000000000e+00
20                                     0.0000000000000000e+00
21                                     0.0000000000000000e+00
22                                     0.0000000000000000e+00
23                                     0.0000000000000000e+00
$End
$VdW_Correction
   &GeometryIndex 1
   &ListStatus       OUT
   &VDW [&Type "Double"]      -5.6075058905671160e-02
$End
$Calculation_Info
   &GeometryIndex 1
   &ListStatus       OUT
   &MULT [&Type "Integer"] 1
   &CHARGE [&Type "Integer"] -2
   &NUMOFATOMS [&Type "Integer"] 24
   &NUMOFELECTRONS [&Type "Integer"] 118
   &NUMOFFCELECTRONS [&Type "Integer"] 1
   &NUMOFCORRELECTRONS [&Type "Integer"] 0
   &NUMOFBASISFUNCTS [&Type "Integer"] 264
   &NUMOFAUXCBASISFUNCTS [&Type "Integer"] 0
   &NUMOFAUXJBASISFUNCTS [&Type "Integer"] 872
   &NUMOFAUXJKBASISFUNCTS [&Type "Integer"] 0
   &NUMOFCABSBASISFUNCTS [&Type "Integer"] 0
   &TOTALENERGY [&Type "Double"]      -8.3611056433267868e+02  "Hartrees"
$End
$SCF_Dipole_Moment
   &GeometryIndex 1
   &ListStatus       OUT
   &METHOD [&Type "String"] "SCF"
   &LEVEL [&Type "String"] "Relaxed density"
   &MULT [&Type "Integer"] 1
   &STATE [&Type "Integer"] -1
   &IRREP [&Type "Integer"] 0
   &NATOMS [&Type "Integer"] 24
   &DODIPOLEATOM [&Type "Boolean"] false
   &DIPOLEELECCONTRIB [&Type "ArrayOfDoubles", &Dim (3,1)] "Electronic contribution"
                                                         0

0                                      1.9014823080595071e+00
1                                      3.8598565081498110e-01
2                                      5.0237161446608103e-01
   &DIPOLENUCCONTRIB [&Type "ArrayOfDoubles", &Dim (3,1)] "Nuclear contribution"
                                                         0

0                                     -4.3868589787963828e+00
1                                     -2.1130509414601413e+00
2                                     -6.2302758480896614e-01
   &DIPOLETOTAL [&Type "ArrayOfDoubles", &Dim (3,1)] "Total"
                                                         0

0                                     -2.4853766707368754e+00
1                                     -1.7270652906451602e+00
2                                     -1.2065597034288511e-01
   &DIPOLEMAGNITUDE [&Type "Double", &Units "a.u."]       3.0289287837078227e+00
$End
