*************************************************
******************* ORCA 6.0.1 ******************
*************************************************
$Calculation_Status
   &GeometryIndex 1
   &ListStatus       OUT
   &VERSION [&Type "String"] "6.0.1"
   &PROGNAME [&Type "String"] "LeanSCF"
   &STATUS [&Type "String"] "NORMAL TERMINATION"
$End
$Geometry
   &GeometryIndex 1
   &ListStatus       OUT
   &NATOMS [&Type "Integer"] 24
   &NCORELESSECP [&Type "Integer"] 0
   &NGHOSTATOMS [&Type "Integer"] 0
   &CartesianCoordinates [&Type "Coordinates", &Dim(24,4), &Units "Bohr"] 
              C     78.501603199051   38.077914228857   84.074367174305
              H     80.110100308282   36.908481824461   83.548400271909
              H     78.769934207273   40.116707628447   84.068421983457
              C     76.470439615575   36.964930991733   85.340420729436
              C     74.358930009744   38.488954313931   86.669273141391
              O     74.753463197684   40.747681651942   87.231121743292
              O     72.379012747221   37.291809723412   87.220439721160
              O     76.196073781658   34.577653917913   85.328057314130
              C     74.624454497093   33.396233171498   81.730891033613
              H     74.469301989228   31.420003581278   82.301516560727
              C     76.776144180689   34.243346903545   80.528249080415
              H     78.451326576731   33.067633114514   80.386059728199
              C     77.027197313355   36.797634432887   79.909724000938
              C     74.753744060791   38.384007985181   79.885373405700
              H     74.970431074559   40.323385093098   79.215129539921
              C     72.511940517441   37.485151961899   80.677787887795
              H     70.838670216241   38.697790991845   80.648311387743
              C     72.168442639727   34.848582032915   81.688335494120
              H     71.472301654536   35.006598043973   83.649859159591
              O     70.405317881167   33.522093709188   80.162152800770
              H     69.565427917661   32.150991522234   81.228587201168
              C     79.353879912382   37.572550414848   78.383131426336
              O     81.159147646208   36.043144798019   78.221616166473
              O     79.260635947949   39.673672139600   77.272139601868
$End
$SCF_Energy
   &GeometryIndex 1
   &ListStatus       OUT
   &SCF_ENERGY [&Type "Double"]      -8.3605980865969445e+02
$End
$DFT_Energy
   &GeometryIndex 1
   &ListStatus       OUT
   &NALPHAEL [&Type "Integer"] 59
   &NBETAEL [&Type "Integer"] 59
   &NTOTALEL [&Type "Integer"] 118
   &EEXCHANGE [&Type "Double"]      -8.3086341375246434e+01
   &ECORR [&Type "Double"]      -4.8427848923930652e+00
   &ECNL [&Type "Double"]       0.0000000000000000e+00
   &EXC [&Type "Double"]      -8.7929126267639504e+01
   &EEMBED [&Type "Double"]       0.0000000000000000e+00
   &FINALEN [&Type "Double"]      -8.3605980865969445e+02  "No Van der Waals correction"
$End
$Mulliken_Population_Analysis
   &GeometryIndex 1
   &ListStatus       OUT
   &NATOMS [&Type "Integer"] 24
   &ATNO [&Type "ArrayOfIntegers", &Dim (24,1)] 
                                                         0

0                                                        6
1                                                        1
2                                                        1
3                                                        6
4                                                        6
5                                                        8
6                                                        8
7                                                        8
8                                                        6
9                                                        1
10                                                       6
11                                                       1
12                                                       6
13                                                       6
14                                                       1
15                                                       6
16                                                       1
17                                                       6
18                                                       1
19                                                       8
20                                                       1
21                                                       6
22                                                       8
23                                                       8
   &ATOMICCHARGES [&Type "ArrayOfDoubles", &Dim (24,1)] 
                                                         0

0                                      7.3548390331765745e-02
1                                     -2.5680561081037778e-02
2                                     -2.0580910167411259e-02
3                                     -3.1660494045519627e-02
4                                      6.7105508410668868e-02
5                                     -4.0175652434948184e-01
6                                     -4.1352700482597804e-01
7                                     -3.1883004258857106e-01
8                                      5.4490142366891980e-02
9                                     -7.9818260632545490e-02
10                                     3.4420901825750860e-02
11                                    -6.2349017894968162e-02
12                                    -1.3873834971788668e-01
13                                     7.0044325364285953e-02
14                                    -5.3058031129191274e-02
15                                    -5.1950244157509040e-02
16                                    -6.8934981431401976e-02
17                                     3.0038610082221773e-01
18                                     5.9406492024127733e-03
19                                    -3.5761197801068079e-01
20                                     1.4209619298656539e-01
21                                     9.2859057514528942e-02
22                                    -4.1051395689071768e-01
23                                    -4.0588091190215536e-01
$End
$Loewdin_Population_Analysis
   &GeometryIndex 1
   &ListStatus       OUT
   &NATOMS [&Type "Integer"] 24
   &ATNO [&Type "ArrayOfIntegers", &Dim (24,1)] 
                                                         0

0                                                        6
1                                                        1
2                                                        1
3                                                        6
4                                                        6
5                                                        8
6                                                        8
7                                                        8
8                                                        6
9                                                        1
10                                                       6
11                                                       1
12                                                       6
13                                                       6
14                                                       1
15                                                       6
16                                                       1
17                                                       6
18                                                       1
19                                                       8
20                                                       1
21                                                       6
22                                                       8
23                                                       8
   &ATOMICCHARGES [&Type "ArrayOfDoubles", &Dim (24,1)] 
                                                         0

0                                     -5.5963029821963772e-02
1                                      8.6377209086133666e-03
2                                      7.9840397785198025e-03
3                                     -3.0242109573894282e-02
4                                     -7.0342647185693608e-02
5                                     -3.7295480139475146e-01
6                                     -3.8013983991975842e-01
7                                     -2.0230559192582476e-01
8                                      4.0725988711573180e-02
9                                     -3.6792757455541558e-03
10                                    -4.8178639404781620e-02
11                                     6.9057421505640537e-03
12                                    -1.4325963728243352e-02
13                                    -5.8465169384733784e-03
14                                     1.4280375884271335e-02
15                                    -5.2448680913237844e-02
16                                     1.6590334730897105e-03
17                                     4.2528859152747955e-02
18                                     1.6681052667353757e-02
19                                    -1.8204758649140196e-01
20                                     7.7431256396061077e-02
21                                    -4.0429187179822357e-02
22                                    -3.8065275274547972e-01
23                                    -3.7727744615386172e-01
$End
$Mayer_Population_Analysis
   &GeometryIndex 1
   &ListStatus       OUT
   &NATOMS [&Type "Integer"] 24 "Total number of atoms"
   &BONDTHRESH [&Type "Double"]       1.0000000000000001e-01  "The threshold for printing"
   &NBONDORDERSPRINT [&Type "Integer"] 29 "The number of bond orders larger than threshold"
   &BONDORDERS [&Type "ArrayOfDoubles", &Dim (29,1)] "The bond orders"
                                                         0

0                                      9.0293704187873125e-01
1                                      9.3094124021185565e-01
2                                      1.4184947015071983e+00
3                                      1.2104255388174211e-01
4                                      3.6391820373730721e-01
5                                      8.0909961010642262e-01
6                                      1.6365077535786692e+00
7                                      1.8859243883785890e+00
8                                      1.7850978495294778e+00
9                                      1.2276955455920459e-01
10                                     1.3377040685994004e-01
11                                     2.7162139739388735e-01
12                                     9.4049568465917077e-01
13                                     1.4616298403561572e+00
14                                     9.8772124227048519e-01
15                                     9.5136438518282718e-01
16                                     1.3450885041725571e+00
17                                     1.0578703915348555e+00
18                                     8.3006602327577850e-01
19                                     9.7051390440800067e-01
20                                     1.7731047246735974e+00
21                                     9.5858180075326938e-01
22                                     9.8258911076895006e-01
23                                     8.4577232618651232e-01
24                                     9.6817318622196424e-01
25                                     9.7022753987056087e-01
26                                     1.8442629454884145e+00
27                                     1.8825740201829466e+00
28                                     1.2053452820115590e-01
   &COMPONENTS [&Type "ArrayOfIntegers", &Dim (29,4)] "The indices and atomic numbers of the bonding atoms"
                                                         0                           1                           2                           3

0                                                        0                           6                           1                           1
1                                                        0                           6                           2                           1
2                                                        0                           6                           3                           6
3                                                        0                           6                           8                           6
4                                                        0                           6                          12                           6
5                                                        3                           6                           4                           6
6                                                        3                           6                           7                           8
7                                                        4                           6                           5                           8
8                                                        4                           6                           6                           8
9                                                        5                           8                           6                           8
10                                                       6                           8                          18                           1
11                                                       7                           8                           8                           6
12                                                       8                           6                           9                           1
13                                                       8                           6                          10                           6
14                                                       8                           6                          17                           6
15                                                      10                           6                          11                           1
16                                                      10                           6                          12                           6
17                                                      12                           6                          13                           6
18                                                      12                           6                          21                           6
19                                                      13                           6                          14                           1
20                                                      13                           6                          15                           6
21                                                      15                           6                          16                           1
22                                                      15                           6                          17                           6
23                                                      17                           6                          18                           1
24                                                      17                           6                          19                           8
25                                                      19                           8                          20                           1
26                                                      21                           6                          22                           8
27                                                      21                           6                          23                           8
28                                                      22                           8                          23                           8
   &ATNO [&Type "ArrayOfIntegers", &Dim (24,1)] "Atomic number of the elements"
                                                         0

0                                                        6
1                                                        1
2                                                        1
3                                                        6
4                                                        6
5                                                        8
6                                                        8
7                                                        8
8                                                        6
9                                                        1
10                                                       6
11                                                       1
12                                                       6
13                                                       6
14                                                       1
15                                                       6
16                                                       1
17                                                       6
18                                                       1
19                                                       8
20                                                       1
21                                                       6
22                                                       8
23                                                       8
   &NA [&Type "ArrayOfDoubles", &Dim (24,1)] "Mulliken gross atomic population"
                                                         0

0                                      5.9264516096682129e+00
1                                      1.0256805610810384e+00
2                                      1.0205809101674117e+00
3                                      6.0316604940455143e+00
4                                      5.9328944915893347e+00
5                                      8.4017565243494605e+00
6                                      8.4135270048259994e+00
7                                      8.3188300425885835e+00
8                                      5.9455098576331169e+00
9                                      1.0798182606325442e+00
10                                     5.9655790981742678e+00
11                                     1.0623490178949668e+00
12                                     6.1387383497178991e+00
13                                     5.9299556746357123e+00
14                                     1.0530580311291886e+00
15                                     6.0519502441575126e+00
16                                     1.0689349814314006e+00
17                                     5.6996138991778000e+00
18                                     9.9405935079758811e-01
19                                     8.3576119780106666e+00
20                                     8.5790380701343394e-01
21                                     5.9071409424854746e+00
22                                     8.4105139568906981e+00
23                                     8.4058809119021625e+00
   &ZA [&Type "ArrayOfDoubles", &Dim (24,1)] "Total nuclear charge"
                                                         0

0                                      6.0000000000000000e+00
1                                      1.0000000000000000e+00
2                                      1.0000000000000000e+00
3                                      6.0000000000000000e+00
4                                      6.0000000000000000e+00
5                                      8.0000000000000000e+00
6                                      8.0000000000000000e+00
7                                      8.0000000000000000e+00
8                                      6.0000000000000000e+00
9                                      1.0000000000000000e+00
10                                     6.0000000000000000e+00
11                                     1.0000000000000000e+00
12                                     6.0000000000000000e+00
13                                     6.0000000000000000e+00
14                                     1.0000000000000000e+00
15                                     6.0000000000000000e+00
16                                     1.0000000000000000e+00
17                                     6.0000000000000000e+00
18                                     1.0000000000000000e+00
19                                     8.0000000000000000e+00
20                                     1.0000000000000000e+00
21                                     6.0000000000000000e+00
22                                     8.0000000000000000e+00
23                                     8.0000000000000000e+00
   &QA [&Type "ArrayOfDoubles", &Dim (24,1)] "Mulliken gross atomic charge"
                                                         0

0                                      7.3548390331787061e-02
1                                     -2.5680561081038444e-02
2                                     -2.0580910167411703e-02
3                                     -3.1660494045514298e-02
4                                      6.7105508410665315e-02
5                                     -4.0175652434946052e-01
6                                     -4.1352700482599936e-01
7                                     -3.1883004258858350e-01
8                                      5.4490142366883099e-02
9                                     -7.9818260632544158e-02
10                                     3.4420901825732209e-02
11                                    -6.2349017894966829e-02
12                                    -1.3873834971789911e-01
13                                     7.0044325364287729e-02
14                                    -5.3058031129188610e-02
15                                    -5.1950244157512593e-02
16                                    -6.8934981431400644e-02
17                                     3.0038610082219996e-01
18                                     5.9406492024118851e-03
19                                    -3.5761197801066658e-01
20                                     1.4209619298656606e-01
21                                     9.2859057514525389e-02
22                                    -4.1051395689069814e-01
23                                    -4.0588091190216247e-01
   &VA [&Type "ArrayOfDoubles", &Dim (24,1)] "Mayer's total valence"
                                                         0

0                                      3.8232226960218338e+00
1                                      1.0175666389676727e+00
2                                      1.0112071979774899e+00
3                                      4.0046159815210487e+00
4                                      4.4802925901569175e+00
5                                      2.0901602575761755e+00
6                                      2.0661507625944857e+00
7                                      2.1295834617296872e+00
8                                      3.9093740600520368e+00
9                                      9.8747677598284123e-01
10                                     3.9028982558263872e+00
11                                     1.0413778524620820e+00
12                                     3.6897733241947677e+00
13                                     3.8858751386719601e+00
14                                     1.0304708626756156e+00
15                                     3.8847711355422714e+00
16                                     9.8319528716135474e-01
17                                     3.7915216791661908e+00
18                                     1.0919042972870352e+00
19                                     1.9980862618882476e+00
20                                     1.0214963870771427e+00
21                                     4.5498286464069571e+00
22                                     2.0799987510245179e+00
23                                     2.0950825244953619e+00
   &BVA [&Type "ArrayOfDoubles", &Dim (24,1)] "Mayer's bonded valence"
                                                         0

0                                      3.8232226960218738e+00
1                                      1.0175666389676812e+00
2                                      1.0112071979774790e+00
3                                      4.0046159815210842e+00
4                                      4.4802925901569228e+00
5                                      2.0901602575762093e+00
6                                      2.0661507625944497e+00
7                                      2.1295834617296592e+00
8                                      3.9093740600520075e+00
9                                      9.8747677598285011e-01
10                                     3.9028982558262992e+00
11                                     1.0413778524620656e+00
12                                     3.6897733241947201e+00
13                                     3.8858751386719987e+00
14                                     1.0304708626756300e+00
15                                     3.8847711355422834e+00
16                                     9.8319528716136906e-01
17                                     3.7915216791661428e+00
18                                     1.0919042972870321e+00
19                                     1.9980862618882616e+00
20                                     1.0214963870771465e+00
21                                     4.5498286464069748e+00
22                                     2.0799987510245375e+00
23                                     2.0950825244953100e+00
   &FA [&Type "ArrayOfDoubles", &Dim (24,1)] "Mayer's free valence"
                                                         0

0                                      0.0000000000000000e+00
1                                      0.0000000000000000e+00
2                                      0.0000000000000000e+00
3                                      0.0000000000000000e+00
4                                      0.0000000000000000e+00
5                                      0.0000000000000000e+00
6                                      0.0000000000000000e+00
7                                      0.0000000000000000e+00
8                                      0.0000000000000000e+00
9                                      0.0000000000000000e+00
10                                     0.0000000000000000e+00
11                                     0.0000000000000000e+00
12                                     0.0000000000000000e+00
13                                     0.0000000000000000e+00
14                                     0.0000000000000000e+00
15                                     0.0000000000000000e+00
16                                     0.0000000000000000e+00
17                                     0.0000000000000000e+00
18                                     0.0000000000000000e+00
19                                     0.0000000000000000e+00
20                                     0.0000000000000000e+00
21                                     0.0000000000000000e+00
22                                     0.0000000000000000e+00
23                                     0.0000000000000000e+00
$End
$VdW_Correction
   &GeometryIndex 1
   &ListStatus       OUT
   &VDW [&Type "Double"]      -5.6142097702775298e-02
$End
$Calculation_Info
   &GeometryIndex 1
   &ListStatus       OUT
   &MULT [&Type "Integer"] 1
   &CHARGE [&Type "Integer"] -2
   &NUMOFATOMS [&Type "Integer"] 24
   &NUMOFELECTRONS [&Type "Integer"] 118
   &NUMOFFCELECTRONS [&Type "Integer"] 1
   &NUMOFCORRELECTRONS [&Type "Integer"] 0
   &NUMOFBASISFUNCTS [&Type "Integer"] 264
   &NUMOFAUXCBASISFUNCTS [&Type "Integer"] 0
   &NUMOFAUXJBASISFUNCTS [&Type "Integer"] 872
   &NUMOFAUXJKBASISFUNCTS [&Type "Integer"] 0
   &NUMOFCABSBASISFUNCTS [&Type "Integer"] 0
   &TOTALENERGY [&Type "Double"]      -8.3611595075739729e+02  "Hartrees"
$End
$SCF_Dipole_Moment
   &GeometryIndex 1
   &ListStatus       OUT
   &METHOD [&Type "String"] "SCF"
   &LEVEL [&Type "String"] "Relaxed density"
   &MULT [&Type "Integer"] 1
   &STATE [&Type "Integer"] -1
   &IRREP [&Type "Integer"] 0
   &NATOMS [&Type "Integer"] 24
   &DODIPOLEATOM [&Type "Boolean"] false
   &DIPOLEELECCONTRIB [&Type "ArrayOfDoubles", &Dim (3,1)] "Electronic contribution"
                                                         0

0                                      1.4305601792161462e+00
1                                      8.6654302782284309e-01
2                                      7.2739640195688493e-01
   &DIPOLENUCCONTRIB [&Type "ArrayOfDoubles", &Dim (3,1)] "Nuclear contribution"
                                                         0

0                                     -3.2154985408759842e+00
1                                     -3.1290622969902735e+00
2                                     -1.1751838526602967e+00
   &DIPOLETOTAL [&Type "ArrayOfDoubles", &Dim (3,1)] "Total"
                                                         0

0                                     -1.7849383616598380e+00
1                                     -2.2625192691674303e+00
2                                     -4.4778745070341175e-01
   &DIPOLEMAGNITUDE [&Type "Double", &Units "a.u."]       2.9164210943014197e+00
$End
