Image  Energy(Eh)  dE(kcal/mol)  State     RMSF(eV/Ang)    MaxF(eV/Ang)
---------------------------------------------------------------------------
 0    -839.304381       0.00      active      0.0010          0.0010
 1    -839.294050       6.48      active      0.0287          0.0801
 2    -839.272908      19.75      active      0.0554          0.1269
 3    -839.259594      28.10      active      0.0587          0.1392
 4    -839.249172      34.64      active      0.1264          0.4498
 5    -839.224793      49.94      active      0.3346          1.0387
 6    -839.192072      70.48      active      0.1773          0.7358
 7    -839.181157      77.32      active      0.1800          0.8308
 8    -839.215376      55.85      active      0.1262          0.5054
 9    -839.252486      32.56      active      0.1551          0.5238
 10   -839.263339      25.75      active      0.1435          0.3389
 11   -839.273385      19.45      active      0.1398          0.6970
 12   -839.281650      14.26      active      0.0545          0.1377
 13   -839.308002      -2.27      active      0.0297          0.0860
---------------------------------------------------------------------------
