Image  Energy(Eh)  dE(kcal/mol)  State     RMSF(eV/Ang)    MaxF(eV/Ang)
---------------------------------------------------------------------------
 0    -840.180472       0.00      active      0.0081          0.0432
 1    -840.146075      21.58      active      0.1165          0.4838
 2    -840.138789      26.16      active      0.1068          0.4672
 3    -840.152883      17.31      active      0.0849          0.2532
 4    -840.134470      28.87      active      0.0739          0.1985
 5    -840.123133      35.98      active      0.0989          0.2911
 6    -840.124649      35.03      active      0.1701          0.6536
 7    -840.156418      15.09      active      0.3758          1.3717
 8    -840.168534       7.49      active      0.6688          3.2593
 9    -840.231641     -32.11      active      0.5704          2.0504
 10   -840.146336      21.42      active      0.3334          0.9712
 11   -840.122738      36.23      active      0.0645          0.1468
 12   -840.146508      21.31      active      0.1918          0.8342
 13   -840.164493      10.03      active      0.1328          0.5721
---------------------------------------------------------------------------
