Image  Energy(Eh)  dE(kcal/mol)  State     RMSF(eV/Ang)    MaxF(eV/Ang)
---------------------------------------------------------------------------
 0    -839.543371       0.00      active      0.0010          0.0025
 1    -839.522059      13.37      active      0.0645          0.0892
 2    -839.492094      32.18      active      0.1642          0.4315
 3    -839.480169      39.66      active      0.0250          0.0635
 4    -839.479467      40.10      active      0.0245          0.0553
 5    -839.474768      43.05      active      0.0626          0.2230
 6    -839.472365      44.56      active      0.0896          0.2550
 7    -839.507102      22.76      active      0.2841          0.7372
 8    -839.514232      18.29      active      0.7386          3.8666
 9    -839.493672      31.19      active      1.2789          4.5944
 10   -839.466113      48.48      active      1.5244          5.0961
 11   -839.515736      17.34      active      0.2908          1.6249
 12   -839.536291       4.44      active      0.1257          0.2908
 13   -839.550006      -4.16      active      0.0016          0.0049
---------------------------------------------------------------------------
