Image  Energy(Eh)  dE(kcal/mol)  State     RMSF(eV/Ang)    MaxF(eV/Ang)
---------------------------------------------------------------------------
 0    -840.650769       0.00      active      0.0005          0.0013
 1    -840.631366      12.18      active      0.0641          0.2210
 2    -840.598645      32.71      active      0.0492          0.1691
 3    -840.603734      29.51      active      0.0566          0.2735
 4    -840.617329      20.98      active      0.0589          0.2359
 5    -840.606939      27.50      active      0.0444          0.1483
 6    -840.600362      31.63      active      0.0637          0.1920
 7    -840.592298      36.69      active      0.0763          0.2575
 8    -840.582454      42.87      active      0.0611          0.2118
 9    -840.570502      50.37      active      0.0687          0.2240
 10   -840.596983      33.75      active      0.1909          0.6570
 11   -840.619790      19.44      active      0.0992          0.2293
 12   -840.647869       1.82      active      0.2032          0.8155
 13   -840.685340     -21.69      active      0.0288          0.1008
---------------------------------------------------------------------------
