 1    -836.638423      11.30      active      0.0817          0.2411
 2    -836.608978      29.77      active      0.0942          0.3261
 3    -836.628291      17.65      active      0.0578          0.1813
 4    -836.620071      22.81      active      0.0421          0.1569
 5    -836.619968      22.88      active      0.0449          0.1074
 6    -836.627917      17.89      active      0.1145          0.3803
 7    -836.626823      18.58      active      0.0516          0.2254
 8    -836.628572      17.48      active      0.0864          0.3901
 9    -836.618834      23.59      active      0.0612          0.1297
 10   -836.651541       3.06      active      0.1737          0.7896
 11   -836.684979     -17.92      frozen      0.0099          0.0287
CI is active
