 1    -836.663647      11.99      active      0.0590          0.1120
 2    -836.651866      19.39      active      0.0561          0.0513
 3    -836.626764      35.14      active      0.2050          0.6656
 4    -836.608866      46.37      active      0.0579          0.1427
 5    -836.617498      40.95      active      0.0482          0.0714
 6    -836.629441      33.46      active      0.0591          0.0944
 7    -836.642668      25.16      active      0.0520          0.0797
 8    -836.647734      21.98      active      0.0814          0.2140
 9    -836.636193      29.22      active      0.0838          0.2113
 10   -836.673082       6.07      active      0.2511          0.9401
 11   -836.717718     -21.94      frozen      0.0140          0.0603
CI is active
