Image  Energy(Eh)  dE(kcal/mol)  State     RMSF(eV/Ang)    MaxF(eV/Ang)
---------------------------------------------------------------------------
 0    -840.636194       0.00      active      0.0018          0.0047
 1    -840.624674       7.23      active      0.0260          0.1019
 2    -840.618358      11.19      active      0.0278          0.0540
 3    -840.613991      13.93      active      0.0941          0.2022
 4    -840.590634      28.59      active      0.1035          0.3114
 5    -840.584749      32.28      active      0.0350          0.0926
 6    -840.585969      31.52      active      0.0414          0.0950
 7    -840.591337      28.15      active      0.0525          0.1103
 8    -840.599456      23.05      active      0.0784          0.2003
 9    -840.612740      14.72      active      0.0996          0.3367
 10   -840.618680      10.99      active      0.0713          0.1955
 11   -840.608805      17.19      active      0.0694          0.2138
 12   -840.633118       1.93      active      0.2535          0.8630
 13   -840.682742     -29.21      active      0.0013          0.0043
---------------------------------------------------------------------------
