Image  Energy(Eh)  dE(kcal/mol)  State     RMSF(eV/Ang)    MaxF(eV/Ang)
---------------------------------------------------------------------------
 0    -834.887373       0.00      active      0.0045          0.0094
 1    -834.872486       9.34      active      0.0274          0.0560
 2    -834.868038      12.13      active      0.0510          0.2621
 3    -834.864204      14.54      active      0.0339          0.1059
 4    -834.858053      18.40      active      0.0591          0.2085
 5    -834.850558      23.10      active      0.2437          0.7905
 6    -834.827003      37.88      active      0.2469          0.6689
 7    -834.856251      19.53      active      0.2475          0.7907
 8    -834.856262      19.52      active      0.2925          0.8965
 9    -834.858677      18.01      active      0.1388          0.3980
 10   -834.866622      13.02      active      0.0440          0.0898
 11   -834.869214      11.39      active      0.0431          0.1148
 12   -834.869922      10.95      active      0.0471          0.1469
 13   -834.874237       8.24      active      0.0062          0.0120
---------------------------------------------------------------------------
