Image  Energy(Eh)  dE(kcal/mol)  State     RMSF(eV/Ang)    MaxF(eV/Ang)
---------------------------------------------------------------------------
 0    -839.508046       0.00      active      0.0087          0.0390
 1    -839.488372      12.35      active      0.0747          0.1141
 2    -839.468697      24.69      active      0.1292          0.2649
 3    -839.439905      42.76      active      0.1882          0.3252
 4    -839.425748      51.64      active      0.1154          0.3487
 5    -839.407160      63.31      active      0.1599          0.6158
 6    -839.384308      77.65      active      0.1329          0.6363
 7    -839.389297      74.52      active      0.1574          0.6582
 8    -839.409008      62.15      active      0.1329          0.4877
 9    -839.422246      53.84      active      0.0963          0.2743
 10   -839.426798      50.98      active      0.0414          0.0917
 11   -839.445514      39.24      active      0.2194          0.7021
 12   -839.479054      18.19      active      0.0522          0.2370
 13   -839.492416       9.81      active      0.0147          0.0656
---------------------------------------------------------------------------
