Image  Energy(Eh)  dE(kcal/mol)  State     RMSF(eV/Ang)    MaxF(eV/Ang)
---------------------------------------------------------------------------
 0    -839.402724       0.00      active      0.0014          0.0031
 1    -839.377959      15.54      active      0.0554          0.1367
 2    -839.325097      48.71      active      0.2361          0.8289
 3    -839.355592      29.58      active      0.4244          2.1603
 4    -839.130894     170.58      active      0.2302          1.0761
 5    -839.229500     108.70      active      0.6779          2.7144
 6    -839.319139      52.45      active      0.3892          1.4113
 7    -839.329622      45.87      active      0.3499          1.4479
 8    -839.378243      15.36      active      1.1526          4.8930
 9    -839.357648      28.29      active      0.3920          1.6539
 10   -839.423987     -13.34      active      0.1229          0.3593
 11   -839.415849      -8.24      active      0.2063          0.5118
 12   -839.472555     -43.82      active      0.0774          0.1674
 13   -839.521565     -74.57      active      0.0006          0.0012
---------------------------------------------------------------------------
