Image  Energy(Eh)  dE(kcal/mol)  State     RMSF(eV/Ang)    MaxF(eV/Ang)
---------------------------------------------------------------------------
 0    -838.507673       0.00      active      0.0010          0.0025
 1    -838.488821      11.83      active      0.0498          0.1224
 2    -838.458971      30.56      active      0.0642          0.1657
 3    -838.461009      29.28      active      0.0582          0.1276
 4    -838.468165      24.79      active      0.3456          1.3315
 5    -838.451548      35.22      active      2.2074          9.3851
 6    -838.432952      46.89      active      2.8403         10.3121
 7    -838.483483      15.18      active      1.4589          4.1911
 8    -838.533997     -16.52      active      0.4877          1.9872
 9    -838.472160      22.28      active      0.5081          1.5938
 10   -838.473915      21.18      active      0.1057          0.3806
 11   -838.492585       9.47      active      0.1068          0.2552
 12   -838.497496       6.39      active      0.1922          0.4514
 13   -838.538785     -19.52      active      0.0009          0.0027
---------------------------------------------------------------------------
