Image  Energy(Eh)  dE(kcal/mol)  State     RMSF(eV/Ang)    MaxF(eV/Ang)
---------------------------------------------------------------------------
 0    -839.618491       0.00      active      0.0003          0.0004
 1    -839.608970       5.97      active      0.0361          0.2034
 2    -839.594397      15.12      active      0.0630          0.4077
 3    -839.586077      20.34      active      0.0192          0.0892
 4    -839.593215      15.86      active      0.0505          0.1454
 5    -839.599527      11.90      active      0.0304          0.1250
 6    -839.585280      20.84      active      0.2460          1.1338
 7    -839.586032      20.37      active      0.7622          1.8618
 8    -839.652102     -21.09      active      0.3910          0.8609
 9    -839.675602     -35.84      active      0.2534          0.8632
 10   -839.608992       5.96      active      0.5631          1.1011
 11   -839.586945      19.80      active      0.0237          0.0912
 12   -839.611336       4.49      active      0.2540          1.1177
 13   -839.667299     -30.63      active      0.0001          0.0002
---------------------------------------------------------------------------
