Image  Energy(Eh)  dE(kcal/mol)  State     RMSF(eV/Ang)    MaxF(eV/Ang)
---------------------------------------------------------------------------
 0    -837.326774       0.00      active      0.0012          0.0040
 1    -837.276868      31.32      active      0.1395          0.5027
 2    -837.257629      43.39      active      0.2009          0.9104
 3    -837.223384      64.88      active      0.8927          3.6945
 4    -837.135750     119.87      active      0.9142          3.7823
 5    -837.044154     177.35      active      0.2455          0.8701
 6    -837.180099      92.04      active      1.2466          5.8727
 7    -837.235491      57.28      active      0.1512          0.7390
 8    -837.223246      64.96      active      1.3051          4.8999
 9    -837.070333     160.92      active      0.4531          2.0903
 10   -837.193871      83.40      active      1.2919          5.8246
 11   -837.225912      63.29      active      0.1179          0.1795
 12   -837.245524      50.98      active      0.3749          0.9298
 13   -837.312368       9.04      active      0.0022          0.0058
---------------------------------------------------------------------------
