Image  Energy(Eh)  dE(kcal/mol)  State     RMSF(eV/Ang)    MaxF(eV/Ang)
---------------------------------------------------------------------------
 0    -839.460669       0.00      active      0.0008          0.0032
 1    -839.439997      12.97      active      0.0607          0.1295
 2    -839.451742       5.60      active      0.0688          0.3456
 3    -839.425043      22.36      active      0.1311          0.6495
 4    -839.441043      12.31      active      0.0740          0.3070
 5    -839.430517      18.92      active      0.1234          0.2313
 6    -839.383031      48.72      active      0.1096          0.3456
 7    -839.349474      69.78      active      0.1661          0.6996
 8    -839.326306      84.31      active      0.0431          0.0784
 9    -839.353330      67.36      active      0.1613          0.8372
 10   -839.380377      50.38      active      0.0995          0.4784
 11   -839.398172      39.22      active      0.0730          0.2177
 12   -839.447829       8.06      active      0.2557          0.7665
 13   -839.511910     -32.15      active      0.0008          0.0020
---------------------------------------------------------------------------
