Image  Energy(Eh)  dE(kcal/mol)  State     RMSF(eV/Ang)    MaxF(eV/Ang)
---------------------------------------------------------------------------
 0    -836.238634       0.00      active      0.0011          0.0025
 1    -836.223033       9.79      active      0.0364          0.0857
 2    -836.215839      14.30      active      0.0207          0.0596
 3    -836.207943      19.26      active      0.0860          0.2358
 4    -836.173183      41.07      active      0.0808          0.2458
 5    -836.146852      57.59      active      0.1707          0.5330
 6    -836.115047      77.55      active      0.1644          0.5412
 7    -836.127951      69.45      active      0.1488          0.5539
 8    -836.151303      54.80      active      0.1378          0.4349
 9    -836.168045      44.30      active      0.1034          0.2798
 10   -836.196331      26.55      active      0.2295          0.5910
 11   -836.224324       8.98      active      0.0772          0.1769
 12   -836.231498       4.48      active      0.0507          0.1956
 13   -836.267473     -18.10      active      0.0534          0.2151
---------------------------------------------------------------------------
